1.225E-03
1.427E-03
1.499E-03
1.683E-03
1.747E-03
2.024E-03
2.057E-03
2.235E-03
2.472E-03
2.480E-03
2.726E-03
2.745E-03
3.018E-03
3.066E-03
3.330E-03
3.471E-03
3.740E-03
3.981E-03
4.232E-03
4.570E-03
4.832E-03
5.297E-03
5.563E-03
6.315E-03
6.456E-03
7.669E-03
7.749E-03
8.506E-03
9.328E-03
9.550E-03
1.027E-02
1.071E-02
1.157E-02
1.202E-02
1.293E-02
1.347E-02
1.458E-02
1.539E-02
1.658E-02
1.763E-02
1.906E-02
2.090E-02
2.213E-02
2.506E-02
2.625E-02
3.167E-02
3.487E-02
3.926E-02
4.435E-02
4.459E-02
4.999E-02
5.042E-02
5.625E-02
5.721E-02
6.207E-02
6.481E-02
6.812E-02
7.146E-02
7.255E-02
7.341E-02
8.545E-02
8.809E-02
9.253E-02
1.064E-01
1.070E-01
1.103E-01
1.330E-01
1.338E-01
1.399E-01
1.403E-01
1.439E-01
1.462E-01
1.466E-01
1.501E-01
1.505E-01
1.887E-01
2.281E-01
2.751E-01
2.980E-01
3.176E-01
3.297E-01
3.377E-01
3.633E-01
3.754E-01
3.795E-01
3.889E-01
2.5600E+01 2.349E-03
2.6600E+01 5.029E-03
2.7600E+01 8.051E-03
2.8600E+01 1.130E-02
2.9600E+01 1.441E-02
3.0600E+01 1.747E-02
3.1600E+01 2.005E-02
3.2600E+01 2.295E-02
3.3600E+01 2.559E-02
3.4600E+01 2.759E-02
4.0000E+01 3.631E-02
4.5000E+01 4.178E-02
5.0000E+01 4.235E-02
5.5000E+01 4.458E-02
6.0000E+01 4.427E-02
6.5000E+01 4.246E-02
7.0000E+01 4.079E-02
7.5000E+01 4.045E-02
8.0000E+01 3.816E-02
8.5000E+01 3.727E-02
1.0000E+02 3.139E-02
1.1000E+02 2.943E-02
1.2000E+02 2.572E-02
1.3000E+02 2.441E-02
1.4000E+02 2.109E-02
1.5000E+02 2.009E-02
1.6000E+02 1.820E-02
1.7000E+02 1.630E-02
1.8000E+02 1.505E-02
1.9000E+02 1.408E-02
2.1000E+02 1.218E-02
2.3000E+02 1.053E-02
2.5000E+02 9.607E-03
2.7000E+02 8.632E-03
2.9000E+02 7.421E-03
3.1000E+02 7.135E-03
3.3000E+02 6.521E-03
3.5000E+02 5.933E-03
3.7000E+02 5.403E-03
3.9000E+02 4.952E-03
4.3000E+02 4.259E-03
4.7000E+02 3.748E-03
5.1000E+02 3.318E-03
