0.000E+00
0.000E+00
0.000E+00
0.000E+00
0.000E+00
0.000E+00
0.000E+00
0.000E+00
0.000E+00
0.000E+00
0.000E+00
0.000E+00
0.000E+00
0.000E+00
0.000E+00
0.000E+00
0.000E+00
0.000E+00
0.000E+00
0.000E+00
0.000E+00
0.000E+00
0.000E+00
0.000E+00
0.000E+00
0.000E+00
0.000E+00
0.000E+00
0.000E+00
0.000E+00
2.844E-05
1.090E-04
7.854E-04
8.696E-04
9.821E-04
1.151E-03
1.264E-03
1.290E-03
1.391E-03
1.442E-03
1.475E-03
1.539E-03
1.631E-03
1.823E-03
1.825E-03
1.911E-03
1.912E-03
1.950E-03
2.086E-03
2.099E-03
2.308E-03
2.428E-03
2.473E-03
2.603E-03
2.615E-03
2.913E-03
3.022E-03
3.102E-03
3.161E-03
3.255E-03
3.373E-03
3.435E-03
3.524E-03
3.570E-03
3.717E-03
3.788E-03
4.076E-03
4.293E-03
4.298E-03
4.367E-03
4.532E-03
4.801E-03
4.861E-03
4.920E-03
4.933E-03
5.116E-03
5.243E-03
5.306E-03
5.581E-03
5.906E-03
5.973E-03
6.231E-03
6.966E-03
7.285E-03
7.313E-03
7.326E-03
2.5600E+01 0.000E+00
2.6600E+01 0.000E+00
2.7600E+01 0.000E+00
2.8600E+01 0.000E+00
2.9600E+01 0.000E+00
3.0600E+01 0.000E+00
3.1600E+01 0.000E+00
3.2600E+01 0.000E+00
3.3600E+01 0.000E+00
3.4600E+01 0.000E+00
4.0000E+01 0.000E+00
4.5000E+01 0.000E+00
5.0000E+01 0.000E+00
5.5000E+01 0.000E+00
6.0000E+01 0.000E+00
6.5000E+01 1.325E-04
7.0000E+01 7.223E-05
7.5000E+01 1.048E-04
8.0000E+01 1.379E-04
8.5000E+01 2.182E-04
1.0000E+02 6.179E-04
1.1000E+02 8.192E-04
1.2000E+02 1.100E-03
1.3000E+02 1.367E-03
1.4000E+02 1.411E-03
1.5000E+02 1.733E-03
1.6000E+02 1.713E-03
1.7000E+02 1.793E-03
1.8000E+02 1.949E-03
1.9000E+02 2.027E-03
2.1000E+02 1.839E-03
2.3000E+02 1.630E-03
2.5000E+02 1.573E-03
2.7000E+02 1.432E-03
2.9000E+02 1.159E-03
3.1000E+02 1.059E-03
3.3000E+02 9.929E-04
3.5000E+02 8.957E-04
3.7000E+02 8.061E-04
3.9000E+02 7.268E-04
4.3000E+02 6.031E-04
4.7000E+02 5.115E-04
5.1000E+02 4.541E-04
