0.000E+00
0.000E+00
0.000E+00
0.000E+00
0.000E+00
0.000E+00
0.000E+00
0.000E+00
0.000E+00
0.000E+00
0.000E+00
0.000E+00
0.000E+00
0.000E+00
0.000E+00
0.000E+00
0.000E+00
0.000E+00
0.000E+00
0.000E+00
0.000E+00
0.000E+00
0.000E+00
0.000E+00
0.000E+00
0.000E+00
0.000E+00
0.000E+00
0.000E+00
0.000E+00
0.000E+00
0.000E+00
0.000E+00
0.000E+00
1.008E-08
1.004E-07
1.973E-05
4.105E-05
4.299E-05
4.658E-05
5.139E-05
6.015E-05
6.730E-05
7.706E-05
8.890E-05
8.949E-05
1.038E-04
1.165E-04
1.258E-04
1.274E-04
1.394E-04
1.449E-04
1.625E-04
1.690E-04
1.744E-04
1.907E-04
1.940E-04
1.990E-04
2.073E-04
2.090E-04
2.116E-04
2.186E-04
2.386E-04
2.457E-04
2.466E-04
2.496E-04
2.562E-04
2.570E-04
2.716E-04
2.797E-04
3.087E-04
3.432E-04
3.517E-04
3.683E-04
3.949E-04
4.422E-04
4.486E-04
4.581E-04
5.045E-04
5.211E-04
5.220E-04
5.347E-04
5.395E-04
5.432E-04
5.816E-04
5.911E-04
2.5600E+01 0.000E+00
2.6600E+01 0.000E+00
2.7600E+01 0.000E+00
2.8600E+01 0.000E+00
2.9600E+01 0.000E+00
3.0600E+01 0.000E+00
3.1600E+01 0.000E+00
3.2600E+01 0.000E+00
3.3600E+01 0.000E+00
3.4600E+01 0.000E+00
4.0000E+01 0.000E+00
4.5000E+01 0.000E+00
5.0000E+01 0.000E+00
5.5000E+01 0.000E+00
6.0000E+01 0.000E+00
6.5000E+01 0.000E+00
7.0000E+01 0.000E+00
7.5000E+01 8.693E-08
8.0000E+01 2.045E-06
8.5000E+01 3.614E-06
1.0000E+02 8.778E-05
1.1000E+02 1.233E-04
1.2000E+02 1.447E-04
1.3000E+02 1.940E-04
1.4000E+02 2.840E-04
1.5000E+02 3.520E-04
1.6000E+02 3.719E-04
1.7000E+02 4.687E-04
1.8000E+02 4.923E-04
1.9000E+02 5.375E-04
2.1000E+02 5.665E-04
2.3000E+02 5.930E-04
2.5000E+02 6.352E-04
2.7000E+02 6.727E-04
2.9000E+02 6.758E-04
3.1000E+02 6.433E-04
3.3000E+02 5.931E-04
3.5000E+02 5.410E-04
3.7000E+02 4.881E-04
3.9000E+02 4.419E-04
4.3000E+02 3.694E-04
4.7000E+02 3.275E-04
5.1000E+02 3.063E-04
