0.000E+00
0.000E+00
0.000E+00
0.000E+00
0.000E+00
0.000E+00
0.000E+00
0.000E+00
0.000E+00
0.000E+00
0.000E+00
0.000E+00
0.000E+00
0.000E+00
0.000E+00
0.000E+00
0.000E+00
0.000E+00
0.000E+00
0.000E+00
0.000E+00
0.000E+00
0.000E+00
0.000E+00
0.000E+00
0.000E+00
0.000E+00
0.000E+00
0.000E+00
0.000E+00
2.070E-05
2.627E-05
7.760E-04
8.740E-04
1.018E-03
1.202E-03
1.203E-03
1.301E-03
1.325E-03
1.503E-03
1.517E-03
1.659E-03
1.721E-03
1.754E-03
1.908E-03
1.996E-03
2.080E-03
2.093E-03
2.106E-03
2.185E-03
2.281E-03
2.339E-03
2.630E-03
2.642E-03
2.890E-03
2.921E-03
3.053E-03
3.186E-03
3.207E-03
3.382E-03
3.504E-03
3.531E-03
3.664E-03
3.769E-03
3.827E-03
4.048E-03
4.117E-03
4.297E-03
4.438E-03
4.543E-03
4.676E-03
4.692E-03
4.842E-03
5.017E-03
5.158E-03
5.181E-03
5.649E-03
5.712E-03
5.921E-03
6.217E-03
6.386E-03
7.000E-03
7.195E-03
7.271E-03
7.330E-03
7.389E-03
2.5600E+01 0.000E+00
2.6600E+01 0.000E+00
2.7600E+01 0.000E+00
2.8600E+01 0.000E+00
2.9600E+01 0.000E+00
3.0600E+01 0.000E+00
3.1600E+01 0.000E+00
3.2600E+01 0.000E+00
3.3600E+01 0.000E+00
3.4600E+01 0.000E+00
4.0000E+01 0.000E+00
4.5000E+01 0.000E+00
5.0000E+01 0.000E+00
5.5000E+01 0.000E+00
6.0000E+01 0.000E+00
6.5000E+01 1.236E-06
7.0000E+01 2.182E-04
7.5000E+01 7.775E-05
8.0000E+01 1.162E-04
8.5000E+01 1.646E-04
1.0000E+02 3.782E-04
1.1000E+02 4.741E-04
1.2000E+02 5.992E-04
1.3000E+02 6.746E-04
1.4000E+02 8.799E-04
1.5000E+02 8.602E-04
1.6000E+02 8.927E-04
1.7000E+02 9.819E-04
1.8000E+02 1.006E-03
1.9000E+02 9.659E-04
2.1000E+02 1.036E-03
2.3000E+02 9.894E-04
2.5000E+02 8.722E-04
2.7000E+02 7.635E-04
2.9000E+02 7.065E-04
3.1000E+02 6.746E-04
3.3000E+02 6.363E-04
3.5000E+02 6.107E-04
3.7000E+02 5.133E-04
3.9000E+02 4.727E-04
4.3000E+02 4.034E-04
4.7000E+02 3.511E-04
5.1000E+02 3.129E-04
