0.000E+00
0.000E+00
0.000E+00
0.000E+00
0.000E+00
0.000E+00
0.000E+00
0.000E+00
0.000E+00
0.000E+00
0.000E+00
0.000E+00
0.000E+00
0.000E+00
0.000E+00
0.000E+00
0.000E+00
0.000E+00
0.000E+00
0.000E+00
0.000E+00
0.000E+00
0.000E+00
0.000E+00
0.000E+00
0.000E+00
0.000E+00
0.000E+00
0.000E+00
0.000E+00
0.000E+00
0.000E+00
0.000E+00
0.000E+00
2.460E-06
3.263E-06
3.738E-05
5.176E-05
6.081E-05
7.140E-05
8.313E-05
8.635E-05
1.061E-04
1.084E-04
1.283E-04
1.331E-04
1.357E-04
1.582E-04
1.634E-04
1.740E-04
1.787E-04
2.014E-04
2.105E-04
2.385E-04
2.451E-04
2.889E-04
2.891E-04
3.057E-04
3.204E-04
3.238E-04
3.297E-04
3.321E-04
3.391E-04
3.433E-04
3.667E-04
3.764E-04
3.939E-04
4.175E-04
4.226E-04
4.230E-04
4.246E-04
4.372E-04
4.457E-04
4.900E-04
5.595E-04
5.882E-04
6.063E-04
6.135E-04
6.243E-04
6.780E-04
6.912E-04
7.353E-04
7.694E-04
7.711E-04
7.902E-04
8.144E-04
2.5600E+01 0.000E+00
2.6600E+01 0.000E+00
2.7600E+01 0.000E+00
2.8600E+01 0.000E+00
2.9600E+01 0.000E+00
3.0600E+01 0.000E+00
3.1600E+01 0.000E+00
3.2600E+01 0.000E+00
3.3600E+01 0.000E+00
3.4600E+01 0.000E+00
4.0000E+01 0.000E+00
4.5000E+01 0.000E+00
5.0000E+01 0.000E+00
5.5000E+01 0.000E+00
6.0000E+01 0.000E+00
6.5000E+01 0.000E+00
7.0000E+01 0.000E+00
7.5000E+01 7.240E-06
8.0000E+01 4.697E-05
8.5000E+01 5.233E-05
1.0000E+02 1.398E-04
1.1000E+02 1.404E-04
1.2000E+02 2.504E-04
1.3000E+02 3.327E-04
1.4000E+02 5.012E-04
1.5000E+02 5.399E-04
1.6000E+02 6.055E-04
1.7000E+02 6.964E-04
1.8000E+02 7.392E-04
1.9000E+02 7.224E-04
2.1000E+02 8.055E-04
2.3000E+02 7.877E-04
2.5000E+02 6.774E-04
2.7000E+02 5.818E-04
2.9000E+02 5.441E-04
3.1000E+02 5.334E-04
3.3000E+02 5.087E-04
3.5000E+02 4.456E-04
3.7000E+02 3.824E-04
3.9000E+02 3.559E-04
4.3000E+02 3.090E-04
4.7000E+02 2.710E-04
5.1000E+02 2.401E-04
