0.000E+00
0.000E+00
0.000E+00
0.000E+00
0.000E+00
0.000E+00
0.000E+00
0.000E+00
0.000E+00
0.000E+00
0.000E+00
0.000E+00
0.000E+00
0.000E+00
0.000E+00
0.000E+00
0.000E+00
0.000E+00
0.000E+00
0.000E+00
0.000E+00
0.000E+00
0.000E+00
0.000E+00
0.000E+00
0.000E+00
0.000E+00
0.000E+00
0.000E+00
0.000E+00
1.921E-05
2.280E-05
8.064E-04
8.995E-04
1.043E-03
1.241E-03
1.278E-03
1.301E-03
1.392E-03
1.471E-03
1.505E-03
1.690E-03
1.712E-03
1.737E-03
1.870E-03
1.927E-03
2.033E-03
2.135E-03
2.204E-03
2.218E-03
2.249E-03
2.293E-03
2.468E-03
2.539E-03
2.597E-03
2.823E-03
2.912E-03
2.918E-03
2.981E-03
3.093E-03
3.269E-03
3.292E-03
3.422E-03
3.660E-03
3.690E-03
3.725E-03
3.925E-03
3.990E-03
4.163E-03
4.269E-03
4.331E-03
4.363E-03
4.380E-03
4.462E-03
4.656E-03
4.989E-03
5.154E-03
5.233E-03
5.431E-03
5.590E-03
5.756E-03
6.210E-03
6.393E-03
6.421E-03
6.513E-03
6.559E-03
2.5600E+01 0.000E+00
2.6600E+01 0.000E+00
2.7600E+01 0.000E+00
2.8600E+01 0.000E+00
2.9600E+01 0.000E+00
3.0600E+01 0.000E+00
3.1600E+01 0.000E+00
3.2600E+01 0.000E+00
3.3600E+01 0.000E+00
3.4600E+01 0.000E+00
4.0000E+01 0.000E+00
4.5000E+01 0.000E+00
5.0000E+01 0.000E+00
5.5000E+01 0.000E+00
6.0000E+01 0.000E+00
6.5000E+01 8.386E-07
7.0000E+01 9.791E-05
7.5000E+01 6.820E-05
8.0000E+01 7.453E-05
8.5000E+01 1.107E-04
1.0000E+02 2.943E-04
1.1000E+02 2.677E-04
1.2000E+02 3.178E-04
1.3000E+02 3.488E-04
1.4000E+02 4.493E-04
1.5000E+02 4.310E-04
1.6000E+02 4.784E-04
1.7000E+02 4.828E-04
1.8000E+02 4.674E-04
1.9000E+02 4.410E-04
2.1000E+02 4.727E-04
2.3000E+02 4.488E-04
2.5000E+02 4.133E-04
2.7000E+02 3.856E-04
2.9000E+02 3.682E-04
3.1000E+02 3.411E-04
3.3000E+02 3.035E-04
3.5000E+02 3.020E-04
3.7000E+02 2.676E-04
3.9000E+02 2.544E-04
4.3000E+02 2.146E-04
4.7000E+02 1.841E-04
5.1000E+02 1.612E-04
