1.174E-03
1.368E-03
1.602E-03
1.618E-03
1.869E-03
1.945E-03
2.158E-03
2.210E-03
2.399E-03
2.649E-03
2.658E-03
2.933E-03
2.995E-03
3.211E-03
3.398E-03
3.589E-03
3.889E-03
4.031E-03
4.499E-03
4.560E-03
5.195E-03
5.283E-03
5.964E-03
6.297E-03
6.946E-03
7.609E-03
8.258E-03
8.423E-03
9.375E-03
9.958E-03
1.052E-02
1.104E-02
1.185E-02
1.227E-02
1.358E-02
1.374E-02
1.544E-02
1.562E-02
1.748E-02
1.823E-02
1.999E-02
2.144E-02
2.312E-02
2.598E-02
2.713E-02
3.253E-02
3.541E-02
3.987E-02
4.406E-02
4.487E-02
4.938E-02
5.117E-02
5.582E-02
5.743E-02
6.321E-02
6.434E-02
6.816E-02
7.251E-02
7.581E-02
7.604E-02
8.482E-02
8.935E-02
9.137E-02
1.069E-01
1.132E-01
1.219E-01
1.380E-01
1.396E-01
1.406E-01
1.454E-01
1.507E-01
1.534E-01
1.564E-01
1.596E-01
1.597E-01
1.894E-01
2.238E-01
2.713E-01
2.891E-01
3.106E-01
3.360E-01
3.373E-01
3.564E-01
3.606E-01
3.668E-01
3.769E-01
2.5600E+01 2.325E-03
2.6600E+01 5.166E-03
2.7600E+01 7.802E-03
2.8600E+01 1.103E-02
2.9600E+01 1.402E-02
3.0600E+01 1.738E-02
3.1600E+01 2.017E-02
3.2600E+01 2.257E-02
3.3600E+01 2.489E-02
3.4600E+01 2.740E-02
4.0000E+01 3.717E-02
4.5000E+01 4.084E-02
5.0000E+01 4.316E-02
5.5000E+01 4.383E-02
6.0000E+01 4.454E-02
6.5000E+01 4.308E-02
7.0000E+01 4.208E-02
7.5000E+01 3.999E-02
8.0000E+01 3.912E-02
8.5000E+01 3.655E-02
1.0000E+02 3.221E-02
1.1000E+02 2.890E-02
1.2000E+02 2.695E-02
1.3000E+02 2.396E-02
1.4000E+02 2.190E-02
1.5000E+02 2.029E-02
1.6000E+02 1.872E-02
1.7000E+02 1.724E-02
1.8000E+02 1.552E-02
1.9000E+02 1.408E-02
2.1000E+02 1.213E-02
2.3000E+02 1.066E-02
2.5000E+02 9.264E-03
2.7000E+02 8.316E-03
2.9000E+02 7.687E-03
3.1000E+02 6.867E-03
3.3000E+02 5.985E-03
3.5000E+02 5.611E-03
3.7000E+02 5.356E-03
3.9000E+02 4.908E-03
4.3000E+02 4.152E-03
4.7000E+02 3.584E-03
5.1000E+02 3.161E-03
