0.000E+00
0.000E+00
0.000E+00
0.000E+00
0.000E+00
0.000E+00
0.000E+00
0.000E+00
0.000E+00
0.000E+00
0.000E+00
0.000E+00
0.000E+00
0.000E+00
0.000E+00
0.000E+00
0.000E+00
0.000E+00
0.000E+00
0.000E+00
0.000E+00
0.000E+00
0.000E+00
0.000E+00
0.000E+00
0.000E+00
0.000E+00
0.000E+00
0.000E+00
0.000E+00
0.000E+00
0.000E+00
0.000E+00
0.000E+00
5.503E-05
1.102E-04
2.211E-04
2.273E-04
2.451E-04
2.820E-04
3.355E-04
3.473E-04
3.669E-04
4.022E-04
4.495E-04
4.546E-04
4.788E-04
4.870E-04
5.044E-04
5.250E-04
5.830E-04
6.059E-04
6.199E-04
6.734E-04
6.887E-04
7.521E-04
7.673E-04
7.698E-04
8.724E-04
8.917E-04
9.629E-04
9.659E-04
9.831E-04
1.034E-03
1.054E-03
1.112E-03
1.159E-03
1.183E-03
1.210E-03
1.326E-03
1.336E-03
1.359E-03
1.384E-03
1.389E-03
1.487E-03
1.685E-03
1.879E-03
1.962E-03
2.017E-03
2.045E-03
2.254E-03
2.320E-03
2.362E-03
2.467E-03
2.492E-03
2.503E-03
2.5600E+01 0.000E+00
2.6600E+01 0.000E+00
2.7600E+01 0.000E+00
2.8600E+01 0.000E+00
2.9600E+01 0.000E+00
3.0600E+01 0.000E+00
3.1600E+01 0.000E+00
3.2600E+01 0.000E+00
3.3600E+01 0.000E+00
3.4600E+01 0.000E+00
4.0000E+01 0.000E+00
4.5000E+01 0.000E+00
5.0000E+01 0.000E+00
5.5000E+01 0.000E+00
6.0000E+01 0.000E+00
6.5000E+01 0.000E+00
7.0000E+01 0.000E+00
7.5000E+01 5.124E-05
8.0000E+01 2.530E-05
8.5000E+01 3.281E-05
1.0000E+02 1.795E-04
1.1000E+02 2.045E-04
1.2000E+02 2.784E-04
1.3000E+02 3.216E-04
1.4000E+02 4.230E-04
1.5000E+02 4.437E-04
1.6000E+02 4.830E-04
1.7000E+02 5.655E-04
1.8000E+02 5.578E-04
1.9000E+02 5.715E-04
2.1000E+02 6.633E-04
2.3000E+02 6.366E-04
2.5000E+02 5.546E-04
2.7000E+02 5.267E-04
2.9000E+02 5.134E-04
3.1000E+02 4.383E-04
3.3000E+02 3.360E-04
3.5000E+02 2.992E-04
3.7000E+02 3.006E-04
3.9000E+02 2.714E-04
4.3000E+02 2.173E-04
4.7000E+02 1.767E-04
5.1000E+02 1.483E-04
