0.000E+00
0.000E+00
0.000E+00
0.000E+00
0.000E+00
0.000E+00
0.000E+00
0.000E+00
0.000E+00
0.000E+00
0.000E+00
0.000E+00
0.000E+00
0.000E+00
0.000E+00
0.000E+00
0.000E+00
0.000E+00
0.000E+00
0.000E+00
0.000E+00
0.000E+00
0.000E+00
0.000E+00
0.000E+00
0.000E+00
0.000E+00
0.000E+00
0.000E+00
0.000E+00
2.727E-05
6.385E-05
9.019E-04
1.003E-03
1.045E-03
1.220E-03
1.275E-03
1.333E-03
1.536E-03
1.567E-03
1.603E-03
1.777E-03
1.855E-03
1.966E-03
1.973E-03
2.016E-03
2.076E-03
2.153E-03
2.166E-03
2.285E-03
2.361E-03
2.595E-03
2.742E-03
3.035E-03
3.045E-03
3.190E-03
3.276E-03
3.284E-03
3.298E-03
3.385E-03
3.515E-03
3.640E-03
3.657E-03
3.683E-03
3.713E-03
3.988E-03
4.004E-03
4.133E-03
4.339E-03
4.400E-03
4.433E-03
4.603E-03
4.813E-03
4.984E-03
5.002E-03
5.007E-03
5.123E-03
5.355E-03
5.385E-03
5.661E-03
5.765E-03
6.151E-03
6.411E-03
6.516E-03
6.526E-03
6.586E-03
2.5600E+01 0.000E+00
2.6600E+01 0.000E+00
2.7600E+01 0.000E+00
2.8600E+01 0.000E+00
2.9600E+01 0.000E+00
3.0600E+01 0.000E+00
3.1600E+01 0.000E+00
3.2600E+01 0.000E+00
3.3600E+01 0.000E+00
3.4600E+01 0.000E+00
4.0000E+01 0.000E+00
4.5000E+01 0.000E+00
5.0000E+01 0.000E+00
5.5000E+01 0.000E+00
6.0000E+01 0.000E+00
6.5000E+01 5.422E-05
7.0000E+01 1.655E-04
7.5000E+01 2.264E-04
8.0000E+01 2.668E-04
8.5000E+01 2.235E-04
1.0000E+02 5.164E-04
1.1000E+02 6.893E-04
1.2000E+02 9.010E-04
1.3000E+02 1.039E-03
1.4000E+02 1.078E-03
1.5000E+02 1.206E-03
1.6000E+02 1.318E-03
1.7000E+02 1.385E-03
1.8000E+02 1.402E-03
1.9000E+02 1.365E-03
2.1000E+02 1.198E-03
2.3000E+02 1.013E-03
2.5000E+02 8.660E-04
2.7000E+02 7.759E-04
2.9000E+02 7.416E-04
3.1000E+02 7.308E-04
3.3000E+02 7.066E-04
3.5000E+02 6.688E-04
3.7000E+02 6.254E-04
3.9000E+02 5.421E-04
4.3000E+02 4.359E-04
4.7000E+02 3.796E-04
5.1000E+02 3.337E-04
