0.000E+00
0.000E+00
0.000E+00
0.000E+00
0.000E+00
0.000E+00
0.000E+00
0.000E+00
0.000E+00
0.000E+00
0.000E+00
0.000E+00
0.000E+00
0.000E+00
0.000E+00
0.000E+00
0.000E+00
0.000E+00
0.000E+00
0.000E+00
0.000E+00
0.000E+00
0.000E+00
0.000E+00
0.000E+00
0.000E+00
0.000E+00
0.000E+00
0.000E+00
0.000E+00
0.000E+00
0.000E+00
0.000E+00
0.000E+00
0.000E+00
0.000E+00
1.092E-05
1.268E-05
1.513E-05
1.609E-05
1.826E-05
1.892E-05
2.141E-05
2.572E-05
2.702E-05
3.118E-05
3.514E-05
3.669E-05
3.803E-05
4.251E-05
4.283E-05
5.010E-05
5.229E-05
5.954E-05
6.063E-05
6.464E-05
6.612E-05
7.262E-05
7.270E-05
7.415E-05
7.453E-05
8.091E-05
8.588E-05
8.737E-05
9.469E-05
9.987E-05
1.050E-04
1.053E-04
1.100E-04
1.120E-04
1.173E-04
1.204E-04
1.229E-04
1.345E-04
1.532E-04
1.564E-04
1.728E-04
1.863E-04
2.059E-04
2.120E-04
2.200E-04
2.243E-04
2.294E-04
2.346E-04
2.432E-04
2.437E-04
2.5600E+01 0.000E+00
2.6600E+01 0.000E+00
2.7600E+01 0.000E+00
2.8600E+01 0.000E+00
2.9600E+01 0.000E+00
3.0600E+01 0.000E+00
3.1600E+01 0.000E+00
3.2600E+01 0.000E+00
3.3600E+01 0.000E+00
3.4600E+01 0.000E+00
4.0000E+01 0.000E+00
4.5000E+01 0.000E+00
5.0000E+01 0.000E+00
5.5000E+01 0.000E+00
6.0000E+01 0.000E+00
6.5000E+01 0.000E+00
7.0000E+01 0.000E+00
7.5000E+01 0.000E+00
8.0000E+01 8.656E-07
8.5000E+01 7.005E-07
1.0000E+02 1.011E-05
1.1000E+02 2.131E-05
1.2000E+02 2.467E-05
1.3000E+02 2.153E-05
1.4000E+02 3.163E-05
1.5000E+02 3.895E-05
1.6000E+02 3.989E-05
1.7000E+02 3.832E-05
1.8000E+02 3.609E-05
1.9000E+02 3.477E-05
2.1000E+02 3.333E-05
2.3000E+02 3.093E-05
2.5000E+02 2.964E-05
2.7000E+02 3.099E-05
2.9000E+02 3.376E-05
3.1000E+02 3.421E-05
3.3000E+02 3.022E-05
3.5000E+02 2.447E-05
3.7000E+02 1.831E-05
3.9000E+02 1.331E-05
4.3000E+02 1.938E-05
4.7000E+02 1.714E-05
5.1000E+02 1.532E-05
