1.178E-03
1.373E-03
1.569E-03
1.622E-03
1.823E-03
1.915E-03
2.108E-03
2.135E-03
2.368E-03
2.546E-03
2.666E-03
2.845E-03
3.004E-03
3.172E-03
3.386E-03
3.533E-03
3.841E-03
3.936E-03
4.411E-03
4.424E-03
5.015E-03
5.183E-03
5.786E-03
6.166E-03
6.763E-03
7.459E-03
7.985E-03
8.266E-03
9.209E-03
9.562E-03
1.031E-02
1.057E-02
1.162E-02
1.176E-02
1.315E-02
1.334E-02
1.476E-02
1.539E-02
1.692E-02
1.809E-02
1.929E-02
2.088E-02
2.246E-02
2.583E-02
2.593E-02
3.176E-02
3.483E-02
3.915E-02
4.299E-02
4.412E-02
4.845E-02
4.924E-02
5.390E-02
5.479E-02
5.616E-02
6.132E-02
6.265E-02
6.625E-02
7.115E-02
7.389E-02
8.178E-02
8.626E-02
8.845E-02
9.985E-02
1.033E-01
1.092E-01
1.306E-01
1.336E-01
1.362E-01
1.368E-01
1.432E-01
1.442E-01
1.447E-01
1.460E-01
1.460E-01
1.631E-01
1.805E-01
2.602E-01
2.694E-01
2.726E-01
2.978E-01
3.107E-01
3.181E-01
3.286E-01
3.357E-01
3.510E-01
2.5600E+01 1.736E-03
2.6600E+01 4.262E-03
2.7600E+01 7.343E-03
2.8600E+01 1.047E-02
2.9600E+01 1.293E-02
3.0600E+01 1.580E-02
3.1600E+01 1.879E-02
3.2600E+01 2.237E-02
3.3600E+01 2.378E-02
3.4600E+01 2.710E-02
4.0000E+01 3.679E-02
4.5000E+01 4.030E-02
5.0000E+01 4.386E-02
5.5000E+01 4.472E-02
6.0000E+01 4.004E-02
6.5000E+01 4.384E-02
7.0000E+01 4.004E-02
7.5000E+01 4.027E-02
8.0000E+01 3.910E-02
8.5000E+01 3.585E-02
1.0000E+02 3.346E-02
1.1000E+02 2.572E-02
1.2000E+02 2.763E-02
1.3000E+02 2.469E-02
1.4000E+02 2.177E-02
1.5000E+02 1.959E-02
1.6000E+02 1.807E-02
1.7000E+02 1.691E-02
1.8000E+02 1.586E-02
1.9000E+02 1.474E-02
2.1000E+02 1.252E-02
2.3000E+02 1.075E-02
2.5000E+02 9.587E-03
2.7000E+02 8.929E-03
2.9000E+02 8.459E-03
3.1000E+02 7.780E-03
3.3000E+02 6.842E-03
3.5000E+02 5.827E-03
3.7000E+02 4.840E-03
3.9000E+02 4.387E-03
4.3000E+02 4.416E-03
4.7000E+02 3.859E-03
5.1000E+02 3.369E-03
