0.000E+00
0.000E+00
0.000E+00
0.000E+00
0.000E+00
0.000E+00
0.000E+00
0.000E+00
0.000E+00
0.000E+00
0.000E+00
0.000E+00
0.000E+00
0.000E+00
0.000E+00
0.000E+00
0.000E+00
0.000E+00
0.000E+00
0.000E+00
0.000E+00
0.000E+00
0.000E+00
0.000E+00
0.000E+00
0.000E+00
0.000E+00
0.000E+00
0.000E+00
0.000E+00
0.000E+00
0.000E+00
0.000E+00
0.000E+00
4.257E-05
1.095E-04
1.780E-04
1.998E-04
2.264E-04
2.605E-04
2.618E-04
2.671E-04
3.015E-04
3.288E-04
4.002E-04
4.080E-04
4.268E-04
4.334E-04
4.573E-04
4.645E-04
4.822E-04
4.858E-04
5.062E-04
5.293E-04
5.332E-04
5.646E-04
6.355E-04
6.386E-04
6.535E-04
7.352E-04
7.411E-04
7.862E-04
8.198E-04
8.383E-04
8.549E-04
8.726E-04
8.752E-04
8.757E-04
9.400E-04
1.007E-03
1.051E-03
1.071E-03
1.073E-03
1.092E-03
1.231E-03
1.251E-03
1.413E-03
1.502E-03
1.584E-03
1.650E-03
1.720E-03
1.862E-03
1.876E-03
1.965E-03
1.991E-03
2.194E-03
2.5600E+01 0.000E+00
2.6600E+01 0.000E+00
2.7600E+01 0.000E+00
2.8600E+01 0.000E+00
2.9600E+01 0.000E+00
3.0600E+01 0.000E+00
3.1600E+01 0.000E+00
3.2600E+01 0.000E+00
3.3600E+01 0.000E+00
3.4600E+01 0.000E+00
4.0000E+01 0.000E+00
4.5000E+01 0.000E+00
5.0000E+01 0.000E+00
5.5000E+01 0.000E+00
6.0000E+01 0.000E+00
6.5000E+01 0.000E+00
7.0000E+01 0.000E+00
7.5000E+01 7.640E-07
8.0000E+01 2.353E-06
8.5000E+01 4.132E-06
1.0000E+02 2.140E-05
1.1000E+02 3.537E-05
1.2000E+02 4.009E-05
1.3000E+02 4.622E-05
1.4000E+02 5.123E-05
1.5000E+02 5.401E-05
1.6000E+02 6.433E-05
1.7000E+02 6.081E-05
1.8000E+02 5.664E-05
1.9000E+02 5.380E-05
2.1000E+02 5.063E-05
2.3000E+02 4.808E-05
2.5000E+02 4.812E-05
2.7000E+02 5.235E-05
2.9000E+02 5.795E-05
3.1000E+02 5.779E-05
3.3000E+02 4.990E-05
3.5000E+02 3.981E-05
3.7000E+02 2.892E-05
3.9000E+02 2.262E-05
4.3000E+02 3.687E-05
4.7000E+02 3.350E-05
5.1000E+02 3.010E-05
