0.000E+00
0.000E+00
0.000E+00
0.000E+00
0.000E+00
0.000E+00
0.000E+00
0.000E+00
0.000E+00
0.000E+00
0.000E+00
0.000E+00
0.000E+00
0.000E+00
0.000E+00
0.000E+00
0.000E+00
0.000E+00
0.000E+00
0.000E+00
0.000E+00
0.000E+00
0.000E+00
0.000E+00
0.000E+00
0.000E+00
0.000E+00
0.000E+00
0.000E+00
0.000E+00
0.000E+00
0.000E+00
0.000E+00
0.000E+00
6.333E-08
2.911E-07
2.177E-05
3.001E-05
3.567E-05
3.811E-05
4.265E-05
4.383E-05
4.550E-05
5.583E-05
6.814E-05
7.801E-05
8.325E-05
8.616E-05
8.802E-05
9.410E-05
9.875E-05
1.111E-04
1.154E-04
1.260E-04
1.348E-04
1.379E-04
1.513E-04
1.539E-04
1.620E-04
1.715E-04
1.773E-04
1.855E-04
1.870E-04
2.193E-04
2.260E-04
2.311E-04
2.488E-04
2.491E-04
2.528E-04
2.666E-04
2.743E-04
2.808E-04
2.942E-04
3.058E-04
3.338E-04
3.884E-04
4.057E-04
4.213E-04
4.292E-04
4.377E-04
4.475E-04
4.513E-04
4.837E-04
5.417E-04
5.425E-04
5.738E-04
2.5600E+01 0.000E+00
2.6600E+01 0.000E+00
2.7600E+01 0.000E+00
2.8600E+01 0.000E+00
2.9600E+01 0.000E+00
3.0600E+01 0.000E+00
3.1600E+01 0.000E+00
3.2600E+01 0.000E+00
3.3600E+01 0.000E+00
3.4600E+01 0.000E+00
4.0000E+01 0.000E+00
4.5000E+01 0.000E+00
5.0000E+01 0.000E+00
5.5000E+01 0.000E+00
6.0000E+01 0.000E+00
6.5000E+01 0.000E+00
7.0000E+01 0.000E+00
7.5000E+01 1.024E-08
8.0000E+01 6.892E-07
8.5000E+01 2.086E-06
1.0000E+02 1.309E-05
1.1000E+02 3.005E-05
1.2000E+02 2.985E-05
1.3000E+02 3.429E-05
1.4000E+02 3.859E-05
1.5000E+02 4.887E-05
1.6000E+02 5.532E-05
1.7000E+02 5.225E-05
1.8000E+02 4.804E-05
1.9000E+02 4.510E-05
2.1000E+02 4.209E-05
2.3000E+02 3.949E-05
2.5000E+02 3.870E-05
2.7000E+02 4.117E-05
2.9000E+02 4.511E-05
3.1000E+02 4.513E-05
3.3000E+02 3.925E-05
3.5000E+02 3.149E-05
3.7000E+02 2.302E-05
3.9000E+02 1.671E-05
4.3000E+02 2.690E-05
4.7000E+02 2.405E-05
5.1000E+02 2.153E-05
