0.000E+00
0.000E+00
0.000E+00
0.000E+00
0.000E+00
0.000E+00
0.000E+00
0.000E+00
0.000E+00
0.000E+00
0.000E+00
0.000E+00
0.000E+00
0.000E+00
0.000E+00
0.000E+00
0.000E+00
0.000E+00
0.000E+00
0.000E+00
0.000E+00
0.000E+00
0.000E+00
0.000E+00
0.000E+00
0.000E+00
0.000E+00
0.000E+00
0.000E+00
0.000E+00
0.000E+00
0.000E+00
0.000E+00
0.000E+00
4.554E-05
1.155E-04
2.536E-04
2.731E-04
2.873E-04
3.332E-04
3.502E-04
3.871E-04
4.256E-04
4.410E-04
5.362E-04
5.875E-04
5.895E-04
6.142E-04
6.453E-04
6.498E-04
6.711E-04
6.750E-04
6.828E-04
7.736E-04
7.757E-04
8.256E-04
9.135E-04
9.832E-04
9.991E-04
1.028E-03
1.087E-03
1.141E-03
1.182E-03
1.201E-03
1.268E-03
1.302E-03
1.327E-03
1.367E-03
1.377E-03
1.476E-03
1.477E-03
1.514E-03
1.527E-03
1.685E-03
1.693E-03
1.992E-03
2.241E-03
2.359E-03
2.545E-03
2.563E-03
2.684E-03
2.792E-03
2.858E-03
3.030E-03
3.061E-03
3.239E-03
2.5600E+01 0.000E+00
2.6600E+01 0.000E+00
2.7600E+01 0.000E+00
2.8600E+01 0.000E+00
2.9600E+01 0.000E+00
3.0600E+01 0.000E+00
3.1600E+01 0.000E+00
3.2600E+01 0.000E+00
3.3600E+01 0.000E+00
3.4600E+01 0.000E+00
4.0000E+01 0.000E+00
4.5000E+01 0.000E+00
5.0000E+01 0.000E+00
5.5000E+01 0.000E+00
6.0000E+01 0.000E+00
6.5000E+01 0.000E+00
7.0000E+01 0.000E+00
7.5000E+01 1.215E-06
8.0000E+01 5.035E-06
8.5000E+01 6.411E-06
1.0000E+02 4.536E-05
1.1000E+02 7.610E-05
1.2000E+02 8.057E-05
1.3000E+02 8.777E-05
1.4000E+02 1.050E-04
1.5000E+02 1.253E-04
1.6000E+02 1.289E-04
1.7000E+02 1.217E-04
1.8000E+02 1.140E-04
1.9000E+02 1.092E-04
2.1000E+02 1.022E-04
2.3000E+02 9.433E-05
2.5000E+02 9.182E-05
2.7000E+02 9.819E-05
2.9000E+02 1.084E-04
3.1000E+02 1.083E-04
3.3000E+02 9.353E-05
3.5000E+02 7.422E-05
3.7000E+02 5.524E-05
3.9000E+02 4.402E-05
4.3000E+02 6.436E-05
4.7000E+02 5.686E-05
5.1000E+02 5.061E-05
