0.000E+00
0.000E+00
0.000E+00
0.000E+00
0.000E+00
0.000E+00
0.000E+00
0.000E+00
0.000E+00
0.000E+00
0.000E+00
0.000E+00
0.000E+00
0.000E+00
0.000E+00
0.000E+00
0.000E+00
0.000E+00
0.000E+00
0.000E+00
0.000E+00
0.000E+00
0.000E+00
0.000E+00
0.000E+00
0.000E+00
0.000E+00
0.000E+00
0.000E+00
0.000E+00
2.818E-05
6.767E-05
9.202E-04
1.040E-03
1.066E-03
1.246E-03
1.314E-03
1.316E-03
1.520E-03
1.603E-03
1.609E-03
1.761E-03
1.902E-03
1.965E-03
1.994E-03
2.047E-03
2.128E-03
2.210E-03
2.232E-03
2.349E-03
2.362E-03
2.680E-03
2.725E-03
3.022E-03
3.119E-03
3.168E-03
3.263E-03
3.373E-03
3.394E-03
3.490E-03
3.509E-03
3.674E-03
3.752E-03
3.754E-03
3.772E-03
3.988E-03
4.105E-03
4.127E-03
4.442E-03
4.483E-03
4.536E-03
4.604E-03
4.917E-03
5.012E-03
5.016E-03
5.094E-03
5.141E-03
5.389E-03
5.457E-03
5.725E-03
5.824E-03
6.244E-03
6.544E-03
6.662E-03
6.674E-03
6.706E-03
2.5600E+01 0.000E+00
2.6600E+01 0.000E+00
2.7600E+01 0.000E+00
2.8600E+01 0.000E+00
2.9600E+01 0.000E+00
3.0600E+01 0.000E+00
3.1600E+01 0.000E+00
3.2600E+01 0.000E+00
3.3600E+01 0.000E+00
3.4600E+01 0.000E+00
4.0000E+01 0.000E+00
4.5000E+01 0.000E+00
5.0000E+01 0.000E+00
5.5000E+01 0.000E+00
6.0000E+01 0.000E+00
6.5000E+01 5.794E-05
7.0000E+01 1.700E-04
7.5000E+01 2.318E-04
8.0000E+01 2.727E-04
8.5000E+01 2.315E-04
1.0000E+02 5.447E-04
1.1000E+02 7.288E-04
1.2000E+02 9.542E-04
1.3000E+02 1.091E-03
1.4000E+02 1.131E-03
1.5000E+02 1.275E-03
1.6000E+02 1.384E-03
1.7000E+02 1.452E-03
1.8000E+02 1.468E-03
1.9000E+02 1.428E-03
2.1000E+02 1.253E-03
2.3000E+02 1.061E-03
2.5000E+02 9.084E-04
2.7000E+02 8.142E-04
2.9000E+02 7.792E-04
3.1000E+02 7.680E-04
3.3000E+02 7.423E-04
3.5000E+02 7.018E-04
3.7000E+02 6.552E-04
3.9000E+02 5.673E-04
4.3000E+02 4.589E-04
4.7000E+02 3.999E-04
5.1000E+02 3.522E-04
