1.176E-03
1.372E-03
1.544E-03
1.619E-03
1.790E-03
1.909E-03
2.094E-03
2.101E-03
2.361E-03
2.495E-03
2.656E-03
2.792E-03
2.994E-03
3.115E-03
3.372E-03
3.469E-03
3.822E-03
3.864E-03
4.331E-03
4.400E-03
4.921E-03
5.155E-03
5.680E-03
6.127E-03
6.638E-03
7.402E-03
7.840E-03
8.201E-03
9.139E-03
9.396E-03
1.023E-02
1.039E-02
1.151E-02
1.157E-02
1.294E-02
1.319E-02
1.453E-02
1.524E-02
1.663E-02
1.788E-02
1.902E-02
2.062E-02
2.213E-02
2.554E-02
2.560E-02
3.141E-02
3.460E-02
3.895E-02
4.278E-02
4.394E-02
4.830E-02
4.907E-02
5.381E-02
5.514E-02
5.599E-02
6.121E-02
6.235E-02
6.608E-02
7.107E-02
7.353E-02
8.169E-02
8.613E-02
8.802E-02
9.986E-02
1.033E-01
1.086E-01
1.304E-01
1.336E-01
1.356E-01
1.361E-01
1.428E-01
1.440E-01
1.443E-01
1.453E-01
1.453E-01
1.646E-01
1.810E-01
2.620E-01
2.712E-01
2.751E-01
3.005E-01
3.136E-01
3.214E-01
3.326E-01
3.399E-01
3.570E-01
2.5600E+01 1.726E-03
2.6600E+01 4.292E-03
2.7600E+01 7.440E-03
2.8600E+01 1.069E-02
2.9600E+01 1.316E-02
3.0600E+01 1.604E-02
3.1600E+01 1.907E-02
3.2600E+01 2.269E-02
3.3600E+01 2.407E-02
3.4600E+01 2.742E-02
4.0000E+01 3.701E-02
4.5000E+01 4.042E-02
5.0000E+01 4.392E-02
5.5000E+01 4.474E-02
6.0000E+01 4.003E-02
6.5000E+01 4.380E-02
7.0000E+01 4.000E-02
7.5000E+01 4.023E-02
8.0000E+01 3.904E-02
8.5000E+01 3.580E-02
1.0000E+02 3.338E-02
1.1000E+02 2.566E-02
1.2000E+02 2.756E-02
1.3000E+02 2.464E-02
1.4000E+02 2.170E-02
1.5000E+02 1.954E-02
1.6000E+02 1.800E-02
1.7000E+02 1.686E-02
1.8000E+02 1.581E-02
1.9000E+02 1.470E-02
2.1000E+02 1.249E-02
2.3000E+02 1.073E-02
2.5000E+02 9.579E-03
2.7000E+02 8.929E-03
2.9000E+02 8.469E-03
3.1000E+02 7.795E-03
3.3000E+02 6.858E-03
3.5000E+02 5.841E-03
3.7000E+02 4.847E-03
3.9000E+02 4.376E-03
4.3000E+02 4.432E-03
4.7000E+02 3.874E-03
5.1000E+02 3.385E-03
