0.000E+00
0.000E+00
0.000E+00
0.000E+00
0.000E+00
0.000E+00
0.000E+00
0.000E+00
0.000E+00
0.000E+00
0.000E+00
0.000E+00
0.000E+00
0.000E+00
0.000E+00
0.000E+00
0.000E+00
0.000E+00
0.000E+00
0.000E+00
0.000E+00
0.000E+00
0.000E+00
0.000E+00
0.000E+00
0.000E+00
0.000E+00
0.000E+00
0.000E+00
0.000E+00
2.760E-05
6.587E-05
9.060E-04
1.016E-03
1.051E-03
1.225E-03
1.288E-03
1.328E-03
1.532E-03
1.581E-03
1.605E-03
1.772E-03
1.867E-03
1.972E-03
1.980E-03
2.028E-03
2.066E-03
2.168E-03
2.186E-03
2.311E-03
2.361E-03
2.624E-03
2.741E-03
3.044E-03
3.063E-03
3.187E-03
3.278E-03
3.315E-03
3.332E-03
3.422E-03
3.518E-03
3.668E-03
3.677E-03
3.724E-03
3.735E-03
3.995E-03
4.019E-03
4.145E-03
4.398E-03
4.420E-03
4.485E-03
4.611E-03
4.867E-03
5.007E-03
5.019E-03
5.052E-03
5.142E-03
5.380E-03
5.413E-03
5.697E-03
5.799E-03
6.186E-03
6.471E-03
6.581E-03
6.592E-03
6.647E-03
2.5600E+01 0.000E+00
2.6600E+01 0.000E+00
2.7600E+01 0.000E+00
2.8600E+01 0.000E+00
2.9600E+01 0.000E+00
3.0600E+01 0.000E+00
3.1600E+01 0.000E+00
3.2600E+01 0.000E+00
3.3600E+01 0.000E+00
3.4600E+01 0.000E+00
4.0000E+01 0.000E+00
4.5000E+01 0.000E+00
5.0000E+01 0.000E+00
5.5000E+01 0.000E+00
6.0000E+01 0.000E+00
6.5000E+01 5.695E-05
7.0000E+01 1.674E-04
7.5000E+01 2.293E-04
8.0000E+01 2.694E-04
8.5000E+01 2.259E-04
1.0000E+02 5.258E-04
1.1000E+02 7.010E-04
1.2000E+02 9.166E-04
1.3000E+02 1.054E-03
1.4000E+02 1.093E-03
1.5000E+02 1.232E-03
1.6000E+02 1.336E-03
1.7000E+02 1.405E-03
1.8000E+02 1.422E-03
1.9000E+02 1.384E-03
2.1000E+02 1.215E-03
2.3000E+02 1.028E-03
2.5000E+02 8.795E-04
2.7000E+02 7.877E-04
2.9000E+02 7.529E-04
3.1000E+02 7.426E-04
3.3000E+02 7.177E-04
3.5000E+02 6.793E-04
3.7000E+02 6.354E-04
3.9000E+02 5.508E-04
4.3000E+02 4.436E-04
4.7000E+02 3.861E-04
5.1000E+02 3.397E-04
