1.162E-03
1.365E-03
1.511E-03
1.597E-03
1.750E-03
1.915E-03
2.081E-03
2.114E-03
2.348E-03
2.481E-03
2.630E-03
2.730E-03
2.957E-03
3.032E-03
3.350E-03
3.385E-03
3.800E-03
3.829E-03
4.290E-03
4.414E-03
4.890E-03
5.191E-03
5.619E-03
6.095E-03
6.553E-03
7.440E-03
7.710E-03
8.216E-03
9.128E-03
9.263E-03
1.020E-02
1.027E-02
1.139E-02
1.156E-02
1.275E-02
1.312E-02
1.438E-02
1.519E-02
1.649E-02
1.765E-02
1.908E-02
2.087E-02
2.222E-02
2.517E-02
2.617E-02
3.181E-02
3.469E-02
3.934E-02
4.424E-02
4.440E-02
5.024E-02
5.040E-02
5.618E-02
5.747E-02
6.160E-02
6.477E-02
6.721E-02
6.835E-02
7.300E-02
7.320E-02
8.559E-02
8.799E-02
9.271E-02
1.066E-01
1.071E-01
1.081E-01
1.262E-01
1.323E-01
1.376E-01
1.414E-01
1.414E-01
1.420E-01
1.451E-01
1.463E-01
1.496E-01
1.901E-01
2.217E-01
2.752E-01
2.956E-01
3.172E-01
3.269E-01
3.431E-01
3.611E-01
3.648E-01
3.730E-01
3.789E-01
2.5600E+01 2.263E-03
2.6600E+01 4.922E-03
2.7600E+01 7.665E-03
2.8600E+01 1.098E-02
2.9600E+01 1.393E-02
3.0600E+01 1.745E-02
3.1600E+01 2.018E-02
3.2600E+01 2.252E-02
3.3600E+01 2.510E-02
3.4600E+01 2.726E-02
4.0000E+01 3.643E-02
4.5000E+01 4.201E-02
5.0000E+01 4.402E-02
5.5000E+01 4.369E-02
6.0000E+01 4.332E-02
6.5000E+01 4.216E-02
7.0000E+01 4.072E-02
7.5000E+01 3.991E-02
8.0000E+01 3.904E-02
8.5000E+01 3.608E-02
1.0000E+02 3.254E-02
1.1000E+02 2.898E-02
1.2000E+02 2.644E-02
1.3000E+02 2.505E-02
1.4000E+02 2.178E-02
1.5000E+02 2.024E-02
1.6000E+02 1.869E-02
1.7000E+02 1.689E-02
1.8000E+02 1.581E-02
1.9000E+02 1.489E-02
2.1000E+02 1.253E-02
2.3000E+02 1.134E-02
2.5000E+02 9.886E-03
2.7000E+02 8.990E-03
2.9000E+02 8.220E-03
3.1000E+02 7.361E-03
3.3000E+02 6.603E-03
3.5000E+02 6.042E-03
3.7000E+02 5.637E-03
3.9000E+02 5.236E-03
4.3000E+02 4.340E-03
4.7000E+02 3.898E-03
5.1000E+02 3.390E-03
