1.173E-03
1.370E-03
1.474E-03
1.619E-03
1.717E-03
1.934E-03
2.026E-03
2.138E-03
2.380E-03
2.437E-03
2.664E-03
2.683E-03
2.964E-03
2.994E-03
3.306E-03
3.401E-03
3.723E-03
3.898E-03
4.218E-03
4.497E-03
4.803E-03
5.257E-03
5.522E-03
6.197E-03
6.428E-03
7.490E-03
7.593E-03
8.209E-03
9.123E-03
9.154E-03
1.007E-02
1.027E-02
1.124E-02
1.158E-02
1.259E-02
1.322E-02
1.418E-02
1.523E-02
1.628E-02
1.773E-02
1.874E-02
2.089E-02
2.198E-02
2.540E-02
2.586E-02
3.134E-02
3.491E-02
3.962E-02
4.362E-02
4.467E-02
4.980E-02
5.074E-02
5.649E-02
5.694E-02
6.254E-02
6.408E-02
6.863E-02
7.024E-02
7.302E-02
7.415E-02
8.359E-02
8.851E-02
9.137E-02
1.064E-01
1.086E-01
1.099E-01
1.336E-01
1.374E-01
1.380E-01
1.424E-01
1.471E-01
1.478E-01
1.503E-01
1.519E-01
1.541E-01
1.889E-01
2.183E-01
2.760E-01
2.946E-01
3.129E-01
3.171E-01
3.391E-01
3.487E-01
3.635E-01
3.763E-01
3.787E-01
2.5600E+01 2.272E-03
2.6600E+01 4.873E-03
2.7600E+01 7.938E-03
2.8600E+01 1.116E-02
2.9600E+01 1.456E-02
3.0600E+01 1.704E-02
3.1600E+01 2.062E-02
3.2600E+01 2.327E-02
3.3600E+01 2.563E-02
3.4600E+01 2.822E-02
4.0000E+01 3.746E-02
4.5000E+01 4.060E-02
5.0000E+01 4.362E-02
5.5000E+01 4.390E-02
6.0000E+01 4.432E-02
6.5000E+01 4.339E-02
7.0000E+01 4.117E-02
7.5000E+01 3.950E-02
8.0000E+01 3.958E-02
8.5000E+01 3.647E-02
1.0000E+02 3.269E-02
1.1000E+02 2.858E-02
1.2000E+02 2.669E-02
1.3000E+02 2.461E-02
1.4000E+02 2.271E-02
1.5000E+02 2.040E-02
1.6000E+02 1.941E-02
1.7000E+02 1.786E-02
1.8000E+02 1.584E-02
1.9000E+02 1.563E-02
2.1000E+02 1.320E-02
2.3000E+02 1.157E-02
2.5000E+02 1.040E-02
2.7000E+02 9.162E-03
2.9000E+02 8.110E-03
3.1000E+02 7.409E-03
3.3000E+02 6.857E-03
3.5000E+02 6.197E-03
3.7000E+02 5.512E-03
3.9000E+02 5.048E-03
4.3000E+02 4.502E-03
4.7000E+02 3.861E-03
5.1000E+02 3.355E-03
