1.195E-03
1.366E-03
1.465E-03
1.611E-03
1.699E-03
1.930E-03
1.998E-03
2.132E-03
2.366E-03
2.394E-03
2.642E-03
2.645E-03
2.933E-03
2.973E-03
3.267E-03
3.376E-03
3.659E-03
3.813E-03
4.139E-03
4.435E-03
4.713E-03
5.190E-03
5.436E-03
6.118E-03
6.363E-03
7.429E-03
7.503E-03
8.269E-03
9.079E-03
9.196E-03
1.005E-02
1.031E-02
1.112E-02
1.166E-02
1.256E-02
1.334E-02
1.415E-02
1.517E-02
1.622E-02
1.776E-02
1.868E-02
2.095E-02
2.186E-02
2.529E-02
2.587E-02
3.122E-02
3.484E-02
3.945E-02
4.364E-02
4.459E-02
4.957E-02
5.088E-02
5.618E-02
5.659E-02
6.218E-02
6.451E-02
6.757E-02
7.016E-02
7.213E-02
7.349E-02
8.325E-02
8.838E-02
9.074E-02
1.056E-01
1.086E-01
1.116E-01
1.350E-01
1.356E-01
1.366E-01
1.405E-01
1.458E-01
1.474E-01
1.477E-01
1.511E-01
1.515E-01
1.866E-01
2.181E-01
2.697E-01
2.898E-01
3.122E-01
3.237E-01
3.291E-01
3.535E-01
3.670E-01
3.691E-01
3.792E-01
2.5600E+01 2.280E-03
2.6600E+01 5.011E-03
2.7600E+01 8.048E-03
2.8600E+01 1.123E-02
2.9600E+01 1.427E-02
3.0600E+01 1.726E-02
3.1600E+01 1.988E-02
3.2600E+01 2.296E-02
3.3600E+01 2.532E-02
3.4600E+01 2.760E-02
4.0000E+01 3.667E-02
4.5000E+01 4.088E-02
5.0000E+01 4.280E-02
5.5000E+01 4.329E-02
6.0000E+01 4.232E-02
6.5000E+01 4.170E-02
7.0000E+01 4.201E-02
7.5000E+01 3.980E-02
8.0000E+01 3.814E-02
8.5000E+01 3.646E-02
1.0000E+02 3.265E-02
1.1000E+02 2.874E-02
1.2000E+02 2.747E-02
1.3000E+02 2.333E-02
1.4000E+02 2.302E-02
1.5000E+02 2.062E-02
1.6000E+02 1.865E-02
1.7000E+02 1.752E-02
1.8000E+02 1.645E-02
1.9000E+02 1.517E-02
2.1000E+02 1.284E-02
2.3000E+02 1.166E-02
2.5000E+02 1.029E-02
2.7000E+02 8.697E-03
2.9000E+02 8.364E-03
3.1000E+02 7.538E-03
3.3000E+02 6.782E-03
3.5000E+02 6.137E-03
3.7000E+02 5.601E-03
3.9000E+02 5.177E-03
4.3000E+02 4.508E-03
4.7000E+02 3.952E-03
5.1000E+02 3.441E-03
