0.000E+00
0.000E+00
0.000E+00
0.000E+00
0.000E+00
0.000E+00
0.000E+00
0.000E+00
0.000E+00
0.000E+00
0.000E+00
0.000E+00
0.000E+00
0.000E+00
0.000E+00
0.000E+00
0.000E+00
0.000E+00
0.000E+00
0.000E+00
0.000E+00
0.000E+00
0.000E+00
0.000E+00
0.000E+00
0.000E+00
0.000E+00
0.000E+00
0.000E+00
0.000E+00
1.801E-05
2.095E-05
8.068E-04
9.207E-04
1.033E-03
1.174E-03
1.279E-03
1.359E-03
1.408E-03
1.535E-03
1.565E-03
1.677E-03
1.727E-03
1.734E-03
1.831E-03
1.910E-03
1.984E-03
2.034E-03
2.158E-03
2.218E-03
2.377E-03
2.377E-03
2.634E-03
2.759E-03
2.903E-03
2.906E-03
2.971E-03
3.226E-03
3.466E-03
3.480E-03
3.510E-03
3.591E-03
3.761E-03
3.775E-03
3.828E-03
4.086E-03
4.099E-03
4.146E-03
4.355E-03
4.475E-03
4.731E-03
4.750E-03
4.802E-03
5.043E-03
5.054E-03
5.102E-03
5.431E-03
5.830E-03
5.976E-03
6.000E-03
6.267E-03
6.647E-03
6.790E-03
6.942E-03
7.240E-03
7.272E-03
2.5600E+01 0.000E+00
2.6600E+01 0.000E+00
2.7600E+01 0.000E+00
2.8600E+01 0.000E+00
2.9600E+01 0.000E+00
3.0600E+01 0.000E+00
3.1600E+01 0.000E+00
3.2600E+01 0.000E+00
3.3600E+01 0.000E+00
3.4600E+01 0.000E+00
4.0000E+01 0.000E+00
4.5000E+01 0.000E+00
5.0000E+01 0.000E+00
5.5000E+01 0.000E+00
6.0000E+01 0.000E+00
6.5000E+01 8.749E-06
7.0000E+01 3.718E-05
7.5000E+01 4.836E-05
8.0000E+01 1.954E-04
8.5000E+01 1.479E-04
1.0000E+02 3.016E-04
1.1000E+02 4.231E-04
1.2000E+02 5.660E-04
1.3000E+02 6.315E-04
1.4000E+02 6.367E-04
1.5000E+02 6.664E-04
1.6000E+02 7.608E-04
1.7000E+02 8.510E-04
1.8000E+02 8.849E-04
1.9000E+02 8.645E-04
2.1000E+02 8.648E-04
2.3000E+02 9.105E-04
2.5000E+02 8.338E-04
2.7000E+02 6.686E-04
2.9000E+02 7.256E-04
3.1000E+02 6.828E-04
3.3000E+02 6.254E-04
3.5000E+02 5.667E-04
3.7000E+02 5.155E-04
3.9000E+02 4.696E-04
4.3000E+02 4.007E-04
4.7000E+02 3.495E-04
5.1000E+02 3.069E-04
