0.000E+00
0.000E+00
0.000E+00
0.000E+00
0.000E+00
0.000E+00
0.000E+00
0.000E+00
0.000E+00
0.000E+00
0.000E+00
0.000E+00
0.000E+00
0.000E+00
0.000E+00
0.000E+00
0.000E+00
0.000E+00
0.000E+00
0.000E+00
0.000E+00
0.000E+00
0.000E+00
0.000E+00
0.000E+00
0.000E+00
0.000E+00
0.000E+00
0.000E+00
0.000E+00
0.000E+00
0.000E+00
0.000E+00
0.000E+00
0.000E+00
0.000E+00
1.422E-05
1.507E-05
1.657E-05
1.993E-05
2.405E-05
2.926E-05
2.970E-05
3.188E-05
3.557E-05
3.899E-05
5.122E-05
5.777E-05
6.356E-05
6.444E-05
7.415E-05
7.897E-05
8.685E-05
9.251E-05
9.437E-05
1.017E-04
1.076E-04
1.087E-04
1.090E-04
1.106E-04
1.127E-04
1.148E-04
1.190E-04
1.292E-04
1.323E-04
1.405E-04
1.509E-04
1.833E-04
1.859E-04
2.232E-04
2.470E-04
2.474E-04
2.529E-04
2.612E-04
2.631E-04
2.664E-04
2.842E-04
2.939E-04
2.981E-04
3.073E-04
2.5600E+01 0.000E+00
2.6600E+01 0.000E+00
2.7600E+01 0.000E+00
2.8600E+01 0.000E+00
2.9600E+01 0.000E+00
3.0600E+01 0.000E+00
3.1600E+01 0.000E+00
3.2600E+01 0.000E+00
3.3600E+01 0.000E+00
3.4600E+01 0.000E+00
4.0000E+01 0.000E+00
4.5000E+01 0.000E+00
5.0000E+01 0.000E+00
5.5000E+01 0.000E+00
6.0000E+01 0.000E+00
6.5000E+01 0.000E+00
7.0000E+01 0.000E+00
7.5000E+01 0.000E+00
8.0000E+01 2.255E-05
8.5000E+01 2.242E-05
1.0000E+02 2.528E-05
1.1000E+02 7.040E-05
1.2000E+02 8.030E-05
1.3000E+02 1.599E-04
1.4000E+02 1.486E-04
1.5000E+02 2.053E-04
1.6000E+02 2.397E-04
1.7000E+02 2.544E-04
1.8000E+02 2.616E-04
1.9000E+02 2.996E-04
2.1000E+02 3.386E-04
2.3000E+02 3.334E-04
2.9000E+02 2.953E-04
3.3000E+02 2.375E-04
3.5000E+02 2.184E-04
3.7000E+02 2.027E-04
3.9000E+02 1.905E-04
4.3000E+02 1.617E-04
4.7000E+02 1.347E-04
5.1000E+02 1.115E-04
