0.000E+00
0.000E+00
0.000E+00
0.000E+00
0.000E+00
0.000E+00
0.000E+00
0.000E+00
0.000E+00
0.000E+00
0.000E+00
0.000E+00
0.000E+00
0.000E+00
0.000E+00
0.000E+00
0.000E+00
0.000E+00
0.000E+00
0.000E+00
0.000E+00
0.000E+00
0.000E+00
0.000E+00
0.000E+00
0.000E+00
0.000E+00
0.000E+00
0.000E+00
0.000E+00
0.000E+00
0.000E+00
0.000E+00
0.000E+00
1.174E-06
2.361E-06
3.525E-05
3.927E-05
4.182E-05
4.367E-05
4.963E-05
6.013E-05
6.238E-05
6.828E-05
7.642E-05
9.970E-05
1.007E-04
1.119E-04
1.166E-04
1.367E-04
1.372E-04
1.484E-04
1.601E-04
1.674E-04
1.699E-04
1.701E-04
1.772E-04
1.854E-04
2.060E-04
2.061E-04
2.140E-04
2.329E-04
2.470E-04
2.515E-04
2.757E-04
2.815E-04
2.922E-04
2.977E-04
3.465E-04
3.670E-04
3.829E-04
3.878E-04
3.887E-04
3.954E-04
4.115E-04
4.303E-04
4.351E-04
4.456E-04
4.534E-04
4.670E-04
2.5600E+01 0.000E+00
2.6600E+01 0.000E+00
2.7600E+01 0.000E+00
2.8600E+01 0.000E+00
2.9600E+01 0.000E+00
3.0600E+01 0.000E+00
3.1600E+01 0.000E+00
3.2600E+01 0.000E+00
3.3600E+01 0.000E+00
3.4600E+01 0.000E+00
4.0000E+01 0.000E+00
4.5000E+01 0.000E+00
5.0000E+01 0.000E+00
5.5000E+01 0.000E+00
6.0000E+01 0.000E+00
6.5000E+01 0.000E+00
7.0000E+01 0.000E+00
7.5000E+01 1.892E-06
8.0000E+01 2.757E-05
8.5000E+01 1.729E-05
1.0000E+02 2.317E-05
1.1000E+02 5.921E-05
1.2000E+02 6.789E-05
1.3000E+02 1.140E-04
1.4000E+02 1.158E-04
1.5000E+02 1.599E-04
1.6000E+02 1.892E-04
1.7000E+02 1.941E-04
1.8000E+02 1.967E-04
1.9000E+02 2.260E-04
2.1000E+02 2.683E-04
2.3000E+02 2.508E-04
2.9000E+02 2.265E-04
3.3000E+02 1.834E-04
3.5000E+02 1.696E-04
3.7000E+02 1.589E-04
3.9000E+02 1.500E-04
4.3000E+02 1.288E-04
4.7000E+02 1.076E-04
5.1000E+02 8.953E-05
