0.000E+00
0.000E+00
0.000E+00
0.000E+00
0.000E+00
0.000E+00
0.000E+00
0.000E+00
0.000E+00
0.000E+00
0.000E+00
0.000E+00
0.000E+00
0.000E+00
0.000E+00
0.000E+00
0.000E+00
0.000E+00
0.000E+00
0.000E+00
0.000E+00
0.000E+00
0.000E+00
0.000E+00
0.000E+00
0.000E+00
0.000E+00
0.000E+00
0.000E+00
0.000E+00
0.000E+00
0.000E+00
0.000E+00
0.000E+00
5.399E-05
1.078E-04
2.609E-04
2.699E-04
2.895E-04
3.386E-04
4.061E-04
4.222E-04
4.378E-04
4.915E-04
5.575E-04
5.646E-04
5.701E-04
5.816E-04
6.371E-04
6.440E-04
7.430E-04
7.439E-04
7.971E-04
8.232E-04
8.843E-04
9.450E-04
9.485E-04
9.817E-04
1.075E-03
1.128E-03
1.166E-03
1.193E-03
1.255E-03
1.328E-03
1.336E-03
1.337E-03
1.404E-03
1.494E-03
1.552E-03
1.557E-03
1.599E-03
1.636E-03
1.653E-03
1.727E-03
1.903E-03
2.155E-03
2.417E-03
2.501E-03
2.535E-03
2.565E-03
2.808E-03
2.831E-03
2.867E-03
2.955E-03
2.974E-03
2.983E-03
2.5600E+01 0.000E+00
2.6600E+01 0.000E+00
2.7600E+01 0.000E+00
2.8600E+01 0.000E+00
2.9600E+01 0.000E+00
3.0600E+01 0.000E+00
3.1600E+01 0.000E+00
3.2600E+01 0.000E+00
3.3600E+01 0.000E+00
3.4600E+01 0.000E+00
4.0000E+01 0.000E+00
4.5000E+01 0.000E+00
5.0000E+01 0.000E+00
5.5000E+01 0.000E+00
6.0000E+01 0.000E+00
6.5000E+01 0.000E+00
7.0000E+01 0.000E+00
7.5000E+01 3.562E-05
8.0000E+01 4.953E-05
8.5000E+01 6.444E-05
1.0000E+02 1.311E-04
1.1000E+02 2.483E-04
1.2000E+02 3.666E-04
1.3000E+02 4.495E-04
1.4000E+02 6.127E-04
1.5000E+02 6.292E-04
1.6000E+02 6.732E-04
1.7000E+02 7.942E-04
1.8000E+02 8.122E-04
1.9000E+02 8.210E-04
2.1000E+02 9.087E-04
2.3000E+02 8.847E-04
2.5000E+02 7.631E-04
2.7000E+02 6.711E-04
2.9000E+02 6.350E-04
3.1000E+02 5.812E-04
3.3000E+02 5.222E-04
3.5000E+02 4.660E-04
3.7000E+02 4.068E-04
3.9000E+02 3.749E-04
4.3000E+02 3.154E-04
4.7000E+02 2.704E-04
5.1000E+02 2.371E-04
