0.000E+00
0.000E+00
0.000E+00
0.000E+00
0.000E+00
0.000E+00
0.000E+00
0.000E+00
0.000E+00
0.000E+00
0.000E+00
0.000E+00
0.000E+00
0.000E+00
0.000E+00
0.000E+00
0.000E+00
0.000E+00
0.000E+00
0.000E+00
0.000E+00
0.000E+00
0.000E+00
0.000E+00
0.000E+00
0.000E+00
0.000E+00
0.000E+00
0.000E+00
0.000E+00
0.000E+00
0.000E+00
0.000E+00
0.000E+00
2.740E-07
1.055E-06
2.093E-05
5.044E-05
6.891E-05
8.187E-05
8.228E-05
1.014E-04
1.221E-04
1.294E-04
1.305E-04
1.382E-04
1.411E-04
1.502E-04
1.566E-04
1.749E-04
1.807E-04
1.987E-04
1.995E-04
2.151E-04
2.270E-04
2.374E-04
2.441E-04
2.705E-04
2.787E-04
2.984E-04
2.995E-04
3.013E-04
3.218E-04
3.440E-04
3.508E-04
3.558E-04
3.614E-04
4.041E-04
4.059E-04
4.209E-04
4.653E-04
4.674E-04
4.821E-04
4.880E-04
5.200E-04
5.341E-04
5.366E-04
5.660E-04
5.853E-04
6.292E-04
6.338E-04
6.366E-04
6.710E-04
6.740E-04
7.030E-04
7.298E-04
2.5600E+01 0.000E+00
2.6600E+01 0.000E+00
2.7600E+01 0.000E+00
2.8600E+01 0.000E+00
2.9600E+01 0.000E+00
3.0600E+01 0.000E+00
3.1600E+01 0.000E+00
3.2600E+01 0.000E+00
3.3600E+01 0.000E+00
3.4600E+01 0.000E+00
4.0000E+01 0.000E+00
4.5000E+01 0.000E+00
5.0000E+01 0.000E+00
5.5000E+01 0.000E+00
6.0000E+01 0.000E+00
6.5000E+01 0.000E+00
7.0000E+01 0.000E+00
7.5000E+01 1.485E-06
8.0000E+01 7.353E-06
8.5000E+01 3.555E-05
1.0000E+02 1.841E-05
1.1000E+02 2.500E-05
1.2000E+02 4.414E-05
1.3000E+02 8.230E-05
1.4000E+02 8.261E-05
1.5000E+02 7.024E-05
1.6000E+02 6.736E-05
1.7000E+02 7.056E-05
1.8000E+02 8.224E-05
1.9000E+02 8.470E-05
2.1000E+02 1.111E-04
2.3000E+02 1.062E-04
2.5000E+02 1.233E-04
2.7000E+02 1.488E-04
2.9000E+02 1.593E-04
3.1000E+02 1.596E-04
3.3000E+02 1.606E-04
3.5000E+02 1.702E-04
3.7000E+02 1.834E-04
3.9000E+02 1.834E-04
4.3000E+02 1.325E-04
4.7000E+02 1.517E-04
5.1000E+02 1.361E-04
