0.000E+00
0.000E+00
0.000E+00
0.000E+00
0.000E+00
0.000E+00
0.000E+00
0.000E+00
0.000E+00
0.000E+00
0.000E+00
0.000E+00
0.000E+00
0.000E+00
0.000E+00
0.000E+00
0.000E+00
0.000E+00
0.000E+00
0.000E+00
0.000E+00
0.000E+00
0.000E+00
0.000E+00
0.000E+00
0.000E+00
0.000E+00
0.000E+00
0.000E+00
0.000E+00
0.000E+00
0.000E+00
0.000E+00
0.000E+00
4.408E-05
1.118E-04
1.986E-04
2.070E-04
2.241E-04
2.392E-04
2.791E-04
2.937E-04
3.159E-04
3.506E-04
3.885E-04
4.172E-04
4.627E-04
4.653E-04
4.823E-04
5.045E-04
5.053E-04
5.683E-04
5.831E-04
5.904E-04
6.796E-04
6.909E-04
7.361E-04
8.017E-04
8.192E-04
8.466E-04
8.712E-04
8.904E-04
8.988E-04
9.540E-04
9.857E-04
9.995E-04
1.011E-03
1.060E-03
1.069E-03
1.083E-03
1.088E-03
1.118E-03
1.189E-03
1.407E-03
1.496E-03
1.653E-03
1.691E-03
1.953E-03
1.979E-03
2.024E-03
2.211E-03
2.257E-03
2.278E-03
2.367E-03
2.383E-03
2.386E-03
2.5600E+01 0.000E+00
2.6600E+01 0.000E+00
2.7600E+01 0.000E+00
2.8600E+01 0.000E+00
2.9600E+01 0.000E+00
3.0600E+01 0.000E+00
3.1600E+01 0.000E+00
3.2600E+01 0.000E+00
3.3600E+01 0.000E+00
3.4600E+01 0.000E+00
4.0000E+01 0.000E+00
4.5000E+01 0.000E+00
5.0000E+01 0.000E+00
5.5000E+01 0.000E+00
6.0000E+01 0.000E+00
6.5000E+01 0.000E+00
7.0000E+01 0.000E+00
7.5000E+01 7.091E-06
8.0000E+01 1.296E-05
8.5000E+01 3.873E-05
1.0000E+02 4.117E-05
1.1000E+02 3.859E-05
1.2000E+02 5.969E-05
1.3000E+02 1.041E-04
1.4000E+02 1.156E-04
1.5000E+02 1.309E-04
1.6000E+02 1.358E-04
1.7000E+02 1.362E-04
1.8000E+02 1.568E-04
1.9000E+02 1.672E-04
2.1000E+02 1.720E-04
2.3000E+02 1.775E-04
2.5000E+02 1.662E-04
2.7000E+02 1.787E-04
2.9000E+02 1.842E-04
3.1000E+02 1.795E-04
3.3000E+02 1.729E-04
3.5000E+02 1.719E-04
3.7000E+02 1.751E-04
3.9000E+02 1.709E-04
4.3000E+02 1.323E-04
4.7000E+02 1.363E-04
5.1000E+02 1.223E-04
