0.000E+00
0.000E+00
0.000E+00
0.000E+00
0.000E+00
0.000E+00
0.000E+00
0.000E+00
0.000E+00
0.000E+00
0.000E+00
0.000E+00
0.000E+00
0.000E+00
0.000E+00
0.000E+00
0.000E+00
0.000E+00
0.000E+00
0.000E+00
0.000E+00
0.000E+00
0.000E+00
0.000E+00
0.000E+00
0.000E+00
0.000E+00
0.000E+00
0.000E+00
0.000E+00
0.000E+00
0.000E+00
0.000E+00
0.000E+00
3.934E-05
1.061E-04
2.689E-04
3.266E-04
3.693E-04
3.960E-04
4.335E-04
4.669E-04
5.137E-04
5.279E-04
5.721E-04
5.958E-04
6.160E-04
6.365E-04
6.894E-04
6.923E-04
7.311E-04
7.459E-04
7.800E-04
8.351E-04
8.781E-04
9.049E-04
9.954E-04
1.044E-03
1.105E-03
1.115E-03
1.228E-03
1.271E-03
1.277E-03
1.333E-03
1.345E-03
1.349E-03
1.446E-03
1.576E-03
1.630E-03
1.650E-03
1.789E-03
1.806E-03
1.913E-03
1.982E-03
1.986E-03
2.071E-03
2.336E-03
2.398E-03
2.554E-03
2.592E-03
2.780E-03
2.865E-03
3.028E-03
3.191E-03
3.260E-03
3.308E-03
2.5600E+01 0.000E+00
2.6600E+01 0.000E+00
2.7600E+01 0.000E+00
2.8600E+01 0.000E+00
2.9600E+01 0.000E+00
3.0600E+01 0.000E+00
3.1600E+01 0.000E+00
3.2600E+01 0.000E+00
3.3600E+01 0.000E+00
3.4600E+01 0.000E+00
4.0000E+01 0.000E+00
4.5000E+01 0.000E+00
5.0000E+01 0.000E+00
5.5000E+01 0.000E+00
6.0000E+01 0.000E+00
6.5000E+01 0.000E+00
7.0000E+01 0.000E+00
7.5000E+01 1.383E-06
8.0000E+01 4.778E-06
8.5000E+01 1.017E-05
1.0000E+02 6.261E-05
1.1000E+02 1.255E-04
1.2000E+02 1.546E-04
1.3000E+02 1.948E-04
1.4000E+02 2.434E-04
1.5000E+02 2.491E-04
1.6000E+02 2.182E-04
1.7000E+02 2.526E-04
1.8000E+02 2.502E-04
1.9000E+02 2.570E-04
2.1000E+02 2.341E-04
2.3000E+02 2.442E-04
2.5000E+02 2.587E-04
2.7000E+02 2.708E-04
2.9000E+02 2.695E-04
3.1000E+02 2.543E-04
3.3000E+02 2.326E-04
3.5000E+02 2.106E-04
3.7000E+02 1.907E-04
3.9000E+02 1.739E-04
4.3000E+02 1.501E-04
4.7000E+02 1.376E-04
5.1000E+02 1.273E-04
