1.174E-03
1.364E-03
1.605E-03
1.616E-03
1.869E-03
1.919E-03
2.118E-03
2.197E-03
2.354E-03
2.631E-03
2.639E-03
2.915E-03
2.959E-03
3.236E-03
3.351E-03
3.610E-03
3.828E-03
4.049E-03
4.424E-03
4.571E-03
5.186E-03
5.211E-03
6.011E-03
6.158E-03
7.012E-03
7.470E-03
8.236E-03
8.252E-03
9.054E-03
1.001E-02
1.028E-02
1.096E-02
1.164E-02
1.205E-02
1.317E-02
1.367E-02
1.516E-02
1.535E-02
1.732E-02
1.781E-02
1.997E-02
2.100E-02
2.334E-02
2.531E-02
2.722E-02
3.263E-02
3.458E-02
3.924E-02
4.373E-02
4.455E-02
5.005E-02
5.026E-02
5.592E-02
5.612E-02
6.277E-02
6.429E-02
6.626E-02
6.740E-02
7.313E-02
7.378E-02
8.759E-02
9.013E-02
9.391E-02
1.025E-01
1.076E-01
1.093E-01
1.349E-01
1.352E-01
1.413E-01
1.425E-01
1.434E-01
1.442E-01
1.448E-01
1.471E-01
1.481E-01
1.898E-01
2.112E-01
2.759E-01
3.043E-01
3.057E-01
3.164E-01
3.327E-01
3.482E-01
3.690E-01
3.739E-01
3.767E-01
2.5600E+01 2.092E-03
2.6600E+01 4.509E-03
2.7600E+01 7.933E-03
2.8600E+01 1.062E-02
2.9600E+01 1.381E-02
3.0600E+01 1.659E-02
3.1600E+01 1.946E-02
3.2600E+01 2.242E-02
3.3600E+01 2.595E-02
3.4600E+01 2.759E-02
4.0000E+01 3.620E-02
4.5000E+01 4.321E-02
5.0000E+01 4.376E-02
5.5000E+01 4.488E-02
6.0000E+01 4.550E-02
6.5000E+01 4.244E-02
7.0000E+01 4.219E-02
7.5000E+01 3.930E-02
8.0000E+01 4.010E-02
8.5000E+01 3.558E-02
1.0000E+02 3.193E-02
1.1000E+02 2.966E-02
1.2000E+02 2.747E-02
1.3000E+02 2.416E-02
1.4000E+02 2.250E-02
1.5000E+02 2.173E-02
1.6000E+02 1.942E-02
1.7000E+02 1.645E-02
1.8000E+02 1.687E-02
1.9000E+02 1.588E-02
2.1000E+02 1.357E-02
2.3000E+02 1.165E-02
2.5000E+02 1.031E-02
2.7000E+02 9.325E-03
2.9000E+02 8.450E-03
3.1000E+02 7.611E-03
3.3000E+02 6.844E-03
3.5000E+02 6.182E-03
3.7000E+02 5.634E-03
3.9000E+02 5.186E-03
4.3000E+02 4.555E-03
4.7000E+02 4.097E-03
5.1000E+02 3.609E-03
