0.000E+00
0.000E+00
0.000E+00
0.000E+00
0.000E+00
0.000E+00
0.000E+00
0.000E+00
0.000E+00
0.000E+00
0.000E+00
0.000E+00
0.000E+00
0.000E+00
0.000E+00
0.000E+00
0.000E+00
0.000E+00
0.000E+00
0.000E+00
0.000E+00
0.000E+00
0.000E+00
0.000E+00
0.000E+00
0.000E+00
0.000E+00
0.000E+00
0.000E+00
0.000E+00
9.370E-06
2.105E-05
7.819E-04
8.736E-04
9.688E-04
1.006E-03
1.266E-03
1.302E-03
1.334E-03
1.453E-03
1.502E-03
1.678E-03
1.738E-03
1.773E-03
1.817E-03
1.883E-03
1.903E-03
1.983E-03
2.166E-03
2.234E-03
2.254E-03
2.391E-03
2.529E-03
2.610E-03
2.803E-03
2.910E-03
3.115E-03
3.117E-03
3.307E-03
3.349E-03
3.364E-03
3.473E-03
3.721E-03
3.737E-03
3.809E-03
3.946E-03
4.109E-03
4.182E-03
4.286E-03
4.437E-03
4.609E-03
4.749E-03
4.815E-03
4.857E-03
4.933E-03
4.994E-03
5.518E-03
5.852E-03
6.031E-03
6.095E-03
6.497E-03
6.777E-03
6.942E-03
7.118E-03
7.164E-03
7.417E-03
2.5600E+01 0.000E+00
2.6600E+01 0.000E+00
2.7600E+01 0.000E+00
2.8600E+01 0.000E+00
2.9600E+01 0.000E+00
3.0600E+01 0.000E+00
3.1600E+01 0.000E+00
3.2600E+01 0.000E+00
3.3600E+01 0.000E+00
3.4600E+01 0.000E+00
4.0000E+01 0.000E+00
4.5000E+01 0.000E+00
5.0000E+01 0.000E+00
5.5000E+01 0.000E+00
6.0000E+01 0.000E+00
6.5000E+01 8.925E-07
7.0000E+01 4.346E-05
7.5000E+01 8.072E-05
8.0000E+01 1.097E-04
8.5000E+01 1.742E-04
1.0000E+02 4.115E-04
1.1000E+02 5.070E-04
1.2000E+02 5.852E-04
1.3000E+02 7.430E-04
1.4000E+02 8.914E-04
1.5000E+02 8.597E-04
1.6000E+02 1.131E-03
1.7000E+02 1.027E-03
1.8000E+02 9.864E-04
1.9000E+02 9.621E-04
2.1000E+02 1.022E-03
2.3000E+02 9.253E-04
2.5000E+02 8.048E-04
2.7000E+02 7.207E-04
2.9000E+02 6.919E-04
3.1000E+02 6.592E-04
3.3000E+02 6.082E-04
3.5000E+02 5.170E-04
3.7000E+02 4.824E-04
3.9000E+02 3.891E-04
4.3000E+02 3.794E-04
4.7000E+02 3.333E-04
5.1000E+02 2.976E-04
