1.176E-03
1.366E-03
1.487E-03
1.614E-03
1.727E-03
1.992E-03
2.044E-03
2.142E-03
2.395E-03
2.634E-03
2.637E-03
2.699E-03
2.969E-03
2.985E-03
3.313E-03
3.374E-03
3.732E-03
3.856E-03
4.223E-03
4.448E-03
4.820E-03
5.204E-03
5.537E-03
6.185E-03
6.447E-03
7.420E-03
7.669E-03
8.255E-03
9.196E-03
9.228E-03
1.026E-02
1.030E-02
1.137E-02
1.156E-02
1.277E-02
1.332E-02
1.444E-02
1.528E-02
1.649E-02
1.791E-02
1.896E-02
2.112E-02
2.217E-02
2.562E-02
2.624E-02
3.185E-02
3.528E-02
3.998E-02
4.403E-02
4.507E-02
5.024E-02
5.133E-02
5.689E-02
5.761E-02
6.388E-02
6.523E-02
6.908E-02
7.388E-02
7.490E-02
7.834E-02
8.588E-02
9.092E-02
9.239E-02
1.069E-01
1.100E-01
1.182E-01
1.397E-01
1.408E-01
1.425E-01
1.458E-01
1.501E-01
1.523E-01
1.536E-01
1.559E-01
1.568E-01
1.878E-01
2.431E-01
2.778E-01
3.005E-01
3.210E-01
3.381E-01
3.417E-01
3.629E-01
3.818E-01
3.869E-01
3.945E-01
2.5600E+01 2.543E-03
2.6600E+01 5.297E-03
2.7600E+01 8.465E-03
2.8600E+01 1.165E-02
2.9600E+01 1.472E-02
3.0600E+01 1.763E-02
3.1600E+01 2.036E-02
3.2600E+01 2.347E-02
3.3600E+01 2.620E-02
3.4600E+01 2.826E-02
4.0000E+01 3.649E-02
4.5000E+01 4.230E-02
5.0000E+01 4.356E-02
5.5000E+01 4.534E-02
6.0000E+01 4.406E-02
6.5000E+01 4.373E-02
7.0000E+01 4.216E-02
7.5000E+01 3.954E-02
8.0000E+01 3.890E-02
8.5000E+01 3.650E-02
1.0000E+02 3.300E-02
1.1000E+02 2.894E-02
1.2000E+02 2.704E-02
1.3000E+02 2.393E-02
1.4000E+02 2.280E-02
1.5000E+02 2.010E-02
1.6000E+02 1.887E-02
1.7000E+02 1.770E-02
1.8000E+02 1.595E-02
1.9000E+02 1.477E-02
2.1000E+02 1.314E-02
2.3000E+02 1.143E-02
2.5000E+02 1.003E-02
2.7000E+02 9.254E-03
2.9000E+02 8.423E-03
3.1000E+02 7.274E-03
3.3000E+02 6.415E-03
3.5000E+02 6.371E-03
3.7000E+02 5.811E-03
3.9000E+02 5.347E-03
4.3000E+02 4.492E-03
4.7000E+02 3.892E-03
5.1000E+02 3.434E-03
