0.000E+00
0.000E+00
0.000E+00
0.000E+00
0.000E+00
0.000E+00
0.000E+00
0.000E+00
0.000E+00
0.000E+00
0.000E+00
0.000E+00
0.000E+00
0.000E+00
0.000E+00
0.000E+00
0.000E+00
0.000E+00
0.000E+00
0.000E+00
0.000E+00
0.000E+00
0.000E+00
0.000E+00
0.000E+00
0.000E+00
0.000E+00
0.000E+00
0.000E+00
0.000E+00
0.000E+00
0.000E+00
0.000E+00
0.000E+00
9.595E-05
1.339E-04
1.966E-04
2.251E-04
2.316E-04
2.603E-04
2.943E-04
3.120E-04
3.358E-04
3.691E-04
4.061E-04
4.205E-04
4.557E-04
4.684E-04
4.707E-04
4.956E-04
5.033E-04
5.356E-04
5.405E-04
6.072E-04
6.108E-04
6.540E-04
6.738E-04
7.101E-04
7.718E-04
7.844E-04
8.193E-04
8.815E-04
9.512E-04
9.573E-04
9.907E-04
9.915E-04
1.004E-03
1.082E-03
1.171E-03
1.222E-03
1.248E-03
1.271E-03
1.277E-03
1.317E-03
1.321E-03
1.472E-03
1.681E-03
1.713E-03
1.748E-03
1.949E-03
2.022E-03
2.122E-03
2.155E-03
2.232E-03
2.247E-03
2.306E-03
2.5600E+01 0.000E+00
2.6600E+01 0.000E+00
2.7600E+01 0.000E+00
2.8600E+01 0.000E+00
2.9600E+01 0.000E+00
3.0600E+01 0.000E+00
3.1600E+01 0.000E+00
3.2600E+01 0.000E+00
3.3600E+01 0.000E+00
3.4600E+01 0.000E+00
4.0000E+01 0.000E+00
4.5000E+01 0.000E+00
5.0000E+01 0.000E+00
5.5000E+01 0.000E+00
6.0000E+01 0.000E+00
6.5000E+01 0.000E+00
7.0000E+01 0.000E+00
7.5000E+01 1.124E-04
8.0000E+01 2.744E-05
8.5000E+01 2.363E-05
1.0000E+02 5.677E-05
1.1000E+02 1.089E-04
1.2000E+02 1.109E-04
1.3000E+02 2.006E-04
1.4000E+02 1.685E-04
1.5000E+02 2.163E-04
1.6000E+02 2.442E-04
1.7000E+02 2.594E-04
1.8000E+02 2.658E-04
1.9000E+02 2.981E-04
2.1000E+02 3.530E-04
2.3000E+02 3.166E-04
2.5000E+02 3.355E-04
2.7000E+02 2.998E-04
2.9000E+02 2.764E-04
3.1000E+02 2.499E-04
3.3000E+02 2.253E-04
3.5000E+02 2.047E-04
3.7000E+02 1.879E-04
3.9000E+02 1.743E-04
4.3000E+02 1.514E-04
4.7000E+02 1.313E-04
5.1000E+02 1.142E-04
