1.166E-03
1.378E-03
1.498E-03
1.602E-03
1.729E-03
1.924E-03
2.069E-03
2.125E-03
2.363E-03
2.460E-03
2.644E-03
2.706E-03
2.974E-03
3.002E-03
3.353E-03
3.367E-03
3.763E-03
3.849E-03
4.245E-03
4.443E-03
4.841E-03
5.225E-03
5.568E-03
6.140E-03
6.488E-03
7.488E-03
7.630E-03
8.260E-03
9.173E-03
9.187E-03
1.009E-02
1.037E-02
1.127E-02
1.163E-02
1.263E-02
1.322E-02
1.423E-02
1.532E-02
1.630E-02
1.777E-02
1.889E-02
2.102E-02
2.194E-02
2.536E-02
2.592E-02
3.138E-02
3.510E-02
3.954E-02
4.387E-02
4.508E-02
4.953E-02
5.087E-02
5.663E-02
5.693E-02
6.279E-02
6.404E-02
6.484E-02
7.268E-02
7.384E-02
7.393E-02
8.402E-02
8.419E-02
8.884E-02
1.057E-01
1.083E-01
1.119E-01
1.368E-01
1.371E-01
1.374E-01
1.430E-01
1.471E-01
1.472E-01
1.502E-01
1.534E-01
1.536E-01
1.855E-01
2.303E-01
2.734E-01
2.969E-01
3.159E-01
3.238E-01
3.345E-01
3.592E-01
3.734E-01
3.747E-01
3.781E-01
2.5600E+01 2.407E-03
2.6600E+01 5.016E-03
2.7600E+01 8.168E-03
2.8600E+01 1.117E-02
2.9600E+01 1.445E-02
3.0600E+01 1.754E-02
3.1600E+01 2.022E-02
3.2600E+01 2.310E-02
3.3600E+01 2.578E-02
3.4600E+01 2.780E-02
4.0000E+01 3.619E-02
4.5000E+01 4.078E-02
5.0000E+01 4.295E-02
5.5000E+01 4.417E-02
6.0000E+01 4.354E-02
6.5000E+01 4.274E-02
7.0000E+01 4.087E-02
7.5000E+01 4.049E-02
8.0000E+01 3.829E-02
8.5000E+01 3.652E-02
1.0000E+02 3.231E-02
1.1000E+02 2.890E-02
1.2000E+02 2.668E-02
1.3000E+02 2.511E-02
1.4000E+02 2.191E-02
1.5000E+02 2.028E-02
1.6000E+02 1.880E-02
1.7000E+02 1.697E-02
1.8000E+02 1.581E-02
1.9000E+02 1.495E-02
2.1000E+02 1.255E-02
2.3000E+02 1.141E-02
2.5000E+02 9.894E-03
2.7000E+02 8.975E-03
2.9000E+02 8.209E-03
3.1000E+02 7.360E-03
3.3000E+02 6.598E-03
3.5000E+02 6.034E-03
3.7000E+02 5.625E-03
3.9000E+02 5.227E-03
4.3000E+02 4.399E-03
4.7000E+02 3.869E-03
5.1000E+02 3.386E-03
