1.200E-03
1.391E-03
1.522E-03
1.643E-03
1.778E-03
1.971E-03
2.084E-03
2.180E-03
2.421E-03
2.494E-03
2.702E-03
2.750E-03
3.030E-03
3.049E-03
3.391E-03
3.419E-03
3.791E-03
3.892E-03
4.273E-03
4.542E-03
4.853E-03
5.249E-03
5.631E-03
6.313E-03
6.503E-03
7.589E-03
7.764E-03
8.429E-03
9.299E-03
9.376E-03
1.032E-02
1.047E-02
1.144E-02
1.178E-02
1.276E-02
1.338E-02
1.447E-02
1.541E-02
1.639E-02
1.791E-02
1.901E-02
2.126E-02
2.213E-02
2.565E-02
2.627E-02
3.179E-02
3.545E-02
4.011E-02
4.404E-02
4.511E-02
5.028E-02
5.136E-02
5.712E-02
5.757E-02
6.356E-02
6.474E-02
6.876E-02
7.330E-02
7.533E-02
7.759E-02
8.512E-02
9.124E-02
9.208E-02
1.073E-01
1.110E-01
1.179E-01
1.393E-01
1.400E-01
1.411E-01
1.450E-01
1.489E-01
1.509E-01
1.570E-01
1.575E-01
1.586E-01
1.899E-01
2.405E-01
2.773E-01
2.992E-01
3.231E-01
3.408E-01
3.501E-01
3.647E-01
3.789E-01
3.804E-01
3.868E-01
2.5600E+01 2.518E-03
2.6600E+01 5.264E-03
2.7600E+01 8.276E-03
2.8600E+01 1.122E-02
2.9600E+01 1.487E-02
3.0600E+01 1.781E-02
3.1600E+01 2.113E-02
3.2600E+01 2.349E-02
3.3600E+01 2.579E-02
3.4600E+01 2.796E-02
4.0000E+01 3.677E-02
4.5000E+01 4.235E-02
5.0000E+01 4.405E-02
5.5000E+01 4.386E-02
6.0000E+01 4.328E-02
6.5000E+01 4.288E-02
7.0000E+01 4.100E-02
7.5000E+01 3.909E-02
8.0000E+01 3.885E-02
8.5000E+01 3.684E-02
1.0000E+02 3.192E-02
1.1000E+02 2.977E-02
1.2000E+02 2.655E-02
1.3000E+02 2.463E-02
1.4000E+02 2.233E-02
1.5000E+02 2.049E-02
1.6000E+02 1.869E-02
1.7000E+02 1.754E-02
1.8000E+02 1.600E-02
1.9000E+02 1.466E-02
2.1000E+02 1.303E-02
2.3000E+02 1.103E-02
2.5000E+02 1.010E-02
2.7000E+02 8.858E-03
2.9000E+02 7.992E-03
3.1000E+02 7.354E-03
3.3000E+02 6.700E-03
3.5000E+02 6.056E-03
3.7000E+02 5.515E-03
3.9000E+02 5.106E-03
4.3000E+02 4.489E-03
4.7000E+02 3.787E-03
5.1000E+02 3.288E-03
