0.000E+00
0.000E+00
0.000E+00
0.000E+00
0.000E+00
0.000E+00
0.000E+00
0.000E+00
0.000E+00
0.000E+00
0.000E+00
0.000E+00
0.000E+00
0.000E+00
0.000E+00
0.000E+00
0.000E+00
0.000E+00
0.000E+00
0.000E+00
0.000E+00
0.000E+00
0.000E+00
0.000E+00
0.000E+00
0.000E+00
0.000E+00
0.000E+00
0.000E+00
0.000E+00
1.384E-05
2.201E-05
7.032E-04
8.532E-04
9.835E-04
1.098E-03
1.219E-03
1.256E-03
1.326E-03
1.416E-03
1.507E-03
1.529E-03
1.707E-03
1.745E-03
1.969E-03
1.974E-03
1.981E-03
2.057E-03
2.085E-03
2.166E-03
2.307E-03
2.364E-03
2.553E-03
2.574E-03
2.744E-03
2.811E-03
3.051E-03
3.099E-03
3.152E-03
3.398E-03
3.500E-03
3.502E-03
3.666E-03
3.677E-03
3.709E-03
3.867E-03
4.076E-03
4.146E-03
4.386E-03
4.407E-03
4.545E-03
4.733E-03
4.898E-03
4.978E-03
4.985E-03
5.052E-03
5.405E-03
5.473E-03
5.954E-03
6.034E-03
6.304E-03
6.574E-03
6.766E-03
7.164E-03
7.193E-03
7.345E-03
2.5600E+01 0.000E+00
2.6600E+01 0.000E+00
2.7600E+01 0.000E+00
2.8600E+01 0.000E+00
2.9600E+01 0.000E+00
3.0600E+01 0.000E+00
3.1600E+01 0.000E+00
3.2600E+01 0.000E+00
3.3600E+01 0.000E+00
3.4600E+01 0.000E+00
4.0000E+01 0.000E+00
4.5000E+01 0.000E+00
5.0000E+01 0.000E+00
5.5000E+01 0.000E+00
6.0000E+01 0.000E+00
6.5000E+01 5.186E-07
7.0000E+01 1.649E-05
7.5000E+01 5.440E-05
8.0000E+01 1.086E-04
8.5000E+01 1.526E-04
1.0000E+02 3.697E-04
1.1000E+02 4.464E-04
1.2000E+02 5.478E-04
1.3000E+02 5.924E-04
1.4000E+02 8.422E-04
1.5000E+02 7.655E-04
1.6000E+02 9.517E-04
1.7000E+02 1.029E-03
1.8000E+02 1.045E-03
1.9000E+02 1.079E-03
2.1000E+02 1.201E-03
2.3000E+02 9.824E-04
2.5000E+02 1.065E-03
2.7000E+02 9.547E-04
2.9000E+02 8.489E-04
3.1000E+02 7.835E-04
3.3000E+02 7.366E-04
3.5000E+02 6.733E-04
3.7000E+02 6.138E-04
3.9000E+02 5.638E-04
4.3000E+02 4.962E-04
4.7000E+02 4.335E-04
5.1000E+02 3.741E-04
