1.187E-03
1.385E-03
1.526E-03
1.638E-03
1.769E-03
1.961E-03
2.080E-03
2.162E-03
2.397E-03
2.482E-03
2.676E-03
2.734E-03
3.010E-03
3.033E-03
3.384E-03
3.403E-03
3.799E-03
3.896E-03
4.292E-03
4.499E-03
4.909E-03
5.244E-03
5.672E-03
6.233E-03
6.562E-03
7.478E-03
7.782E-03
8.296E-03
9.280E-03
9.307E-03
1.031E-02
1.040E-02
1.150E-02
1.173E-02
1.281E-02
1.340E-02
1.443E-02
1.552E-02
1.652E-02
1.802E-02
1.912E-02
2.137E-02
2.233E-02
2.561E-02
2.633E-02
3.178E-02
3.542E-02
4.030E-02
4.427E-02
4.539E-02
5.053E-02
5.166E-02
5.739E-02
5.804E-02
6.402E-02
6.552E-02
6.919E-02
7.386E-02
7.568E-02
8.468E-02
8.557E-02
9.100E-02
9.285E-02
1.083E-01
1.116E-01
1.122E-01
1.404E-01
1.405E-01
1.405E-01
1.463E-01
1.531E-01
1.552E-01
1.569E-01
1.585E-01
1.598E-01
1.903E-01
2.631E-01
2.792E-01
3.005E-01
3.250E-01
3.271E-01
3.492E-01
3.718E-01
3.800E-01
3.852E-01
3.975E-01
2.5600E+01 2.761E-03
2.6600E+01 5.011E-03
2.7600E+01 8.289E-03
2.8600E+01 1.171E-02
2.9600E+01 1.480E-02
3.0600E+01 1.808E-02
3.1600E+01 2.105E-02
3.2600E+01 2.394E-02
3.3600E+01 2.601E-02
3.4600E+01 2.820E-02
4.0000E+01 3.697E-02
4.5000E+01 4.149E-02
5.0000E+01 4.367E-02
5.5000E+01 4.460E-02
6.0000E+01 4.291E-02
6.5000E+01 4.323E-02
7.0000E+01 4.210E-02
7.5000E+01 4.031E-02
8.0000E+01 3.994E-02
8.5000E+01 3.623E-02
1.0000E+02 3.163E-02
1.1000E+02 2.993E-02
1.2000E+02 2.658E-02
1.3000E+02 2.519E-02
1.4000E+02 2.229E-02
1.5000E+02 2.048E-02
1.6000E+02 1.931E-02
1.7000E+02 1.788E-02
1.8000E+02 1.623E-02
1.9000E+02 1.484E-02
2.1000E+02 1.337E-02
2.3000E+02 1.170E-02
2.5000E+02 1.017E-02
2.7000E+02 9.367E-03
2.9000E+02 8.367E-03
3.1000E+02 7.473E-03
3.3000E+02 6.744E-03
3.5000E+02 6.165E-03
3.7000E+02 5.703E-03
3.9000E+02 5.308E-03
4.3000E+02 4.594E-03
4.7000E+02 3.961E-03
5.1000E+02 3.434E-03
