1.174E-03
1.364E-03
1.481E-03
1.613E-03
1.727E-03
1.938E-03
2.043E-03
2.151E-03
2.385E-03
2.449E-03
2.635E-03
2.672E-03
2.969E-03
2.974E-03
3.320E-03
3.373E-03
3.729E-03
3.849E-03
4.220E-03
4.445E-03
4.810E-03
5.206E-03
5.527E-03
6.171E-03
6.454E-03
7.432E-03
7.656E-03
8.225E-03
9.173E-03
9.242E-03
1.020E-02
1.022E-02
1.139E-02
1.158E-02
1.275E-02
1.322E-02
1.444E-02
1.521E-02
1.643E-02
1.782E-02
1.893E-02
2.100E-02
2.208E-02
2.536E-02
2.616E-02
3.155E-02
3.514E-02
3.986E-02
4.397E-02
4.516E-02
4.991E-02
5.099E-02
5.690E-02
5.727E-02
6.310E-02
6.430E-02
6.843E-02
7.326E-02
7.458E-02
7.508E-02
8.431E-02
8.968E-02
9.047E-02
1.067E-01
1.111E-01
1.183E-01
1.371E-01
1.381E-01
1.384E-01
1.424E-01
1.474E-01
1.500E-01
1.535E-01
1.538E-01
1.567E-01
1.908E-01
2.321E-01
2.751E-01
2.937E-01
3.151E-01
3.419E-01
3.428E-01
3.647E-01
3.716E-01
3.748E-01
3.840E-01
2.5600E+01 2.419E-03
2.6600E+01 5.303E-03
2.7600E+01 8.121E-03
2.8600E+01 1.134E-02
2.9600E+01 1.441E-02
3.0600E+01 1.786E-02
3.1600E+01 2.062E-02
3.2600E+01 2.290E-02
3.3600E+01 2.524E-02
3.4600E+01 2.782E-02
4.0000E+01 3.741E-02
4.5000E+01 4.099E-02
5.0000E+01 4.316E-02
5.5000E+01 4.382E-02
6.0000E+01 4.448E-02
6.5000E+01 4.300E-02
7.0000E+01 4.070E-02
7.5000E+01 4.027E-02
8.0000E+01 3.904E-02
8.5000E+01 3.647E-02
1.0000E+02 3.130E-02
1.1000E+02 2.892E-02
1.2000E+02 2.706E-02
1.3000E+02 2.417E-02
1.4000E+02 2.227E-02
1.5000E+02 2.078E-02
1.6000E+02 1.833E-02
1.7000E+02 1.791E-02
1.8000E+02 1.620E-02
1.9000E+02 1.479E-02
2.1000E+02 1.298E-02
2.3000E+02 1.151E-02
2.5000E+02 1.001E-02
2.7000E+02 9.027E-03
2.9000E+02 8.392E-03
3.1000E+02 7.505E-03
3.3000E+02 6.490E-03
3.5000E+02 6.126E-03
3.7000E+02 5.791E-03
3.9000E+02 5.319E-03
4.3000E+02 4.494E-03
4.7000E+02 3.870E-03
5.1000E+02 3.409E-03
