0.000E+00
0.000E+00
0.000E+00
0.000E+00
0.000E+00
0.000E+00
0.000E+00
0.000E+00
0.000E+00
0.000E+00
0.000E+00
0.000E+00
0.000E+00
0.000E+00
0.000E+00
0.000E+00
0.000E+00
0.000E+00
0.000E+00
0.000E+00
0.000E+00
0.000E+00
0.000E+00
0.000E+00
0.000E+00
0.000E+00
0.000E+00
0.000E+00
0.000E+00
0.000E+00
0.000E+00
0.000E+00
0.000E+00
0.000E+00
6.593E-08
3.224E-07
3.765E-05
4.106E-05
4.868E-05
5.725E-05
5.940E-05
6.642E-05
6.946E-05
8.055E-05
9.707E-05
1.113E-04
1.178E-04
1.225E-04
1.362E-04
1.365E-04
1.420E-04
1.650E-04
1.663E-04
1.934E-04
1.991E-04
2.049E-04
2.265E-04
2.321E-04
2.360E-04
2.557E-04
2.662E-04
2.762E-04
2.784E-04
3.228E-04
3.240E-04
3.259E-04
3.489E-04
3.515E-04
3.666E-04
3.906E-04
4.075E-04
4.077E-04
4.197E-04
4.439E-04
5.124E-04
6.014E-04
6.056E-04
6.444E-04
6.709E-04
6.915E-04
6.966E-04
6.967E-04
7.505E-04
8.241E-04
8.399E-04
9.226E-04
2.5600E+01 0.000E+00
2.6600E+01 0.000E+00
2.7600E+01 0.000E+00
2.8600E+01 0.000E+00
2.9600E+01 0.000E+00
3.0600E+01 0.000E+00
3.1600E+01 0.000E+00
3.2600E+01 0.000E+00
3.3600E+01 0.000E+00
3.4600E+01 0.000E+00
4.0000E+01 0.000E+00
4.5000E+01 0.000E+00
5.0000E+01 0.000E+00
5.5000E+01 0.000E+00
6.0000E+01 0.000E+00
6.5000E+01 0.000E+00
7.0000E+01 0.000E+00
7.5000E+01 1.193E-08
8.0000E+01 1.720E-06
8.5000E+01 3.105E-06
1.0000E+02 2.425E-05
1.1000E+02 5.063E-05
1.2000E+02 5.680E-05
1.3000E+02 5.676E-05
1.4000E+02 7.232E-05
1.5000E+02 8.760E-05
1.6000E+02 9.339E-05
1.7000E+02 8.858E-05
1.8000E+02 8.207E-05
1.9000E+02 7.764E-05
2.1000E+02 7.230E-05
2.3000E+02 6.633E-05
2.5000E+02 6.329E-05
2.7000E+02 6.575E-05
2.9000E+02 7.163E-05
3.1000E+02 7.197E-05
3.3000E+02 6.305E-05
3.5000E+02 5.100E-05
3.7000E+02 3.820E-05
3.9000E+02 2.803E-05
4.3000E+02 4.041E-05
4.7000E+02 3.568E-05
5.1000E+02 3.171E-05
