0.000E+00
0.000E+00
0.000E+00
0.000E+00
0.000E+00
0.000E+00
0.000E+00
0.000E+00
0.000E+00
0.000E+00
0.000E+00
0.000E+00
0.000E+00
0.000E+00
0.000E+00
0.000E+00
0.000E+00
0.000E+00
0.000E+00
0.000E+00
0.000E+00
0.000E+00
0.000E+00
0.000E+00
0.000E+00
0.000E+00
0.000E+00
0.000E+00
0.000E+00
0.000E+00
1.389E-05
1.727E-05
8.546E-04
9.674E-04
1.115E-03
1.321E-03
1.327E-03
1.361E-03
1.425E-03
1.500E-03
1.616E-03
1.747E-03
1.813E-03
1.873E-03
2.015E-03
2.023E-03
2.075E-03
2.217E-03
2.234E-03
2.242E-03
2.292E-03
2.432E-03
2.594E-03
2.689E-03
2.878E-03
2.888E-03
3.053E-03
3.204E-03
3.207E-03
3.348E-03
3.415E-03
3.422E-03
3.605E-03
3.775E-03
3.802E-03
3.977E-03
4.040E-03
4.222E-03
4.289E-03
4.382E-03
4.402E-03
4.530E-03
4.535E-03
4.634E-03
4.980E-03
5.040E-03
5.399E-03
5.458E-03
5.491E-03
5.863E-03
6.033E-03
6.495E-03
6.557E-03
6.640E-03
6.693E-03
6.743E-03
2.5600E+01 0.000E+00
2.6600E+01 0.000E+00
2.7600E+01 0.000E+00
2.8600E+01 0.000E+00
2.9600E+01 0.000E+00
3.0600E+01 0.000E+00
3.1600E+01 0.000E+00
3.2600E+01 0.000E+00
3.3600E+01 0.000E+00
3.4600E+01 0.000E+00
4.0000E+01 0.000E+00
4.5000E+01 0.000E+00
5.0000E+01 0.000E+00
5.5000E+01 0.000E+00
6.0000E+01 0.000E+00
6.5000E+01 3.019E-06
7.0000E+01 1.490E-04
7.5000E+01 1.267E-04
8.0000E+01 8.880E-05
8.5000E+01 1.223E-04
1.0000E+02 2.814E-04
1.1000E+02 3.147E-04
1.2000E+02 3.898E-04
1.3000E+02 4.453E-04
1.4000E+02 5.861E-04
1.5000E+02 5.730E-04
1.6000E+02 6.075E-04
1.7000E+02 6.711E-04
1.8000E+02 6.628E-04
1.9000E+02 6.376E-04
2.1000E+02 6.693E-04
2.3000E+02 6.370E-04
2.5000E+02 5.707E-04
2.7000E+02 5.134E-04
2.9000E+02 4.851E-04
3.1000E+02 4.536E-04
3.3000E+02 4.177E-04
3.5000E+02 4.580E-04
3.7000E+02 3.570E-04
3.9000E+02 3.274E-04
4.3000E+02 2.780E-04
4.7000E+02 2.408E-04
5.1000E+02 2.123E-04
