1.165E-03
1.366E-03
1.599E-03
1.605E-03
1.888E-03
1.928E-03
2.130E-03
2.206E-03
2.411E-03
2.636E-03
2.644E-03
2.900E-03
2.969E-03
3.203E-03
3.374E-03
3.580E-03
3.857E-03
4.021E-03
4.461E-03
4.543E-03
5.177E-03
5.234E-03
5.939E-03
6.221E-03
6.911E-03
7.518E-03
8.197E-03
8.321E-03
9.255E-03
9.868E-03
1.040E-02
1.095E-02
1.171E-02
1.215E-02
1.338E-02
1.362E-02
1.531E-02
1.542E-02
1.728E-02
1.804E-02
1.980E-02
2.123E-02
2.296E-02
2.558E-02
2.694E-02
3.213E-02
3.521E-02
3.976E-02
4.384E-02
4.465E-02
4.929E-02
5.070E-02
5.584E-02
5.733E-02
6.281E-02
6.413E-02
6.808E-02
7.247E-02
7.575E-02
7.667E-02
8.469E-02
8.919E-02
9.112E-02
1.068E-01
1.128E-01
1.197E-01
1.381E-01
1.397E-01
1.401E-01
1.452E-01
1.501E-01
1.526E-01
1.559E-01
1.564E-01
1.592E-01
1.900E-01
2.299E-01
2.719E-01
2.910E-01
3.110E-01
3.326E-01
3.376E-01
3.585E-01
3.656E-01
3.684E-01
3.777E-01
2.5600E+01 2.375E-03
2.6600E+01 5.129E-03
2.7600E+01 7.944E-03
2.8600E+01 1.112E-02
2.9600E+01 1.416E-02
3.0600E+01 1.757E-02
3.1600E+01 2.036E-02
3.2600E+01 2.271E-02
3.3600E+01 2.518E-02
3.4600E+01 2.753E-02
4.0000E+01 3.726E-02
4.5000E+01 4.094E-02
5.0000E+01 4.308E-02
5.5000E+01 4.386E-02
6.0000E+01 4.453E-02
6.5000E+01 4.306E-02
7.0000E+01 4.075E-02
7.5000E+01 3.969E-02
8.0000E+01 3.910E-02
8.5000E+01 3.653E-02
1.0000E+02 3.136E-02
1.1000E+02 2.892E-02
1.2000E+02 2.700E-02
1.3000E+02 2.404E-02
1.4000E+02 2.204E-02
1.5000E+02 2.047E-02
1.6000E+02 1.895E-02
1.7000E+02 1.750E-02
1.8000E+02 1.579E-02
1.9000E+02 1.435E-02
2.1000E+02 1.248E-02
2.3000E+02 1.100E-02
2.5000E+02 9.570E-03
2.7000E+02 8.622E-03
2.9000E+02 8.007E-03
3.1000E+02 7.167E-03
3.3000E+02 6.189E-03
3.5000E+02 5.851E-03
3.7000E+02 5.542E-03
3.9000E+02 5.090E-03
4.3000E+02 4.302E-03
4.7000E+02 3.707E-03
5.1000E+02 3.266E-03
