0.000E+00
0.000E+00
0.000E+00
0.000E+00
0.000E+00
0.000E+00
0.000E+00
0.000E+00
0.000E+00
0.000E+00
0.000E+00
0.000E+00
0.000E+00
0.000E+00
0.000E+00
0.000E+00
0.000E+00
0.000E+00
0.000E+00
0.000E+00
0.000E+00
0.000E+00
0.000E+00
0.000E+00
0.000E+00
0.000E+00
0.000E+00
0.000E+00
0.000E+00
0.000E+00
0.000E+00
0.000E+00
0.000E+00
0.000E+00
4.226E-05
1.100E-04
1.859E-04
2.178E-04
2.417E-04
2.791E-04
2.827E-04
2.869E-04
3.215E-04
3.567E-04
4.333E-04
4.437E-04
4.555E-04
4.917E-04
4.964E-04
5.196E-04
5.211E-04
5.246E-04
5.478E-04
5.910E-04
6.099E-04
6.131E-04
6.809E-04
7.135E-04
7.271E-04
8.053E-04
8.408E-04
8.597E-04
9.234E-04
9.539E-04
9.545E-04
9.691E-04
9.946E-04
9.949E-04
1.069E-03
1.086E-03
1.172E-03
1.189E-03
1.218E-03
1.237E-03
1.346E-03
1.422E-03
1.604E-03
1.700E-03
1.827E-03
1.856E-03
1.996E-03
2.068E-03
2.161E-03
2.190E-03
2.314E-03
2.443E-03
2.5600E+01 0.000E+00
2.6600E+01 0.000E+00
2.7600E+01 0.000E+00
2.8600E+01 0.000E+00
2.9600E+01 0.000E+00
3.0600E+01 0.000E+00
3.1600E+01 0.000E+00
3.2600E+01 0.000E+00
3.3600E+01 0.000E+00
3.4600E+01 0.000E+00
4.0000E+01 0.000E+00
4.5000E+01 0.000E+00
5.0000E+01 0.000E+00
5.5000E+01 0.000E+00
6.0000E+01 0.000E+00
6.5000E+01 0.000E+00
7.0000E+01 0.000E+00
7.5000E+01 7.765E-07
8.0000E+01 3.343E-06
8.5000E+01 4.595E-06
1.0000E+02 2.863E-05
1.1000E+02 4.893E-05
1.2000E+02 5.218E-05
1.3000E+02 5.541E-05
1.4000E+02 6.494E-05
1.5000E+02 7.318E-05
1.6000E+02 7.754E-05
1.7000E+02 7.339E-05
1.8000E+02 6.859E-05
1.9000E+02 6.541E-05
2.1000E+02 6.162E-05
2.3000E+02 5.811E-05
2.5000E+02 5.778E-05
2.7000E+02 6.249E-05
2.9000E+02 6.935E-05
3.1000E+02 6.936E-05
3.3000E+02 5.991E-05
3.5000E+02 4.757E-05
3.7000E+02 3.485E-05
3.9000E+02 2.751E-05
4.3000E+02 4.364E-05
4.7000E+02 3.922E-05
5.1000E+02 3.509E-05
