0.000E+00
0.000E+00
0.000E+00
0.000E+00
0.000E+00
0.000E+00
0.000E+00
0.000E+00
0.000E+00
0.000E+00
0.000E+00
0.000E+00
0.000E+00
0.000E+00
0.000E+00
0.000E+00
0.000E+00
0.000E+00
0.000E+00
0.000E+00
0.000E+00
0.000E+00
0.000E+00
0.000E+00
0.000E+00
0.000E+00
0.000E+00
0.000E+00
0.000E+00
0.000E+00
0.000E+00
0.000E+00
0.000E+00
0.000E+00
3.710E-05
1.009E-04
2.150E-04
2.684E-04
3.043E-04
3.254E-04
3.642E-04
3.781E-04
3.837E-04
4.202E-04
4.594E-04
4.657E-04
4.846E-04
5.115E-04
5.159E-04
5.505E-04
5.599E-04
5.930E-04
6.228E-04
6.327E-04
6.600E-04
7.047E-04
7.223E-04
7.914E-04
7.972E-04
8.251E-04
8.809E-04
9.605E-04
1.012E-03
1.034E-03
1.057E-03
1.073E-03
1.094E-03
1.130E-03
1.282E-03
1.352E-03
1.357E-03
1.476E-03
1.519E-03
1.619E-03
1.662E-03
1.675E-03
1.750E-03
1.758E-03
1.878E-03
1.880E-03
2.092E-03
2.158E-03
2.351E-03
2.460E-03
2.515E-03
2.523E-03
2.5600E+01 0.000E+00
2.6600E+01 0.000E+00
2.7600E+01 0.000E+00
2.8600E+01 0.000E+00
2.9600E+01 0.000E+00
3.0600E+01 0.000E+00
3.1600E+01 0.000E+00
3.2600E+01 0.000E+00
3.3600E+01 0.000E+00
3.4600E+01 0.000E+00
4.0000E+01 0.000E+00
4.5000E+01 0.000E+00
5.0000E+01 0.000E+00
5.5000E+01 0.000E+00
6.0000E+01 0.000E+00
6.5000E+01 0.000E+00
7.0000E+01 0.000E+00
7.5000E+01 6.578E-07
8.0000E+01 2.507E-06
8.5000E+01 6.434E-06
1.0000E+02 3.472E-05
1.1000E+02 7.596E-05
1.2000E+02 1.009E-04
1.3000E+02 1.265E-04
1.4000E+02 1.595E-04
1.5000E+02 1.647E-04
1.6000E+02 1.416E-04
1.7000E+02 1.581E-04
1.8000E+02 1.527E-04
1.9000E+02 1.568E-04
2.1000E+02 1.398E-04
2.3000E+02 1.452E-04
2.5000E+02 1.538E-04
2.7000E+02 1.608E-04
2.9000E+02 1.600E-04
3.1000E+02 1.512E-04
3.3000E+02 1.387E-04
3.5000E+02 1.257E-04
3.7000E+02 1.140E-04
3.9000E+02 1.244E-04
4.3000E+02 8.937E-05
4.7000E+02 8.175E-05
5.1000E+02 7.591E-05
