1.185E-03
1.379E-03
1.470E-03
1.627E-03
1.721E-03
1.911E-03
2.012E-03
2.086E-03
2.348E-03
2.382E-03
2.647E-03
2.671E-03
2.981E-03
2.985E-03
3.316E-03
3.362E-03
3.690E-03
3.803E-03
4.135E-03
4.368E-03
4.710E-03
5.109E-03
5.451E-03
6.068E-03
6.387E-03
7.326E-03
7.570E-03
8.112E-03
9.025E-03
9.125E-03
1.009E-02
1.012E-02
1.129E-02
1.134E-02
1.267E-02
1.303E-02
1.431E-02
1.503E-02
1.656E-02
1.765E-02
1.899E-02
2.033E-02
2.224E-02
2.513E-02
2.615E-02
3.220E-02
3.436E-02
3.896E-02
4.427E-02
4.503E-02
4.946E-02
5.123E-02
5.602E-02
5.771E-02
6.147E-02
6.351E-02
6.604E-02
6.636E-02
7.249E-02
7.579E-02
8.668E-02
8.740E-02
9.257E-02
1.020E-01
1.070E-01
1.109E-01
1.304E-01
1.337E-01
1.342E-01
1.424E-01
1.426E-01
1.432E-01
1.434E-01
1.434E-01
1.443E-01
1.963E-01
2.167E-01
2.855E-01
3.010E-01
3.195E-01
3.301E-01
3.463E-01
3.590E-01
3.778E-01
3.799E-01
3.909E-01
2.5600E+01 2.163E-03
2.6600E+01 4.723E-03
2.7600E+01 7.969E-03
2.8600E+01 1.124E-02
2.9600E+01 1.405E-02
3.0600E+01 1.683E-02
3.1600E+01 1.981E-02
3.2600E+01 2.354E-02
3.3600E+01 2.504E-02
3.4600E+01 2.819E-02
4.0000E+01 3.778E-02
4.5000E+01 4.111E-02
5.0000E+01 4.446E-02
5.5000E+01 4.525E-02
6.0000E+01 4.046E-02
6.5000E+01 4.417E-02
7.0000E+01 4.036E-02
7.5000E+01 4.055E-02
8.0000E+01 3.931E-02
8.5000E+01 3.603E-02
1.0000E+02 3.354E-02
1.1000E+02 2.581E-02
1.2000E+02 2.763E-02
1.3000E+02 2.468E-02
1.4000E+02 2.176E-02
1.5000E+02 1.957E-02
1.6000E+02 1.802E-02
1.7000E+02 1.688E-02
1.8000E+02 1.582E-02
1.9000E+02 1.471E-02
2.1000E+02 1.250E-02
2.3000E+02 1.076E-02
2.5000E+02 9.607E-03
2.7000E+02 8.961E-03
2.9000E+02 8.506E-03
3.1000E+02 7.839E-03
3.3000E+02 6.901E-03
3.5000E+02 5.876E-03
3.7000E+02 4.867E-03
3.9000E+02 4.378E-03
4.3000E+02 4.470E-03
4.7000E+02 3.897E-03
5.1000E+02 3.412E-03
