0.000E+00
0.000E+00
0.000E+00
0.000E+00
0.000E+00
0.000E+00
0.000E+00
0.000E+00
0.000E+00
0.000E+00
0.000E+00
0.000E+00
0.000E+00
0.000E+00
0.000E+00
0.000E+00
0.000E+00
0.000E+00
0.000E+00
0.000E+00
0.000E+00
0.000E+00
0.000E+00
0.000E+00
0.000E+00
0.000E+00
0.000E+00
0.000E+00
0.000E+00
0.000E+00
3.586E-05
4.252E-05
7.788E-04
8.892E-04
9.932E-04
1.162E-03
1.294E-03
1.319E-03
1.328E-03
1.468E-03
1.524E-03
1.611E-03
1.714E-03
1.739E-03
1.868E-03
1.931E-03
1.964E-03
1.992E-03
2.117E-03
2.201E-03
2.284E-03
2.479E-03
2.532E-03
2.751E-03
2.770E-03
2.990E-03
3.050E-03
3.173E-03
3.365E-03
3.376E-03
3.477E-03
3.568E-03
3.627E-03
3.678E-03
3.723E-03
3.925E-03
4.207E-03
4.228E-03
4.371E-03
4.504E-03
4.628E-03
4.709E-03
4.858E-03
4.941E-03
4.954E-03
5.172E-03
5.413E-03
5.776E-03
5.928E-03
6.107E-03
6.331E-03
6.625E-03
7.007E-03
7.088E-03
7.268E-03
7.329E-03
2.5600E+01 0.000E+00
2.6600E+01 0.000E+00
2.7600E+01 0.000E+00
2.8600E+01 0.000E+00
2.9600E+01 0.000E+00
3.0600E+01 0.000E+00
3.1600E+01 0.000E+00
3.2600E+01 0.000E+00
3.3600E+01 0.000E+00
3.4600E+01 0.000E+00
4.0000E+01 0.000E+00
4.5000E+01 0.000E+00
5.0000E+01 0.000E+00
5.5000E+01 0.000E+00
6.0000E+01 0.000E+00
6.5000E+01 7.239E-05
7.0000E+01 1.284E-04
7.5000E+01 2.227E-04
8.0000E+01 2.361E-04
8.5000E+01 2.160E-04
1.0000E+02 4.743E-04
1.1000E+02 7.642E-04
1.2000E+02 9.457E-04
1.3000E+02 1.235E-03
1.4000E+02 1.397E-03
1.5000E+02 1.613E-03
1.6000E+02 1.549E-03
1.7000E+02 1.615E-03
1.8000E+02 1.610E-03
1.9000E+02 1.460E-03
2.1000E+02 1.400E-03
2.3000E+02 1.222E-03
2.5000E+02 1.184E-03
2.7000E+02 1.129E-03
2.9000E+02 1.086E-03
3.1000E+02 9.893E-04
3.3000E+02 9.593E-04
3.5000E+02 9.320E-04
3.7000E+02 8.621E-04
3.9000E+02 8.041E-04
4.3000E+02 7.163E-04
4.7000E+02 6.429E-04
5.1000E+02 5.653E-04
