1.187E-03
1.390E-03
1.497E-03
1.635E-03
1.740E-03
1.972E-03
2.047E-03
2.192E-03
2.449E-03
2.456E-03
2.702E-03
2.707E-03
2.996E-03
3.044E-03
3.353E-03
3.444E-03
3.737E-03
3.923E-03
4.219E-03
4.519E-03
4.801E-03
5.279E-03
5.526E-03
6.213E-03
6.416E-03
7.460E-03
7.590E-03
8.259E-03
9.122E-03
9.172E-03
1.010E-02
1.028E-02
1.128E-02
1.165E-02
1.268E-02
1.327E-02
1.434E-02
1.529E-02
1.635E-02
1.784E-02
1.885E-02
2.118E-02
2.205E-02
2.547E-02
2.626E-02
3.168E-02
3.520E-02
3.976E-02
4.401E-02
4.495E-02
4.983E-02
5.129E-02
5.692E-02
5.692E-02
6.304E-02
6.468E-02
6.815E-02
7.297E-02
7.441E-02
7.507E-02
8.452E-02
9.023E-02
9.244E-02
1.067E-01
1.099E-01
1.110E-01
1.374E-01
1.393E-01
1.404E-01
1.428E-01
1.471E-01
1.477E-01
1.535E-01
1.548E-01
1.572E-01
1.891E-01
2.337E-01
2.743E-01
2.957E-01
3.185E-01
3.196E-01
3.415E-01
3.614E-01
3.779E-01
3.798E-01
3.854E-01
2.5600E+01 2.441E-03
2.6600E+01 4.970E-03
2.7600E+01 8.286E-03
2.8600E+01 1.113E-02
2.9600E+01 1.484E-02
3.0600E+01 1.757E-02
3.1600E+01 2.062E-02
3.2600E+01 2.317E-02
3.3600E+01 2.549E-02
3.4600E+01 2.775E-02
4.0000E+01 3.697E-02
4.5000E+01 4.189E-02
5.0000E+01 4.312E-02
5.5000E+01 4.393E-02
6.0000E+01 4.421E-02
6.5000E+01 4.215E-02
7.0000E+01 4.175E-02
7.5000E+01 4.000E-02
8.0000E+01 3.817E-02
8.5000E+01 3.657E-02
1.0000E+02 3.184E-02
1.1000E+02 2.912E-02
1.2000E+02 2.673E-02
1.3000E+02 2.390E-02
1.4000E+02 2.161E-02
1.5000E+02 1.999E-02
1.6000E+02 1.812E-02
1.7000E+02 1.674E-02
1.8000E+02 1.553E-02
1.9000E+02 1.422E-02
2.1000E+02 1.240E-02
2.3000E+02 1.118E-02
2.5000E+02 9.865E-03
2.7000E+02 8.660E-03
2.9000E+02 7.922E-03
3.1000E+02 7.073E-03
3.3000E+02 6.350E-03
3.5000E+02 5.914E-03
3.7000E+02 5.330E-03
3.9000E+02 4.862E-03
4.3000E+02 4.200E-03
4.7000E+02 3.648E-03
5.1000E+02 3.167E-03
