0.000E+00
0.000E+00
0.000E+00
0.000E+00
0.000E+00
0.000E+00
0.000E+00
0.000E+00
0.000E+00
0.000E+00
0.000E+00
0.000E+00
0.000E+00
0.000E+00
0.000E+00
0.000E+00
0.000E+00
0.000E+00
0.000E+00
0.000E+00
0.000E+00
0.000E+00
0.000E+00
0.000E+00
0.000E+00
0.000E+00
0.000E+00
0.000E+00
0.000E+00
0.000E+00
1.268E-05
2.309E-05
7.550E-04
8.739E-04
8.869E-04
1.142E-03
1.240E-03
1.286E-03
1.293E-03
1.373E-03
1.490E-03
1.530E-03
1.572E-03
1.702E-03
1.795E-03
1.833E-03
1.955E-03
2.055E-03
2.057E-03
2.126E-03
2.258E-03
2.318E-03
2.403E-03
2.662E-03
2.718E-03
2.926E-03
2.936E-03
3.161E-03
3.307E-03
3.325E-03
3.353E-03
3.536E-03
3.626E-03
3.675E-03
3.736E-03
3.924E-03
3.990E-03
4.313E-03
4.402E-03
4.503E-03
4.537E-03
4.750E-03
4.817E-03
4.924E-03
5.035E-03
5.055E-03
5.409E-03
5.615E-03
5.933E-03
6.052E-03
6.183E-03
6.582E-03
6.945E-03
7.000E-03
7.125E-03
7.229E-03
2.5600E+01 0.000E+00
2.6600E+01 0.000E+00
2.7600E+01 0.000E+00
2.8600E+01 0.000E+00
2.9600E+01 0.000E+00
3.0600E+01 0.000E+00
3.1600E+01 0.000E+00
3.2600E+01 0.000E+00
3.3600E+01 0.000E+00
3.4600E+01 0.000E+00
4.0000E+01 0.000E+00
4.5000E+01 0.000E+00
5.0000E+01 0.000E+00
5.5000E+01 0.000E+00
6.0000E+01 0.000E+00
6.5000E+01 1.148E-06
7.0000E+01 1.360E-04
7.5000E+01 1.890E-04
8.0000E+01 2.413E-04
8.5000E+01 3.781E-04
1.0000E+02 7.134E-04
1.1000E+02 1.076E-03
1.2000E+02 1.718E-03
1.3000E+02 1.656E-03
1.4000E+02 2.121E-03
1.5000E+02 2.066E-03
1.6000E+02 2.051E-03
1.7000E+02 2.291E-03
1.8000E+02 2.187E-03
1.9000E+02 1.758E-03
2.1000E+02 1.883E-03
2.3000E+02 1.598E-03
2.5000E+02 1.411E-03
2.7000E+02 1.298E-03
2.9000E+02 1.217E-03
3.1000E+02 1.149E-03
3.3000E+02 1.107E-03
3.5000E+02 1.072E-03
3.7000E+02 9.802E-04
3.9000E+02 8.574E-04
4.3000E+02 7.937E-04
4.7000E+02 7.106E-04
5.1000E+02 6.193E-04
