0.000E+00
0.000E+00
0.000E+00
0.000E+00
0.000E+00
0.000E+00
0.000E+00
0.000E+00
0.000E+00
0.000E+00
0.000E+00
0.000E+00
0.000E+00
0.000E+00
0.000E+00
0.000E+00
0.000E+00
0.000E+00
0.000E+00
0.000E+00
0.000E+00
0.000E+00
0.000E+00
0.000E+00
0.000E+00
0.000E+00
0.000E+00
0.000E+00
0.000E+00
0.000E+00
0.000E+00
0.000E+00
0.000E+00
0.000E+00
3.681E-05
1.006E-04
2.147E-04
2.764E-04
3.130E-04
3.349E-04
3.670E-04
3.841E-04
3.947E-04
4.329E-04
4.762E-04
4.795E-04
4.845E-04
5.265E-04
5.316E-04
5.697E-04
5.776E-04
6.108E-04
6.331E-04
6.520E-04
6.839E-04
7.268E-04
7.479E-04
8.012E-04
8.260E-04
8.530E-04
9.118E-04
9.945E-04
1.045E-03
1.071E-03
1.092E-03
1.104E-03
1.133E-03
1.170E-03
1.328E-03
1.407E-03
1.412E-03
1.530E-03
1.581E-03
1.675E-03
1.721E-03
1.736E-03
1.809E-03
1.820E-03
1.939E-03
1.945E-03
2.189E-03
2.235E-03
2.453E-03
2.546E-03
2.599E-03
2.609E-03
2.5600E+01 0.000E+00
2.6600E+01 0.000E+00
2.7600E+01 0.000E+00
2.8600E+01 0.000E+00
2.9600E+01 0.000E+00
3.0600E+01 0.000E+00
3.1600E+01 0.000E+00
3.2600E+01 0.000E+00
3.3600E+01 0.000E+00
3.4600E+01 0.000E+00
4.0000E+01 0.000E+00
4.5000E+01 0.000E+00
5.0000E+01 0.000E+00
5.5000E+01 0.000E+00
6.0000E+01 0.000E+00
6.5000E+01 0.000E+00
7.0000E+01 0.000E+00
7.5000E+01 6.647E-07
8.0000E+01 2.791E-06
8.5000E+01 6.833E-06
1.0000E+02 3.674E-05
1.1000E+02 8.141E-05
1.2000E+02 1.060E-04
1.3000E+02 1.323E-04
1.4000E+02 1.661E-04
1.5000E+02 1.715E-04
1.6000E+02 1.478E-04
1.7000E+02 1.652E-04
1.8000E+02 1.596E-04
1.9000E+02 1.642E-04
2.1000E+02 1.476E-04
2.3000E+02 1.530E-04
2.5000E+02 1.618E-04
2.7000E+02 1.691E-04
2.9000E+02 1.677E-04
3.1000E+02 1.590E-04
3.3000E+02 1.457E-04
3.5000E+02 1.323E-04
3.7000E+02 1.199E-04
3.9000E+02 1.093E-04
4.3000E+02 9.413E-05
4.7000E+02 8.604E-05
5.1000E+02 8.006E-05
