0.000E+00
0.000E+00
0.000E+00
0.000E+00
0.000E+00
0.000E+00
0.000E+00
0.000E+00
0.000E+00
0.000E+00
0.000E+00
0.000E+00
0.000E+00
0.000E+00
0.000E+00
0.000E+00
0.000E+00
0.000E+00
0.000E+00
0.000E+00
0.000E+00
0.000E+00
0.000E+00
0.000E+00
0.000E+00
0.000E+00
0.000E+00
0.000E+00
0.000E+00
0.000E+00
0.000E+00
0.000E+00
0.000E+00
0.000E+00
5.231E-05
1.106E-04
1.946E-04
2.234E-04
2.319E-04
2.580E-04
2.911E-04
3.088E-04
3.320E-04
3.655E-04
4.022E-04
4.594E-04
4.680E-04
4.993E-04
5.092E-04
5.274E-04
6.008E-04
6.030E-04
6.444E-04
6.672E-04
6.994E-04
7.553E-04
7.732E-04
8.069E-04
9.547E-04
9.588E-04
9.715E-04
9.824E-04
1.043E-03
1.113E-03
1.234E-03
1.240E-03
1.265E-03
1.271E-03
1.301E-03
1.454E-03
1.629E-03
1.662E-03
1.718E-03
1.931E-03
2.007E-03
2.118E-03
2.145E-03
2.159E-03
2.209E-03
2.219E-03
2.5600E+01 0.000E+00
2.6600E+01 0.000E+00
2.7600E+01 0.000E+00
2.8600E+01 0.000E+00
2.9600E+01 0.000E+00
3.0600E+01 0.000E+00
3.1600E+01 0.000E+00
3.2600E+01 0.000E+00
3.3600E+01 0.000E+00
3.4600E+01 0.000E+00
4.0000E+01 0.000E+00
4.5000E+01 0.000E+00
5.0000E+01 0.000E+00
5.5000E+01 0.000E+00
6.0000E+01 0.000E+00
6.5000E+01 0.000E+00
7.0000E+01 0.000E+00
7.5000E+01 1.834E-05
8.0000E+01 2.651E-05
8.5000E+01 2.303E-05
1.0000E+02 5.154E-05
1.1000E+02 1.024E-04
1.2000E+02 1.558E-04
1.3000E+02 1.760E-04
1.4000E+02 1.662E-04
1.5000E+02 2.126E-04
1.6000E+02 2.392E-04
1.7000E+02 2.485E-04
1.8000E+02 2.515E-04
1.9000E+02 2.796E-04
2.1000E+02 3.085E-04
2.3000E+02 2.980E-04
2.9000E+02 2.642E-04
3.3000E+02 2.162E-04
3.5000E+02 1.973E-04
3.7000E+02 1.822E-04
3.9000E+02 1.723E-04
4.3000E+02 1.468E-04
4.7000E+02 1.266E-04
5.1000E+02 1.094E-04
