0.000E+00
0.000E+00
0.000E+00
0.000E+00
0.000E+00
0.000E+00
0.000E+00
0.000E+00
0.000E+00
0.000E+00
0.000E+00
0.000E+00
0.000E+00
0.000E+00
0.000E+00
0.000E+00
0.000E+00
0.000E+00
0.000E+00
0.000E+00
0.000E+00
0.000E+00
0.000E+00
0.000E+00
0.000E+00
0.000E+00
0.000E+00
0.000E+00
0.000E+00
0.000E+00
1.133E-05
1.508E-05
7.972E-04
8.288E-04
1.016E-03
1.142E-03
1.212E-03
1.331E-03
1.379E-03
1.457E-03
1.473E-03
1.591E-03
1.699E-03
1.780E-03
1.797E-03
1.904E-03
1.908E-03
2.029E-03
2.057E-03
2.160E-03
2.366E-03
2.385E-03
2.536E-03
2.616E-03
2.836E-03
2.938E-03
3.028E-03
3.049E-03
3.417E-03
3.425E-03
3.462E-03
3.470E-03
3.674E-03
3.700E-03
3.731E-03
4.017E-03
4.235E-03
4.276E-03
4.389E-03
4.530E-03
4.541E-03
4.614E-03
4.719E-03
4.848E-03
5.071E-03
5.170E-03
5.332E-03
5.861E-03
5.872E-03
5.938E-03
6.307E-03
6.791E-03
7.118E-03
7.153E-03
7.281E-03
7.303E-03
2.5600E+01 0.000E+00
2.6600E+01 0.000E+00
2.7600E+01 0.000E+00
2.8600E+01 0.000E+00
2.9600E+01 0.000E+00
3.0600E+01 0.000E+00
3.1600E+01 0.000E+00
3.2600E+01 0.000E+00
3.3600E+01 0.000E+00
3.4600E+01 0.000E+00
4.0000E+01 0.000E+00
4.5000E+01 0.000E+00
5.0000E+01 0.000E+00
5.5000E+01 0.000E+00
6.0000E+01 0.000E+00
6.5000E+01 5.135E-07
7.0000E+01 1.266E-05
7.5000E+01 6.561E-05
8.0000E+01 9.752E-05
8.5000E+01 1.629E-04
1.0000E+02 4.010E-04
1.1000E+02 4.545E-04
1.2000E+02 5.741E-04
1.3000E+02 8.065E-04
1.4000E+02 7.060E-04
1.5000E+02 8.398E-04
1.6000E+02 9.220E-04
1.7000E+02 9.395E-04
1.8000E+02 1.011E-03
1.9000E+02 1.136E-03
2.1000E+02 9.959E-04
2.3000E+02 1.096E-03
2.5000E+02 9.709E-04
2.7000E+02 8.854E-04
2.9000E+02 8.199E-04
3.1000E+02 7.640E-04
3.3000E+02 6.999E-04
3.5000E+02 6.382E-04
3.7000E+02 5.919E-04
3.9000E+02 5.613E-04
4.3000E+02 4.932E-04
4.7000E+02 4.059E-04
5.1000E+02 3.809E-04
