1.177E-03
1.374E-03
1.503E-03
1.619E-03
1.750E-03
1.933E-03
2.074E-03
2.145E-03
2.384E-03
2.471E-03
2.666E-03
2.724E-03
3.000E-03
3.022E-03
3.371E-03
3.397E-03
3.779E-03
3.879E-03
4.269E-03
4.475E-03
4.866E-03
5.266E-03
5.596E-03
6.215E-03
6.553E-03
7.565E-03
7.724E-03
8.352E-03
9.285E-03
9.342E-03
1.027E-02
1.047E-02
1.145E-02
1.178E-02
1.283E-02
1.339E-02
1.443E-02
1.536E-02
1.653E-02
1.800E-02
1.900E-02
2.123E-02
2.223E-02
2.564E-02
2.635E-02
3.187E-02
3.557E-02
4.008E-02
4.453E-02
4.571E-02
5.011E-02
5.178E-02
5.736E-02
5.783E-02
6.437E-02
6.572E-02
6.916E-02
7.389E-02
7.539E-02
8.284E-02
8.634E-02
9.082E-02
9.279E-02
1.075E-01
1.127E-01
1.209E-01
1.400E-01
1.422E-01
1.432E-01
1.473E-01
1.529E-01
1.556E-01
1.564E-01
1.566E-01
1.607E-01
1.932E-01
2.566E-01
2.833E-01
3.038E-01
3.267E-01
3.477E-01
3.478E-01
3.620E-01
3.887E-01
3.904E-01
3.997E-01
2.5600E+01 2.682E-03
2.6600E+01 5.409E-03
2.7600E+01 8.473E-03
2.8600E+01 1.173E-02
2.9600E+01 1.506E-02
3.0600E+01 1.756E-02
3.1600E+01 2.099E-02
3.2600E+01 2.382E-02
3.3600E+01 2.624E-02
3.4600E+01 2.874E-02
4.0000E+01 3.780E-02
4.5000E+01 4.123E-02
5.0000E+01 4.322E-02
5.5000E+01 4.523E-02
6.0000E+01 4.372E-02
6.5000E+01 4.282E-02
7.0000E+01 4.207E-02
7.5000E+01 4.078E-02
8.0000E+01 3.826E-02
8.5000E+01 3.712E-02
1.0000E+02 3.222E-02
1.1000E+02 2.900E-02
1.2000E+02 2.723E-02
1.3000E+02 2.393E-02
1.4000E+02 2.242E-02
1.5000E+02 2.037E-02
1.6000E+02 1.910E-02
1.7000E+02 1.733E-02
1.8000E+02 1.589E-02
1.9000E+02 1.505E-02
2.1000E+02 1.271E-02
2.3000E+02 1.154E-02
2.5000E+02 9.988E-03
2.7000E+02 8.906E-03
2.9000E+02 8.165E-03
3.1000E+02 7.394E-03
3.3000E+02 6.636E-03
3.5000E+02 6.024E-03
3.7000E+02 5.585E-03
3.9000E+02 5.232E-03
4.3000E+02 4.410E-03
4.7000E+02 3.720E-03
5.1000E+02 3.410E-03
