1.192E-03
1.391E-03
1.643E-03
1.645E-03
1.911E-03
1.972E-03
2.173E-03
2.249E-03
2.411E-03
2.692E-03
2.694E-03
2.960E-03
3.031E-03
3.282E-03
3.438E-03
3.659E-03
3.926E-03
4.103E-03
4.566E-03
4.626E-03
5.232E-03
5.311E-03
6.082E-03
6.313E-03
7.056E-03
7.590E-03
8.340E-03
8.421E-03
9.418E-03
9.966E-03
1.054E-02
1.103E-02
1.191E-02
1.229E-02
1.357E-02
1.366E-02
1.543E-02
1.576E-02
1.746E-02
1.835E-02
2.011E-02
2.182E-02
2.338E-02
2.598E-02
2.745E-02
3.254E-02
3.570E-02
4.032E-02
4.421E-02
4.528E-02
5.003E-02
5.143E-02
5.634E-02
5.822E-02
6.402E-02
6.404E-02
6.909E-02
7.315E-02
7.717E-02
7.927E-02
8.441E-02
9.133E-02
9.256E-02
1.087E-01
1.137E-01
1.255E-01
1.394E-01
1.417E-01
1.421E-01
1.494E-01
1.600E-01
1.605E-01
1.606E-01
1.615E-01
1.630E-01
1.892E-01
2.337E-01
2.728E-01
2.959E-01
3.301E-01
3.421E-01
3.466E-01
3.630E-01
3.643E-01
3.739E-01
3.973E-01
2.5600E+01 2.408E-03
2.6600E+01 5.299E-03
2.7600E+01 7.894E-03
2.8600E+01 1.163E-02
2.9600E+01 1.427E-02
3.0600E+01 1.762E-02
3.1600E+01 2.056E-02
3.2600E+01 2.440E-02
3.3600E+01 2.565E-02
3.4600E+01 2.747E-02
4.0000E+01 3.672E-02
4.5000E+01 4.119E-02
5.0000E+01 4.368E-02
5.5000E+01 4.172E-02
6.0000E+01 4.290E-02
6.5000E+01 4.333E-02
7.0000E+01 4.218E-02
7.5000E+01 4.015E-02
8.0000E+01 3.988E-02
8.5000E+01 3.640E-02
1.0000E+02 3.173E-02
1.1000E+02 3.038E-02
1.2000E+02 2.686E-02
1.3000E+02 2.509E-02
1.4000E+02 2.229E-02
1.5000E+02 2.037E-02
1.6000E+02 1.915E-02
1.7000E+02 1.765E-02
1.8000E+02 1.599E-02
1.9000E+02 1.458E-02
2.1000E+02 1.298E-02
2.3000E+02 1.134E-02
2.5000E+02 9.902E-03
2.7000E+02 9.013E-03
2.9000E+02 8.027E-03
3.1000E+02 7.159E-03
3.3000E+02 6.458E-03
3.5000E+02 5.905E-03
3.7000E+02 5.460E-03
3.9000E+02 5.068E-03
4.3000E+02 4.393E-03
4.7000E+02 3.779E-03
5.1000E+02 3.269E-03
