0.40 2.5600E+01 2.36455E-04
0.40 2.6600E+01 2.84627E-04
0.40 2.7600E+01 4.94644E-04
0.40 2.8600E+01 5.66101E-04
0.40 2.9600E+01 4.29285E-04
0.40 3.0600E+01 3.40300E-04
0.40 3.1600E+01 5.35510E-04
0.40 3.2600E+01 5.39668E-04
0.40 3.3600E+01 2.45831E-04
0.40 3.4600E+01 4.69478E-04
0.40 4.0000E+01 2.34668E-04
0.40 4.5000E+01 2.50237E-04
0.40 5.0000E+01 2.19245E-04
0.40 5.5000E+01 2.57006E-04
0.40 6.0000E+01 6.76701E-05
0.40 6.5000E+01 6.65602E-05
0.40 7.0000E+01 5.72417E-05
0.40 7.5000E+01 8.37533E-05
0.40 8.0000E+01 1.09699E-04
0.40 8.5000E+01 9.40534E-05
0.40 1.0000E+02 9.82106E-06
0.40 1.1000E+02 3.00505E-05
0.40 1.2000E+02 1.81716E-05
0.40 1.3000E+02 1.37935E-05
0.40 1.4000E+02 1.41675E-05
0.40 1.5000E+02 1.06735E-05
0.40 1.6000E+02 1.27858E-05
0.40 1.7000E+02 7.64753E-06
0.40 1.8000E+02 5.66246E-06
0.40 1.9000E+02 6.03833E-06
0.40 2.1000E+02 4.16785E-06
0.40 2.3000E+02 3.03649E-06
0.40 2.5000E+02 2.46116E-06
0.40 2.7000E+02 1.81305E-06
0.40 2.9000E+02 1.47543E-06
0.40 3.1000E+02 1.13408E-06
0.40 3.3000E+02 9.01133E-07
0.40 3.5000E+02 7.23247E-07
0.40 3.7000E+02 6.56139E-07
0.40 3.9000E+02 4.89484E-07
0.40 4.3000E+02 3.29990E-07
0.40 4.7000E+02 2.07743E-07
0.40 5.1000E+02 1.86888E-07 


0.41 2.5600E+01 2.20841E-04
0.41 2.6600E+01 3.02867E-04
0.41 2.7600E+01 5.00778E-04
0.41 2.8600E+01 4.28474E-04
0.41 2.9600E+01 5.24004E-04
0.41 3.0600E+01 4.27372E-04
0.41 3.1600E+01 4.07137E-04
0.41 3.2600E+01 4.39266E-04
0.41 3.3600E+01 2.71209E-04
0.41 3.4600E+01 3.67395E-04
0.41 4.0000E+01 2.42722E-04
0.41 4.5000E+01 3.19144E-04
0.41 5.0000E+01 1.80607E-04
0.41 5.5000E+01 1.85189E-04
0.41 6.0000E+01 2.27733E-04
0.41 6.5000E+01 5.69104E-05
0.41 7.0000E+01 1.15875E-04
0.41 7.5000E+01 1.23941E-04
0.41 8.0000E+01 1.06410E-04
0.41 8.5000E+01 1.25271E-04
0.41 1.0000E+02 2.94634E-05
0.41 1.1000E+02 1.88663E-05
0.41 1.2000E+02 1.37707E-05
0.41 1.3000E+02 1.63463E-05
0.41 1.4000E+02 1.62840E-05
0.41 1.5000E+02 1.10440E-05
0.41 1.6000E+02 8.31377E-06
0.41 1.7000E+02 7.41893E-06
0.41 1.8000E+02 6.65713E-06
0.41 1.9000E+02 6.77308E-06
0.41 2.1000E+02 6.39806E-06
0.41 2.3000E+02 2.29699E-06
0.41 2.5000E+02 2.55568E-06
0.41 2.7000E+02 1.97900E-06
0.41 2.9000E+02 1.29180E-06
0.41 3.1000E+02 1.20846E-06
0.41 3.3000E+02 9.48145E-07
0.41 3.5000E+02 7.64896E-07
0.41 3.7000E+02 5.56369E-07
0.41 3.9000E+02 4.95516E-07
0.41 4.3000E+02 3.78583E-07
0.41 4.7000E+02 2.80554E-07
0.41 5.1000E+02 2.06278E-07 


0.42 2.5600E+01 2.52700E-04
0.42 2.6600E+01 3.16301E-04
0.42 2.7600E+01 3.65700E-04
0.42 2.8600E+01 3.77306E-04
0.42 2.9600E+01 4.59580E-04
0.42 3.0600E+01 4.78287E-04
0.42 3.1600E+01 4.82570E-04
0.42 3.2600E+01 4.88527E-04
0.42 3.3600E+01 4.00147E-04
0.42 3.4600E+01 4.80694E-04
0.42 4.0000E+01 3.55608E-04
0.42 4.5000E+01 5.26941E-04
0.42 5.0000E+01 7.92168E-05
0.42 5.5000E+01 2.74640E-04
0.42 6.0000E+01 1.32874E-04
0.42 6.5000E+01 8.32692E-05
0.42 7.0000E+01 1.19369E-04
0.42 7.5000E+01 9.15880E-05
0.42 8.0000E+01 8.00023E-05
0.42 8.5000E+01 1.00412E-04
0.42 1.0000E+02 4.55828E-05
0.42 1.1000E+02 1.74449E-05
0.42 1.2000E+02 3.06452E-05
0.42 1.3000E+02 1.29549E-05
0.42 1.4000E+02 1.14487E-05
0.42 1.5000E+02 1.20375E-05
0.42 1.6000E+02 9.64901E-06
0.42 1.7000E+02 8.21909E-06
0.42 1.8000E+02 7.62447E-06
0.42 1.9000E+02 5.97084E-06
0.42 2.1000E+02 4.20532E-06
0.42 2.3000E+02 3.14356E-06
0.42 2.5000E+02 2.44504E-06
0.42 2.7000E+02 2.47983E-06
0.42 2.9000E+02 1.79856E-06
0.42 3.1000E+02 1.34080E-06
0.42 3.3000E+02 1.03243E-06
0.42 3.5000E+02 8.40952E-07
0.42 3.7000E+02 6.55755E-07
0.42 3.9000E+02 4.91799E-07
0.42 4.3000E+02 4.50827E-07
0.42 4.7000E+02 3.13384E-07
0.42 5.1000E+02 2.36057E-07 


0.43 2.5600E+01 3.72209E-04
0.43 2.6600E+01 3.60978E-04
0.43 2.7600E+01 4.97762E-04
0.43 2.8600E+01 4.16751E-04
0.43 2.9600E+01 4.90184E-04
0.43 3.0600E+01 5.17212E-04
0.43 3.1600E+01 5.29209E-04
0.43 3.2600E+01 4.10946E-04
0.43 3.3600E+01 4.44891E-04
0.43 3.4600E+01 3.04794E-04
0.43 4.0000E+01 3.30586E-04
0.43 4.5000E+01 4.13747E-04
0.43 5.0000E+01 1.41159E-04
0.43 5.5000E+01 2.25671E-04
0.43 6.0000E+01 1.71321E-04
0.43 6.5000E+01 7.30270E-05
0.43 7.0000E+01 9.92702E-05
0.43 7.5000E+01 9.60034E-05
0.43 8.0000E+01 9.54027E-05
0.43 8.5000E+01 8.05020E-05
0.43 1.0000E+02 5.77044E-05
0.43 1.1000E+02 2.73004E-05
0.43 1.2000E+02 2.37668E-05
0.43 1.3000E+02 2.04633E-05
0.43 1.4000E+02 1.61092E-05
0.43 1.5000E+02 1.16200E-05
0.43 1.6000E+02 9.83198E-06
0.43 1.7000E+02 8.36666E-06
0.43 1.8000E+02 7.23055E-06
0.43 1.9000E+02 6.46823E-06
0.43 2.1000E+02 4.63578E-06
0.43 2.3000E+02 2.68045E-06
0.43 2.5000E+02 2.75304E-06
0.43 2.7000E+02 2.43525E-06
0.43 2.9000E+02 1.88759E-06
0.43 3.1000E+02 1.68657E-06
0.43 3.3000E+02 1.15791E-06
0.43 3.5000E+02 8.81990E-07
0.43 3.7000E+02 7.21489E-07
0.43 3.9000E+02 5.93404E-07
0.43 4.3000E+02 8.50695E-07
0.43 4.7000E+02 3.28859E-07
0.43 5.1000E+02 2.70512E-07 


0.44 2.5600E+01 3.13311E-04
0.44 2.6600E+01 3.35500E-04
0.44 2.7600E+01 4.23327E-04
0.44 2.8600E+01 4.89618E-04
0.44 2.9600E+01 3.61652E-04
0.44 3.0600E+01 4.93707E-04
0.44 3.1600E+01 4.41397E-04
0.44 3.2600E+01 6.50980E-04
0.44 3.3600E+01 5.93111E-04
0.44 3.4600E+01 6.42919E-04
0.44 4.0000E+01 4.19694E-04
0.44 4.5000E+01 3.21409E-04
0.44 5.0000E+01 1.99566E-04
0.44 5.5000E+01 2.31468E-04
0.44 6.0000E+01 2.40421E-04
0.44 6.5000E+01 1.22116E-04
0.44 7.0000E+01 9.70721E-05
0.44 7.5000E+01 8.79463E-05
0.44 8.0000E+01 8.42263E-05
0.44 8.5000E+01 7.63080E-05
0.44 1.0000E+02 4.19948E-05
0.44 1.1000E+02 3.37061E-05
0.44 1.2000E+02 2.41698E-05
0.44 1.3000E+02 2.45228E-05
0.44 1.4000E+02 2.01300E-05
0.44 1.5000E+02 1.35653E-05
0.44 1.6000E+02 1.10406E-05
0.44 1.7000E+02 8.73084E-06
0.44 1.8000E+02 7.82832E-06
0.44 1.9000E+02 6.66137E-06
0.44 2.1000E+02 4.93780E-06
0.44 2.3000E+02 4.53074E-06
0.44 2.5000E+02 2.62914E-06
0.44 2.7000E+02 2.43238E-06
0.44 2.9000E+02 1.98506E-06
0.44 3.1000E+02 2.15003E-06
0.44 3.3000E+02 1.22041E-06
0.44 3.5000E+02 1.05215E-06
0.44 3.7000E+02 7.61276E-07
0.44 3.9000E+02 6.54101E-07
0.44 4.3000E+02 4.41790E-07
0.44 4.7000E+02 3.40152E-07
0.44 5.1000E+02 2.62689E-07 


0.45 2.5600E+01 2.75158E-04
0.45 2.6600E+01 5.18973E-04
0.45 2.7600E+01 5.57090E-04
0.45 2.8600E+01 4.38866E-04
0.45 2.9600E+01 5.40864E-04
0.45 3.0600E+01 6.79099E-04
0.45 3.1600E+01 4.98612E-04
0.45 3.2600E+01 5.54840E-04
0.45 3.3600E+01 4.98843E-04
0.45 3.4600E+01 5.43056E-04
0.45 4.0000E+01 3.72725E-04
0.45 4.5000E+01 3.75366E-04
0.45 5.0000E+01 2.39707E-04
0.45 5.5000E+01 2.43951E-04
0.45 6.0000E+01 1.94811E-04
0.45 6.5000E+01 1.13796E-04
0.45 7.0000E+01 1.16240E-04
0.45 7.5000E+01 1.00924E-04
0.45 8.0000E+01 7.73092E-05
0.45 8.5000E+01 7.08393E-05
0.45 1.0000E+02 4.20487E-05
0.45 1.1000E+02 3.68430E-05
0.45 1.2000E+02 2.84683E-05
0.45 1.3000E+02 2.63941E-05
0.45 1.4000E+02 2.03776E-05
0.45 1.5000E+02 1.57745E-05
0.45 1.6000E+02 1.18466E-05
0.45 1.7000E+02 1.23148E-05
0.45 1.8000E+02 8.01991E-06
0.45 1.9000E+02 6.86128E-06
0.45 2.1000E+02 5.25292E-06
0.45 2.3000E+02 3.87898E-06
0.45 2.5000E+02 2.80048E-06
0.45 2.7000E+02 1.47684E-06
0.45 2.9000E+02 2.07313E-06
0.45 3.1000E+02 1.68187E-06
0.45 3.3000E+02 1.36568E-06
0.45 3.5000E+02 1.09629E-06
0.45 3.7000E+02 1.24028E-06
0.45 3.9000E+02 7.27775E-07
0.45 4.3000E+02 4.56192E-07
0.45 4.7000E+02 3.91296E-07
0.45 5.1000E+02 1.45173E-08 


0.46 2.5600E+01 3.01979E-04
0.46 2.6600E+01 4.27895E-04
0.46 2.7600E+01 4.25528E-04
0.46 2.8600E+01 6.40721E-04
0.46 2.9600E+01 4.94223E-04
0.46 3.0600E+01 6.56346E-04
0.46 3.1600E+01 5.01321E-04
0.46 3.2600E+01 4.60170E-04
0.46 3.3600E+01 6.31174E-04
0.46 3.4600E+01 5.07046E-04
0.46 4.0000E+01 4.37772E-04
0.46 4.5000E+01 3.83383E-04
0.46 5.0000E+01 3.03774E-04
0.46 5.5000E+01 2.34177E-04
0.46 6.0000E+01 1.75773E-04
0.46 6.5000E+01 1.67487E-04
0.46 7.0000E+01 1.10950E-04
0.46 7.5000E+01 1.09889E-04
0.46 8.0000E+01 8.55771E-05
0.46 8.5000E+01 7.85212E-05
0.46 1.0000E+02 4.22735E-05
0.46 1.1000E+02 3.77556E-05
0.46 1.2000E+02 2.93645E-05
0.46 1.3000E+02 2.09675E-05
0.46 1.4000E+02 2.92360E-05
0.46 1.5000E+02 1.87115E-05
0.46 1.6000E+02 1.22450E-05
0.46 1.7000E+02 1.04053E-05
0.46 1.8000E+02 8.40696E-06
0.46 1.9000E+02 4.32994E-06
0.46 2.1000E+02 5.96210E-06
0.46 2.3000E+02 4.26928E-06
0.46 2.5000E+02 9.63543E-06
0.46 2.7000E+02 2.50946E-06
0.46 2.9000E+02 1.82459E-06
0.46 3.1000E+02 2.30508E-06
0.46 3.3000E+02 1.44850E-06
0.46 3.5000E+02 1.16580E-06
0.46 3.7000E+02 1.85353E-06
0.46 3.9000E+02 7.62042E-07
0.46 4.3000E+02 5.23094E-07
0.46 4.7000E+02 3.84967E-07
0.46 5.1000E+02 2.97903E-07 


0.47 2.5600E+01 3.92008E-04
0.47 2.6600E+01 6.17894E-04
0.47 2.7600E+01 5.09482E-04
0.47 2.8600E+01 6.98335E-04
0.47 2.9600E+01 5.98930E-04
0.47 3.0600E+01 7.68733E-04
0.47 3.1600E+01 6.38591E-04
0.47 3.2600E+01 6.58339E-04
0.47 3.3600E+01 6.00485E-04
0.47 3.4600E+01 5.48934E-04
0.47 4.0000E+01 5.40788E-04
0.47 4.5000E+01 2.94462E-04
0.47 5.0000E+01 2.90626E-04
0.47 5.5000E+01 2.08195E-04
0.47 6.0000E+01 1.85934E-04
0.47 6.5000E+01 1.51100E-04
0.47 7.0000E+01 1.08252E-04
0.47 7.5000E+01 1.10972E-04
0.47 8.0000E+01 9.80178E-05
0.47 8.5000E+01 7.44371E-05
0.47 1.0000E+02 4.87165E-05
0.47 1.1000E+02 3.47109E-05
0.47 1.2000E+02 3.15977E-05
0.47 1.3000E+02 2.38565E-05
0.47 1.4000E+02 1.85721E-05
0.47 1.5000E+02 1.79961E-05
0.47 1.6000E+02 1.45200E-05
0.47 1.7000E+02 1.31068E-05
0.47 1.8000E+02 8.71704E-06
0.47 1.9000E+02 7.24145E-06
0.47 2.1000E+02 5.83504E-06
0.47 2.3000E+02 4.57722E-06
0.47 2.5000E+02 3.30998E-06
0.47 2.7000E+02 2.53588E-06
0.47 2.9000E+02 1.91246E-06
0.47 3.1000E+02 1.76767E-06
0.47 3.3000E+02 1.63586E-06
0.47 3.5000E+02 1.25672E-06
0.47 3.7000E+02 1.05420E-06
0.47 3.9000E+02 8.60775E-07
0.47 4.3000E+02 5.92485E-07
0.47 4.7000E+02 4.14285E-07
0.47 5.1000E+02 2.76189E-07 


0.48 2.5600E+01 3.36598E-04
0.48 2.6600E+01 4.83314E-04
0.48 2.7600E+01 6.09542E-04
0.48 2.8600E+01 5.63058E-04
0.48 2.9600E+01 6.40144E-04
0.48 3.0600E+01 6.82503E-04
0.48 3.1600E+01 7.42806E-04
0.48 3.2600E+01 5.75295E-04
0.48 3.3600E+01 5.48220E-04
0.48 3.4600E+01 7.02009E-04
0.48 4.0000E+01 6.10099E-04
0.48 4.5000E+01 2.97637E-04
0.48 5.0000E+01 2.94799E-04
0.48 5.5000E+01 2.07647E-04
0.48 6.0000E+01 2.22827E-04
0.48 6.5000E+01 1.59106E-04
0.48 7.0000E+01 1.45680E-04
0.48 7.5000E+01 1.01244E-04
0.48 8.0000E+01 1.03756E-04
0.48 8.5000E+01 8.25355E-05
0.48 1.0000E+02 5.69276E-05
0.48 1.1000E+02 3.66272E-05
0.48 1.2000E+02 2.90113E-05
0.48 1.3000E+02 2.64897E-05
0.48 1.4000E+02 1.98419E-05
0.48 1.5000E+02 1.63332E-05
0.48 1.6000E+02 6.36642E-06
0.48 1.7000E+02 1.24937E-05
0.48 1.8000E+02 5.18580E-06
0.48 1.9000E+02 7.55793E-06
0.48 2.1000E+02 5.82786E-06
0.48 2.3000E+02 4.65827E-06
0.48 2.5000E+02 3.56370E-06
0.48 2.7000E+02 2.66121E-06
0.48 2.9000E+02 2.09636E-06
0.48 3.1000E+02 1.56726E-06
0.48 3.3000E+02 1.55428E-06
0.48 3.5000E+02 1.30208E-06
0.48 3.7000E+02 1.06342E-06
0.48 3.9000E+02 8.86784E-07
0.48 4.3000E+02 6.95448E-07
0.48 4.7000E+02 4.44764E-07
0.48 5.1000E+02 3.29964E-07 


0.49 2.5600E+01 4.17025E-04
0.49 2.6600E+01 5.54381E-04
0.49 2.7600E+01 4.93586E-04
0.49 2.8600E+01 7.78255E-04
0.49 2.9600E+01 6.18602E-04
0.49 3.0600E+01 5.43331E-04
0.49 3.1600E+01 5.48080E-04
0.49 3.2600E+01 6.15590E-04
0.49 3.3600E+01 7.20276E-04
0.49 3.4600E+01 6.29319E-04
0.49 4.0000E+01 4.92126E-04
0.49 4.5000E+01 4.31484E-04
0.49 5.0000E+01 3.54861E-04
0.49 5.5000E+01 2.96384E-04
0.49 6.0000E+01 2.17899E-04
0.49 6.5000E+01 1.66504E-04
0.49 7.0000E+01 1.55656E-04
0.49 7.5000E+01 1.03216E-04
0.49 8.0000E+01 1.01991E-04
0.49 8.5000E+01 9.59344E-05
0.49 1.0000E+02 6.61416E-05
0.49 1.1000E+02 3.89245E-05
0.49 1.2000E+02 3.29276E-05
0.49 1.3000E+02 2.80818E-05
0.49 1.4000E+02 2.13684E-05
0.49 1.5000E+02 1.79848E-05
0.49 1.6000E+02 1.70573E-05
0.49 1.7000E+02 1.44119E-05
0.49 1.8000E+02 1.08552E-05
0.49 1.9000E+02 8.35453E-06
0.49 2.1000E+02 5.73582E-06
0.49 2.3000E+02 4.80655E-06
0.49 2.5000E+02 3.76291E-06
0.49 2.7000E+02 2.89683E-06
0.49 2.9000E+02 2.25894E-06
0.49 3.1000E+02 1.83612E-06
0.49 3.3000E+02 1.30655E-06
0.49 3.5000E+02 2.18814E-06
0.49 3.7000E+02 1.28701E-06
0.49 3.9000E+02 4.87331E-06
0.49 4.3000E+02 6.57301E-07
0.49 4.7000E+02 4.67583E-07
0.49 5.1000E+02 2.31567E-07 


0.50 2.5600E+01 4.65679E-04
0.50 2.6600E+01 5.97198E-04
0.50 2.7600E+01 6.77852E-04
0.50 2.8600E+01 6.17518E-04
0.50 2.9600E+01 8.56889E-04
0.50 3.0600E+01 7.05586E-04
0.50 3.1600E+01 8.37613E-04
0.50 3.2600E+01 8.09309E-04
0.50 3.3600E+01 6.50321E-04
0.50 3.4600E+01 5.51630E-04
0.50 4.0000E+01 5.94969E-04
0.50 4.5000E+01 3.60221E-04
0.50 5.0000E+01 3.98206E-04
0.50 5.5000E+01 3.13206E-04
0.50 6.0000E+01 1.82912E-04
0.50 6.5000E+01 1.93216E-04
0.50 7.0000E+01 1.46639E-04
0.50 7.5000E+01 1.23376E-04
0.50 8.0000E+01 9.43561E-05
0.50 8.5000E+01 9.65765E-05
0.50 1.0000E+02 5.90736E-05
0.50 1.1000E+02 4.24395E-05
0.50 1.2000E+02 3.18725E-05
0.50 1.3000E+02 2.89089E-05
0.50 1.4000E+02 2.31822E-05
0.50 1.5000E+02 1.66406E-05
0.50 1.6000E+02 1.40395E-05
0.50 1.7000E+02 1.49837E-05
0.50 1.8000E+02 1.19232E-05
0.50 1.9000E+02 9.33658E-06
0.50 2.1000E+02 6.16237E-06
0.50 2.3000E+02 5.70553E-06
0.50 2.5000E+02 3.81463E-06
0.50 2.7000E+02 3.07826E-06
0.50 2.9000E+02 2.11607E-06
0.50 3.1000E+02 1.40942E-06
0.50 3.3000E+02 1.34854E-06
0.50 3.5000E+02 1.32542E-06
0.50 3.7000E+02 1.18719E-06
0.50 3.9000E+02 1.01489E-06
0.50 4.3000E+02 7.16380E-07
0.50 4.7000E+02 4.98792E-07
0.50 5.1000E+02 3.77443E-07 


0.51 2.5600E+01 4.27399E-04
0.51 2.6600E+01 4.32119E-04
0.51 2.7600E+01 7.29237E-04
0.51 2.8600E+01 5.93857E-04
0.51 2.9600E+01 8.13814E-04
0.51 3.0600E+01 7.98879E-04
0.51 3.1600E+01 7.46452E-04
0.51 3.2600E+01 8.65289E-04
0.51 3.3600E+01 6.05315E-04
0.51 3.4600E+01 7.95477E-04
0.51 4.0000E+01 5.31211E-04
0.51 4.5000E+01 4.10843E-04
0.51 5.0000E+01 3.41132E-04
0.51 5.5000E+01 2.70833E-04
0.51 6.0000E+01 1.92303E-04
0.51 6.5000E+01 2.12401E-04
0.51 7.0000E+01 1.49680E-04
0.51 7.5000E+01 1.69389E-04
0.51 8.0000E+01 9.48468E-05
0.51 8.5000E+01 9.34230E-05
0.51 1.0000E+02 5.75451E-05
0.51 1.1000E+02 5.39680E-05
0.51 1.2000E+02 3.29892E-05
0.51 1.3000E+02 2.86983E-05
0.51 1.4000E+02 2.52690E-05
0.51 1.5000E+02 1.94426E-05
0.51 1.6000E+02 1.49358E-05
0.51 1.7000E+02 1.36895E-05
0.51 1.8000E+02 1.37714E-05
0.51 1.9000E+02 1.04058E-05
0.51 2.1000E+02 6.70050E-06
0.51 2.3000E+02 4.86710E-06
0.51 2.5000E+02 4.16275E-06
0.51 2.7000E+02 3.22427E-06
0.51 2.9000E+02 2.51643E-06
0.51 3.1000E+02 1.96963E-06
0.51 3.3000E+02 1.60149E-06
0.51 3.5000E+02 1.15999E-06
0.51 3.7000E+02 1.23287E-06
0.51 3.9000E+02 1.07561E-06
0.51 4.3000E+02 7.64327E-07
0.51 4.7000E+02 5.37463E-07
0.51 5.1000E+02 4.00595E-07 


0.52 2.5600E+01 5.23756E-04
0.52 2.6600E+01 5.49362E-04
0.52 2.7600E+01 6.20861E-04
0.52 2.8600E+01 7.35243E-04
0.52 2.9600E+01 8.18866E-04
0.52 3.0600E+01 6.50700E-04
0.52 3.1600E+01 6.22492E-04
0.52 3.2600E+01 8.35774E-04
0.52 3.3600E+01 8.69644E-04
0.52 3.4600E+01 6.52102E-04
0.52 4.0000E+01 4.80134E-04
0.52 4.5000E+01 5.07503E-04
0.52 5.0000E+01 2.62347E-04
0.52 5.5000E+01 3.00331E-04
0.52 6.0000E+01 2.66012E-04
0.52 6.5000E+01 2.06987E-04
0.52 7.0000E+01 1.68988E-04
0.52 7.5000E+01 1.41505E-04
0.52 8.0000E+01 1.18395E-04
0.52 8.5000E+01 8.69940E-05
0.52 1.0000E+02 6.29138E-05
0.52 1.1000E+02 6.04802E-05
0.52 1.2000E+02 3.67867E-05
0.52 1.3000E+02 2.81461E-05
0.52 1.4000E+02 2.55749E-05
0.52 1.5000E+02 2.10661E-05
0.52 1.6000E+02 1.62666E-05
0.52 1.7000E+02 1.28618E-05
0.52 1.8000E+02 1.36135E-05
0.52 1.9000E+02 1.15690E-05
0.52 2.1000E+02 7.48909E-06
0.52 2.3000E+02 5.10121E-06
0.52 2.5000E+02 4.18142E-06
0.52 2.7000E+02 3.48787E-06
0.52 2.9000E+02 2.69048E-06
0.52 3.1000E+02 2.09525E-06
0.52 3.3000E+02 1.65972E-06
0.52 3.5000E+02 1.29774E-06
0.52 3.7000E+02 1.01665E-06
0.52 3.9000E+02 1.09639E-06
0.52 4.3000E+02 8.08160E-07
0.52 4.7000E+02 5.63651E-07
0.52 5.1000E+02 4.29751E-07 


0.53 2.5600E+01 5.29494E-04
0.53 2.6600E+01 4.93891E-04
0.53 2.7600E+01 8.88280E-04
0.53 2.8600E+01 6.93851E-04
0.53 2.9600E+01 9.70734E-04
0.53 3.0600E+01 9.03732E-04
0.53 3.1600E+01 8.25528E-04
0.53 3.2600E+01 9.35964E-04
0.53 3.3600E+01 8.93714E-04
0.53 3.4600E+01 6.65499E-04
0.53 4.0000E+01 5.90843E-04
0.53 4.5000E+01 5.29955E-04
0.53 5.0000E+01 4.38497E-04
0.53 5.5000E+01 3.55484E-04
0.53 6.0000E+01 2.59365E-04
0.53 6.5000E+01 1.79008E-04
0.53 7.0000E+01 1.89841E-04
0.53 7.5000E+01 1.35877E-04
0.53 8.0000E+01 1.55877E-04
0.53 8.5000E+01 8.90466E-05
0.53 1.0000E+02 6.96303E-05
0.53 1.1000E+02 5.10758E-05
0.53 1.2000E+02 4.37583E-05
0.53 1.3000E+02 2.85729E-05
0.53 1.4000E+02 2.54166E-05
0.53 1.5000E+02 2.20147E-05
0.53 1.6000E+02 1.77403E-05
0.53 1.7000E+02 1.37939E-05
0.53 1.8000E+02 1.14152E-05
0.53 1.9000E+02 1.24563E-05
0.53 2.1000E+02 8.18637E-06
0.53 2.3000E+02 5.32210E-06
0.53 2.5000E+02 3.99360E-06
0.53 2.7000E+02 4.12414E-06
0.53 2.9000E+02 2.80832E-06
0.53 3.1000E+02 2.22739E-06
0.53 3.3000E+02 1.76399E-06
0.53 3.5000E+02 1.43760E-06
0.53 3.7000E+02 1.07275E-06
0.53 3.9000E+02 8.96325E-07
0.53 4.3000E+02 8.44601E-07
0.53 4.7000E+02 6.20329E-07
0.53 5.1000E+02 4.36700E-07 


0.54 2.5600E+01 5.30500E-04
0.54 2.6600E+01 5.09438E-04
0.54 2.7600E+01 7.25367E-04
0.54 2.8600E+01 7.39993E-04
0.54 2.9600E+01 7.22754E-04
0.54 3.0600E+01 1.05221E-03
0.54 3.1600E+01 8.69504E-04
0.54 3.2600E+01 7.77482E-04
0.54 3.3600E+01 6.31727E-04
0.54 3.4600E+01 8.86552E-04
0.54 4.0000E+01 7.34559E-04
0.54 4.5000E+01 4.54550E-04
0.54 5.0000E+01 4.27036E-04
0.54 5.5000E+01 3.81375E-04
0.54 6.0000E+01 2.44401E-04
0.54 6.5000E+01 1.82578E-04
0.54 7.0000E+01 1.96598E-04
0.54 7.5000E+01 1.50918E-04
0.54 8.0000E+01 1.33752E-04
0.54 8.5000E+01 1.09188E-04
0.54 1.0000E+02 7.59013E-05
0.54 1.1000E+02 5.06305E-05
0.54 1.2000E+02 5.13110E-05
0.54 1.3000E+02 3.14957E-05
0.54 1.4000E+02 2.49591E-05
0.54 1.5000E+02 2.29446E-05
0.54 1.6000E+02 1.95602E-05
0.54 1.7000E+02 1.50847E-05
0.54 1.8000E+02 1.19056E-05
0.54 1.9000E+02 1.03877E-05
0.54 2.1000E+02 9.14878E-06
0.54 2.3000E+02 5.92478E-06
0.54 2.5000E+02 4.27614E-06
0.54 2.7000E+02 3.42953E-06
0.54 2.9000E+02 2.96301E-06
0.54 3.1000E+02 2.36225E-06
0.54 3.3000E+02 1.90002E-06
0.54 3.5000E+02 1.50058E-06
0.54 3.7000E+02 1.22008E-06
0.54 3.9000E+02 9.47518E-07
0.54 4.3000E+02 8.60970E-07
0.54 4.7000E+02 6.47150E-07
0.54 5.1000E+02 4.80356E-07 


0.55 2.5600E+01 5.29856E-04
0.55 2.6600E+01 7.34881E-04
0.55 2.7600E+01 7.86728E-04
0.55 2.8600E+01 9.55826E-04
0.55 2.9600E+01 7.25741E-04
0.55 3.0600E+01 7.75833E-04
0.55 3.1600E+01 7.78018E-04
0.55 3.2600E+01 7.04551E-04
0.55 3.3600E+01 1.00497E-03
0.55 3.4600E+01 1.03910E-03
0.55 4.0000E+01 5.97177E-04
0.55 4.5000E+01 4.97194E-04
0.55 5.0000E+01 3.79070E-04
0.55 5.5000E+01 3.32774E-04
0.55 6.0000E+01 2.60179E-04
0.55 6.5000E+01 2.65009E-04
0.55 7.0000E+01 1.84591E-04
0.55 7.5000E+01 1.70912E-04
0.55 8.0000E+01 1.26439E-04
0.55 8.5000E+01 1.46920E-04
0.55 1.0000E+02 7.81395E-05
0.55 1.1000E+02 5.55394E-05
0.55 1.2000E+02 4.99883E-05
0.55 1.3000E+02 3.64894E-05
0.55 1.4000E+02 2.51898E-05
0.55 1.5000E+02 2.25843E-05
0.55 1.6000E+02 1.96492E-05
0.55 1.7000E+02 1.66372E-05
0.55 1.8000E+02 1.27699E-05
0.55 1.9000E+02 1.53697E-05
0.55 2.1000E+02 9.99786E-06
0.55 2.3000E+02 6.58755E-06
0.55 2.5000E+02 4.52674E-06
0.55 2.7000E+02 3.53553E-06
0.55 2.9000E+02 2.97019E-06
0.55 3.1000E+02 2.45094E-06
0.55 3.3000E+02 2.00256E-06
0.55 3.5000E+02 1.44081E-06
0.55 3.7000E+02 1.29519E-06
0.55 3.9000E+02 1.05274E-06
0.55 4.3000E+02 8.41256E-07
0.55 4.7000E+02 6.82339E-07
0.55 5.1000E+02 5.05765E-07 


0.56 2.5600E+01 5.28697E-04
0.56 2.6600E+01 5.72158E-04
0.56 2.7600E+01 8.89413E-04
0.56 2.8600E+01 9.69916E-04
0.56 2.9600E+01 9.31908E-04
0.56 3.0600E+01 1.06606E-03
0.56 3.1600E+01 1.00298E-03
0.56 3.2600E+01 9.78973E-04
0.56 3.3600E+01 9.16846E-04
0.56 3.4600E+01 6.55941E-04
0.56 4.0000E+01 6.91755E-04
0.56 4.5000E+01 6.32116E-04
0.56 5.0000E+01 4.18907E-04
0.56 5.5000E+01 2.63945E-04
0.56 6.0000E+01 3.07497E-04
0.56 6.5000E+01 2.60220E-04
0.56 7.0000E+01 1.62131E-04
0.56 7.5000E+01 1.83383E-04
0.56 8.0000E+01 1.36416E-04
0.56 8.5000E+01 1.26020E-04
0.56 1.0000E+02 7.58945E-05
0.56 1.1000E+02 6.15550E-05
0.56 1.2000E+02 4.33578E-05
0.56 1.3000E+02 4.33594E-05
0.56 1.4000E+02 2.73158E-05
0.56 1.5000E+02 2.22398E-05
0.56 1.6000E+02 2.01967E-05
0.56 1.7000E+02 1.73567E-05
0.56 1.8000E+02 1.51178E-05
0.56 1.9000E+02 1.11737E-05
0.56 2.1000E+02 1.03022E-05
0.56 2.3000E+02 7.23005E-06
0.56 2.5000E+02 4.89411E-06
0.56 2.7000E+02 3.66269E-06
0.56 2.9000E+02 3.00052E-06
0.56 3.1000E+02 2.53891E-06
0.56 3.3000E+02 2.08419E-06
0.56 3.5000E+02 1.70779E-06
0.56 3.7000E+02 1.40172E-06
0.56 3.9000E+02 1.13604E-06
0.56 4.3000E+02 7.17884E-07
0.56 4.7000E+02 7.01238E-07
0.56 5.1000E+02 5.22942E-07 


0.57 2.5600E+01 5.21698E-04
0.57 2.6600E+01 6.89481E-04
0.57 2.7600E+01 6.23957E-04
0.57 2.8600E+01 8.68304E-04
0.57 2.9600E+01 8.72221E-04
0.57 3.0600E+01 1.02432E-03
0.57 3.1600E+01 1.18033E-03
0.57 3.2600E+01 8.96894E-04
0.57 3.3600E+01 7.36456E-04
0.57 3.4600E+01 9.99431E-04
0.57 4.0000E+01 8.61741E-04
0.57 4.5000E+01 5.80528E-04
0.57 5.0000E+01 5.17247E-04
0.57 5.5000E+01 4.18712E-04
0.57 6.0000E+01 3.52643E-04
0.57 6.5000E+01 2.35465E-04
0.57 7.0000E+01 1.76927E-04
0.57 7.5000E+01 1.80852E-04
0.57 8.0000E+01 1.54237E-04
0.57 8.5000E+01 1.16906E-04
0.57 1.0000E+02 7.14142E-05
0.57 1.1000E+02 6.61701E-05
0.57 1.2000E+02 4.59077E-05
0.57 1.3000E+02 4.86632E-05
0.57 1.4000E+02 3.13759E-05
0.57 1.5000E+02 2.24762E-05
0.57 1.6000E+02 1.99816E-05
0.57 1.7000E+02 1.79372E-05
0.57 1.8000E+02 1.51695E-05
0.57 1.9000E+02 1.22787E-05
0.57 2.1000E+02 8.35386E-06
0.57 2.3000E+02 7.93625E-06
0.57 2.5000E+02 5.43766E-06
0.57 2.7000E+02 3.67853E-06
0.57 2.9000E+02 2.99365E-06
0.57 3.1000E+02 2.61226E-06
0.57 3.3000E+02 2.08477E-06
0.57 3.5000E+02 1.83800E-06
0.57 3.7000E+02 1.42325E-06
0.57 3.9000E+02 1.22133E-06
0.57 4.3000E+02 7.93111E-07
0.57 4.7000E+02 7.12655E-07
0.57 5.1000E+02 5.67104E-07 


0.58 2.5600E+01 5.12449E-04
0.58 2.6600E+01 8.37472E-04
0.58 2.7600E+01 7.92329E-04
0.58 2.8600E+01 1.26575E-03
0.58 2.9600E+01 8.31578E-04
0.58 3.0600E+01 8.01869E-04
0.58 3.1600E+01 8.93695E-04
0.58 3.2600E+01 8.43116E-04
0.58 3.3600E+01 8.54963E-04
0.58 3.4600E+01 1.05870E-03
0.58 4.0000E+01 8.06139E-04
0.58 4.5000E+01 4.96893E-04
0.58 5.0000E+01 6.02983E-04
0.58 5.5000E+01 4.22733E-04
0.58 6.0000E+01 3.50439E-04
0.58 6.5000E+01 2.43694E-04
0.58 7.0000E+01 2.58535E-04
0.58 7.5000E+01 1.62146E-04
0.58 8.0000E+01 1.69198E-04
0.58 8.5000E+01 1.25887E-04
0.58 1.0000E+02 7.06744E-05
0.58 1.1000E+02 6.74767E-05
0.58 1.2000E+02 4.99016E-05
0.58 1.3000E+02 3.95159E-05
0.58 1.4000E+02 3.68511E-05
0.58 1.5000E+02 2.41019E-05
0.58 1.6000E+02 1.98459E-05
0.58 1.7000E+02 1.80334E-05
0.58 1.8000E+02 1.58282E-05
0.58 1.9000E+02 1.34184E-05
0.58 2.1000E+02 8.55023E-06
0.58 2.3000E+02 8.74606E-06
0.58 2.5000E+02 5.93540E-06
0.58 2.7000E+02 4.08270E-06
0.58 2.9000E+02 3.19085E-06
0.58 3.1000E+02 2.60600E-06
0.58 3.3000E+02 2.20912E-06
0.58 3.5000E+02 1.83984E-06
0.58 3.7000E+02 1.54356E-06
0.58 3.9000E+02 1.29496E-06
0.58 4.3000E+02 8.79910E-07
0.58 4.7000E+02 5.81462E-07
0.58 5.1000E+02 5.83521E-07 


0.59 2.5600E+01 4.80219E-04
0.59 2.6600E+01 8.64850E-04
0.59 2.7600E+01 8.29264E-04
0.59 2.8600E+01 9.68166E-04
0.59 2.9600E+01 1.11696E-03
0.59 3.0600E+01 9.04200E-04
0.59 3.1600E+01 1.03062E-03
0.59 3.2600E+01 1.12172E-03
0.59 3.3600E+01 1.18455E-03
0.59 3.4600E+01 8.20336E-04
0.59 4.0000E+01 6.14612E-04
0.59 4.5000E+01 5.61564E-04
0.59 5.0000E+01 5.19487E-04
0.59 5.5000E+01 3.69645E-04
0.59 6.0000E+01 2.74442E-04
0.59 6.5000E+01 2.79783E-04
0.59 7.0000E+01 2.39292E-04
0.59 7.5000E+01 1.44579E-04
0.59 8.0000E+01 1.70408E-04
0.59 8.5000E+01 1.41310E-04
0.59 1.0000E+02 8.05684E-05
0.59 1.1000E+02 6.64168E-05
0.59 1.2000E+02 5.49211E-05
0.59 1.3000E+02 3.85017E-05
0.59 1.4000E+02 4.21899E-05
0.59 1.5000E+02 2.73943E-05
0.59 1.6000E+02 2.00216E-05
0.59 1.7000E+02 1.78174E-05
0.59 1.8000E+02 1.61855E-05
0.59 1.9000E+02 1.38252E-05
0.59 2.1000E+02 9.18179E-06
0.59 2.3000E+02 7.86663E-06
0.59 2.5000E+02 6.51117E-06
0.59 2.7000E+02 4.56338E-06
0.59 2.9000E+02 3.33764E-06
0.59 3.1000E+02 2.68111E-06
0.59 3.3000E+02 2.23469E-06
0.59 3.5000E+02 1.92469E-06
0.59 3.7000E+02 1.62960E-06
0.59 3.9000E+02 1.36950E-06
0.59 4.3000E+02 9.18959E-07
0.59 4.7000E+02 6.28259E-07
0.59 5.1000E+02 5.93447E-07 


0.60 2.5600E+01 4.31232E-04
0.60 2.6600E+01 8.05274E-04
0.60 2.7600E+01 6.76594E-04
0.60 2.8600E+01 9.47852E-04
0.60 2.9600E+01 1.21861E-03
0.60 3.0600E+01 1.11379E-03
0.60 3.1600E+01 1.27648E-03
0.60 3.2600E+01 1.29806E-03
0.60 3.3600E+01 8.86554E-04
0.60 3.4600E+01 8.12224E-04
0.60 4.0000E+01 7.47080E-04
0.60 4.5000E+01 7.63577E-04
0.60 5.0000E+01 4.54711E-04
0.60 5.5000E+01 3.78801E-04
0.60 6.0000E+01 2.73174E-04
0.60 6.5000E+01 3.22848E-04
0.60 7.0000E+01 2.15686E-04
0.60 7.5000E+01 1.80098E-04
0.60 8.0000E+01 1.59212E-04
0.60 8.5000E+01 1.55005E-04
0.60 1.0000E+02 1.01443E-04
0.60 1.1000E+02 6.31790E-05
0.60 1.2000E+02 5.85516E-05
0.60 1.3000E+02 4.13735E-05
0.60 1.4000E+02 3.62765E-05
0.60 1.5000E+02 3.17351E-05
0.60 1.6000E+02 2.16054E-05
0.60 1.7000E+02 1.77869E-05
0.60 1.8000E+02 1.61112E-05
0.60 1.9000E+02 1.45370E-05
0.60 2.1000E+02 1.01811E-05
0.60 2.3000E+02 6.82095E-06
0.60 2.5000E+02 7.03075E-06
0.60 2.7000E+02 4.98365E-06
0.60 2.9000E+02 3.60081E-06
0.60 3.1000E+02 2.75030E-06
0.60 3.3000E+02 2.35941E-06
0.60 3.5000E+02 1.98578E-06
0.60 3.7000E+02 1.66498E-06
0.60 3.9000E+02 1.40456E-06
0.60 4.3000E+02 1.00497E-06
0.60 4.7000E+02 6.85887E-07
0.60 5.1000E+02 4.88563E-07 


0.61 2.5600E+01 4.10387E-04
0.61 2.6600E+01 9.64567E-04
0.61 2.7600E+01 8.12301E-04
0.61 2.8600E+01 1.15111E-03
0.61 2.9600E+01 1.08547E-03
0.61 3.0600E+01 9.61219E-04
0.61 3.1600E+01 9.56115E-04
0.61 3.2600E+01 9.92151E-04
0.61 3.3600E+01 9.93002E-04
0.61 3.4600E+01 1.12995E-03
0.61 4.0000E+01 9.69536E-04
0.61 4.5000E+01 7.48091E-04
0.61 5.0000E+01 6.02800E-04
0.61 5.5000E+01 4.54271E-04
0.61 6.0000E+01 4.07776E-04
0.61 6.5000E+01 3.35912E-04
0.61 7.0000E+01 2.27382E-04
0.61 7.5000E+01 2.43359E-04
0.61 8.0000E+01 1.40696E-04
0.61 8.5000E+01 1.60187E-04
0.61 1.0000E+02 1.14786E-04
0.61 1.1000E+02 6.13745E-05
0.61 1.2000E+02 5.94281E-05
0.61 1.3000E+02 4.59468E-05
0.61 1.4000E+02 3.32886E-05
0.61 1.5000E+02 3.69554E-05
0.61 1.6000E+02 2.43712E-05
0.61 1.7000E+02 1.81950E-05
0.61 1.8000E+02 1.60686E-05
0.61 1.9000E+02 1.46545E-05
0.61 2.1000E+02 1.10271E-05
0.61 2.3000E+02 8.34123E-06
0.61 2.5000E+02 7.45400E-06
0.61 2.7000E+02 5.35675E-06
0.61 2.9000E+02 3.91236E-06
0.61 3.1000E+02 2.97522E-06
0.61 3.3000E+02 2.17264E-06
0.61 3.5000E+02 1.98543E-06
0.61 3.7000E+02 1.70331E-06
0.61 3.9000E+02 1.44513E-06
0.61 4.3000E+02 1.04795E-06
0.61 4.7000E+02 7.35572E-07
0.61 5.1000E+02 4.91336E-07 


0.62 2.5600E+01 4.13611E-04
0.62 2.6600E+01 9.77903E-04
0.62 2.7600E+01 1.08797E-03
0.62 2.8600E+01 1.03730E-03
0.62 2.9600E+01 1.18257E-03
0.62 3.0600E+01 1.02665E-03
0.62 3.1600E+01 9.46902E-04
0.62 3.2600E+01 1.06172E-03
0.62 3.3600E+01 1.32439E-03
0.62 3.4600E+01 1.08305E-03
0.62 4.0000E+01 7.75403E-04
0.62 4.5000E+01 6.23876E-04
0.62 5.0000E+01 6.18908E-04
0.62 5.5000E+01 5.48171E-04
0.62 6.0000E+01 3.86400E-04
0.62 6.5000E+01 2.96688E-04
0.62 7.0000E+01 2.62346E-04
0.62 7.5000E+01 2.17323E-04
0.62 8.0000E+01 1.47975E-04
0.62 8.5000E+01 1.51954E-04
0.62 1.0000E+02 9.85690E-05
0.62 1.1000E+02 6.62930E-05
0.62 1.2000E+02 5.77282E-05
0.62 1.3000E+02 4.96319E-05
0.62 1.4000E+02 3.55250E-05
0.62 1.5000E+02 3.42570E-05
0.62 1.6000E+02 2.80133E-05
0.62 1.7000E+02 1.96222E-05
0.62 1.8000E+02 1.59724E-05
0.62 1.9000E+02 1.46190E-05
0.62 2.1000E+02 1.15882E-05
0.62 2.3000E+02 7.94306E-06
0.62 2.5000E+02 5.88388E-06
0.62 2.7000E+02 5.87249E-06
0.62 2.9000E+02 4.25149E-06
0.62 3.1000E+02 3.11713E-06
0.62 3.3000E+02 2.41995E-06
0.62 3.5000E+02 2.00781E-06
0.62 3.7000E+02 1.74290E-06
0.62 3.9000E+02 1.49367E-06
0.62 4.3000E+02 1.08717E-06
0.62 4.7000E+02 7.67099E-07
0.62 5.1000E+02 5.49764E-07 


0.63 2.5600E+01 3.77443E-04
0.63 2.6600E+01 9.69033E-04
0.63 2.7600E+01 8.46402E-04
0.63 2.8600E+01 8.22655E-04
0.63 2.9600E+01 1.48771E-03
0.63 3.0600E+01 1.31258E-03
0.63 3.1600E+01 1.14638E-03
0.63 3.2600E+01 1.43209E-03
0.63 3.3600E+01 1.37652E-03
0.63 3.4600E+01 9.46878E-04
0.63 4.0000E+01 8.11264E-04
0.63 4.5000E+01 7.55572E-04
0.63 5.0000E+01 5.25005E-04
0.63 5.5000E+01 5.60434E-04
0.63 6.0000E+01 3.31706E-04
0.63 6.5000E+01 2.41522E-04
0.63 7.0000E+01 2.97257E-04
0.63 7.5000E+01 1.97927E-04
0.63 8.0000E+01 2.19549E-04
0.63 8.5000E+01 1.35495E-04
0.63 1.0000E+02 9.45726E-05
0.63 1.1000E+02 8.30896E-05
0.63 1.2000E+02 5.47336E-05
0.63 1.3000E+02 5.16970E-05
0.63 1.4000E+02 3.89837E-05
0.63 1.5000E+02 2.94617E-05
0.63 1.6000E+02 3.25412E-05
0.63 1.7000E+02 2.20173E-05
0.63 1.8000E+02 1.65322E-05
0.63 1.9000E+02 1.44385E-05
0.63 2.1000E+02 1.18824E-05
0.63 2.3000E+02 8.67245E-06
0.63 2.5000E+02 5.88534E-06
0.63 2.7000E+02 6.30525E-06
0.63 2.9000E+02 4.60300E-06
0.63 3.1000E+02 3.37827E-06
0.63 3.3000E+02 2.54273E-06
0.63 3.5000E+02 2.05112E-06
0.63 3.7000E+02 1.75784E-06
0.63 3.9000E+02 1.52501E-06
0.63 4.3000E+02 1.12755E-06
0.63 4.7000E+02 8.34240E-07
0.63 5.1000E+02 5.66129E-07 


0.64 2.5600E+01 3.39251E-04
0.64 2.6600E+01 9.86887E-04
0.64 2.7600E+01 9.91329E-04
0.64 2.8600E+01 1.14711E-03
0.64 2.9600E+01 1.15977E-03
0.64 3.0600E+01 1.41682E-03
0.64 3.1600E+01 1.22394E-03
0.64 3.2600E+01 1.08920E-03
0.64 3.3600E+01 1.03841E-03
0.64 3.4600E+01 1.22659E-03
0.64 4.0000E+01 1.03494E-03
0.64 4.5000E+01 9.06724E-04
0.64 5.0000E+01 4.92569E-04
0.64 5.5000E+01 4.08521E-04
0.64 6.0000E+01 3.46450E-04
0.64 6.5000E+01 3.32952E-04
0.64 7.0000E+01 3.09296E-04
0.64 7.5000E+01 2.15342E-04
0.64 8.0000E+01 2.17530E-04
0.64 8.5000E+01 1.25155E-04
0.64 1.0000E+02 1.02981E-04
0.64 1.1000E+02 1.05070E-04
0.64 1.2000E+02 5.36374E-05
0.64 1.3000E+02 5.17781E-05
0.64 1.4000E+02 4.25080E-05
0.64 1.5000E+02 3.04895E-05
0.64 1.6000E+02 3.17841E-05
0.64 1.7000E+02 2.52708E-05
0.64 1.8000E+02 1.79817E-05
0.64 1.9000E+02 1.44808E-05
0.64 2.1000E+02 1.20210E-05
0.64 2.3000E+02 9.31051E-06
0.64 2.5000E+02 6.36549E-06
0.64 2.7000E+02 5.31601E-06
0.64 2.9000E+02 4.96253E-06
0.64 3.1000E+02 3.66226E-06
0.64 3.3000E+02 2.74292E-06
0.64 3.5000E+02 2.13726E-06
0.64 3.7000E+02 1.79256E-06
0.64 3.9000E+02 1.53752E-06
0.64 4.3000E+02 1.16480E-06
0.64 4.7000E+02 8.67658E-07
0.64 5.1000E+02 6.43806E-07 


0.65 2.5600E+01 3.06603E-04
0.65 2.6600E+01 9.72742E-04
0.65 2.7600E+01 1.22715E-03
0.65 2.8600E+01 1.02308E-03
0.65 2.9600E+01 1.23379E-03
0.65 3.0600E+01 1.31501E-03
0.65 3.1600E+01 1.04193E-03
0.65 3.2600E+01 1.01276E-03
0.65 3.3600E+01 1.25689E-03
0.65 3.4600E+01 1.48407E-03
0.65 4.0000E+01 1.23407E-03
0.65 4.5000E+01 8.71235E-04
0.65 5.0000E+01 6.06051E-04
0.65 5.5000E+01 4.67328E-04
0.65 6.0000E+01 4.23136E-04
0.65 6.5000E+01 3.83476E-04
0.65 7.0000E+01 2.86255E-04
0.65 7.5000E+01 2.50975E-04
0.65 8.0000E+01 1.91546E-04
0.65 8.5000E+01 1.63647E-04
0.65 1.0000E+02 1.14989E-04
0.65 1.1000E+02 9.12139E-05
0.65 1.2000E+02 5.76738E-05
0.65 1.3000E+02 5.01956E-05
0.65 1.4000E+02 4.50276E-05
0.65 1.5000E+02 3.35032E-05
0.65 1.6000E+02 2.65290E-05
0.65 1.7000E+02 2.93002E-05
0.65 1.8000E+02 2.01753E-05
0.65 1.9000E+02 1.51705E-05
0.65 2.1000E+02 1.19704E-05
0.65 2.3000E+02 9.71433E-06
0.65 2.5000E+02 6.94327E-06
0.65 2.7000E+02 4.89812E-06
0.65 2.9000E+02 5.35301E-06
0.65 3.1000E+02 3.96450E-06
0.65 3.3000E+02 2.97647E-06
0.65 3.5000E+02 2.26178E-06
0.65 3.7000E+02 1.83147E-06
0.65 3.9000E+02 1.46092E-06
0.65 4.3000E+02 1.21031E-06
0.65 4.7000E+02 8.97433E-07
0.65 5.1000E+02 6.63801E-07 


