0.40 2.5600E+01   NaN
0.40 2.6600E+01   NaN
0.40 2.7600E+01   NaN
0.40 2.8600E+01   NaN
0.40 2.9600E+01   NaN
0.40 3.0600E+01   NaN
0.40 3.1600E+01   NaN
0.40 3.2600E+01   NaN
0.40 3.3600E+01   NaN
0.40 3.4600E+01   NaN
0.40 4.0000E+01   NaN
0.40 4.5000E+01   NaN
0.40 5.0000E+01   NaN
0.40 5.5000E+01   NaN
0.40 6.0000E+01   NaN
0.40 6.5000E+01   NaN
0.40 7.0000E+01 5.42787E-07
0.40 7.5000E+01 2.16864E-05
0.40 8.0000E+01 6.26957E-06
0.40 8.5000E+01 4.71994E-06
0.40 1.0000E+02 3.72000E-07
0.40 1.1000E+02 2.99406E-06
0.40 1.2000E+02 3.16584E-07
0.40 1.3000E+02 4.95065E-07
0.40 1.4000E+02 2.50293E-06
0.40 1.5000E+02 7.84830E-07
0.40 1.6000E+02 8.38995E-07
0.40 1.7000E+02 4.94683E-07
0.40 1.8000E+02 7.37618E-07
0.40 1.9000E+02 8.63802E-07
0.40 2.1000E+02 4.00631E-07
0.40 2.3000E+02 5.30822E-07
0.40 2.5000E+02 4.81282E-07
0.40 2.7000E+02 3.15702E-07
0.40 2.9000E+02 2.00643E-07
0.40 3.1000E+02 1.44264E-07
0.40 3.3000E+02 9.40069E-08
0.40 3.5000E+02 6.76689E-08
0.40 3.7000E+02 8.23638E-08
0.40 3.9000E+02 5.16935E-08
0.40 4.3000E+02 4.46568E-08
0.40 4.7000E+02 2.99850E-08
0.40 5.1000E+02 2.45092E-08 


0.41 2.5600E+01   NaN
0.41 2.6600E+01   NaN
0.41 2.7600E+01   NaN
0.41 2.8600E+01   NaN
0.41 2.9600E+01   NaN
0.41 3.0600E+01   NaN
0.41 3.1600E+01   NaN
0.41 3.2600E+01   NaN
0.41 3.3600E+01   NaN
0.41 3.4600E+01   NaN
0.41 4.0000E+01   NaN
0.41 4.5000E+01   NaN
0.41 5.0000E+01   NaN
0.41 5.5000E+01   NaN
0.41 6.0000E+01   NaN
0.41 6.5000E+01   NaN
0.41 7.0000E+01 1.00237E-05
0.41 7.5000E+01 2.39807E-06
0.41 8.0000E+01 3.93507E-06
0.41 8.5000E+01 8.94739E-06
0.41 1.0000E+02 3.01665E-06
0.41 1.1000E+02 1.55422E-05
0.41 1.2000E+02 1.32564E-06
0.41 1.3000E+02 3.78301E-07
0.41 1.4000E+02 7.36844E-07
0.41 1.5000E+02 1.58183E-06
0.41 1.6000E+02 7.64626E-07
0.41 1.7000E+02 1.84709E-07
0.41 1.8000E+02 2.20912E-07
0.41 1.9000E+02 3.24039E-07
0.41 2.1000E+02 1.62342E-07
0.41 2.3000E+02 6.03560E-07
0.41 2.5000E+02 1.88038E-07
0.41 2.7000E+02 2.38462E-07
0.41 2.9000E+02 1.78115E-07
0.41 3.1000E+02 1.12717E-07
0.41 3.3000E+02 7.00604E-08
0.41 3.5000E+02 5.23179E-08
0.41 3.7000E+02 4.16488E-08
0.41 3.9000E+02 3.62386E-08
0.41 4.3000E+02 3.47292E-08
0.41 4.7000E+02 2.74587E-08
0.41 5.1000E+02 2.06076E-08 


0.42 2.5600E+01   NaN
0.42 2.6600E+01   NaN
0.42 2.7600E+01   NaN
0.42 2.8600E+01   NaN
0.42 2.9600E+01   NaN
0.42 3.0600E+01   NaN
0.42 3.1600E+01   NaN
0.42 3.2600E+01   NaN
0.42 3.3600E+01   NaN
0.42 3.4600E+01   NaN
0.42 4.0000E+01   NaN
0.42 4.5000E+01   NaN
0.42 5.0000E+01   NaN
0.42 5.5000E+01   NaN
0.42 6.0000E+01   NaN
0.42 6.5000E+01   NaN
0.42 7.0000E+01 1.02984E-06
0.42 7.5000E+01 1.91184E-05
0.42 8.0000E+01 1.96805E-06
0.42 8.5000E+01 1.77854E-05
0.42 1.0000E+02 8.49994E-07
0.42 1.1000E+02 1.78057E-07
0.42 1.2000E+02 8.92724E-07
0.42 1.3000E+02 2.10509E-06
0.42 1.4000E+02 6.92129E-07
0.42 1.5000E+02 7.71394E-07
0.42 1.6000E+02 1.21989E-06
0.42 1.7000E+02 4.97718E-07
0.42 1.8000E+02 2.87802E-07
0.42 1.9000E+02 3.40450E-07
0.42 2.1000E+02 3.62309E-07
0.42 2.3000E+02 1.42769E-07
0.42 2.5000E+02 3.18373E-07
0.42 2.7000E+02 2.50085E-07
0.42 2.9000E+02 2.03410E-07
0.42 3.1000E+02 1.24496E-07
0.42 3.3000E+02 7.95475E-08
0.42 3.5000E+02 5.20954E-08
0.42 3.7000E+02 3.77480E-08
0.42 3.9000E+02 2.41867E-08
0.42 4.3000E+02 3.49687E-08
0.42 4.7000E+02 2.57376E-08
0.42 5.1000E+02 1.85414E-08 


0.43 2.5600E+01   NaN
0.43 2.6600E+01   NaN
0.43 2.7600E+01   NaN
0.43 2.8600E+01   NaN
0.43 2.9600E+01   NaN
0.43 3.0600E+01   NaN
0.43 3.1600E+01   NaN
0.43 3.2600E+01   NaN
0.43 3.3600E+01   NaN
0.43 3.4600E+01   NaN
0.43 4.0000E+01   NaN
0.43 4.5000E+01   NaN
0.43 5.0000E+01   NaN
0.43 5.5000E+01   NaN
0.43 6.0000E+01   NaN
0.43 6.5000E+01   NaN
0.43 7.0000E+01 3.10134E-06
0.43 7.5000E+01 2.41465E-06
0.43 8.0000E+01 2.18620E-06
0.43 8.5000E+01 1.39008E-06
0.43 1.0000E+02 2.98292E-06
0.43 1.1000E+02 1.20276E-06
0.43 1.2000E+02 3.08875E-06
0.43 1.3000E+02 8.83756E-07
0.43 1.4000E+02 8.15355E-07
0.43 1.5000E+02 1.10274E-06
0.43 1.6000E+02 2.31416E-06
0.43 1.7000E+02 7.54125E-07
0.43 1.8000E+02 3.15325E-07
0.43 1.9000E+02 2.64802E-07
0.43 2.1000E+02 3.16643E-07
0.43 2.3000E+02 1.75566E-07
0.43 2.5000E+02 1.38471E-07
0.43 2.7000E+02 2.79118E-07
0.43 2.9000E+02 2.34002E-07
0.43 3.1000E+02 1.57937E-07
0.43 3.3000E+02 9.11726E-08
0.43 3.5000E+02 5.88233E-08
0.43 3.7000E+02 4.31235E-08
0.43 3.9000E+02 3.26140E-08
0.43 4.3000E+02 2.65428E-07
0.43 4.7000E+02 2.31696E-08
0.43 5.1000E+02 1.83720E-08 


0.44 2.5600E+01   NaN
0.44 2.6600E+01   NaN
0.44 2.7600E+01   NaN
0.44 2.8600E+01   NaN
0.44 2.9600E+01   NaN
0.44 3.0600E+01   NaN
0.44 3.1600E+01   NaN
0.44 3.2600E+01   NaN
0.44 3.3600E+01   NaN
0.44 3.4600E+01   NaN
0.44 4.0000E+01   NaN
0.44 4.5000E+01   NaN
0.44 5.0000E+01   NaN
0.44 5.5000E+01   NaN
0.44 6.0000E+01   NaN
0.44 6.5000E+01   NaN
0.44 7.0000E+01 1.14044E-05
0.44 7.5000E+01 9.79511E-07
0.44 8.0000E+01 3.45039E-05
0.44 8.5000E+01 1.81550E-06
0.44 1.0000E+02 6.15403E-06
0.44 1.1000E+02 2.57861E-06
0.44 1.2000E+02 1.98439E-06
0.44 1.3000E+02 3.48005E-06
0.44 1.4000E+02 1.26347E-06
0.44 1.5000E+02 4.24179E-07
0.44 1.6000E+02 5.50047E-07
0.44 1.7000E+02 1.16965E-06
0.44 1.8000E+02 5.23334E-07
0.44 1.9000E+02 2.52058E-07
0.44 2.1000E+02 2.89893E-07
0.44 2.3000E+02 1.53557E-07
0.44 2.5000E+02 1.13579E-07
0.44 2.7000E+02 2.98828E-07
0.44 2.9000E+02 2.32302E-07
0.44 3.1000E+02 9.71479E-08
0.44 3.3000E+02 1.19962E-07
0.44 3.5000E+02 7.67468E-08
0.44 3.7000E+02 5.43447E-08
0.44 3.9000E+02 3.56168E-08
0.44 4.3000E+02 2.72857E-08
0.44 4.7000E+02 2.09830E-08
0.44 5.1000E+02 2.01387E-08 


0.45 2.5600E+01   NaN
0.45 2.6600E+01   NaN
0.45 2.7600E+01   NaN
0.45 2.8600E+01   NaN
0.45 2.9600E+01   NaN
0.45 3.0600E+01   NaN
0.45 3.1600E+01   NaN
0.45 3.2600E+01   NaN
0.45 3.3600E+01   NaN
0.45 3.4600E+01   NaN
0.45 4.0000E+01   NaN
0.45 4.5000E+01   NaN
0.45 5.0000E+01   NaN
0.45 5.5000E+01   NaN
0.45 6.0000E+01   NaN
0.45 6.5000E+01   NaN
0.45 7.0000E+01 2.41476E-06
0.45 7.5000E+01 9.69561E-07
0.45 8.0000E+01 2.52182E-06
0.45 8.5000E+01 5.29368E-06
0.45 1.0000E+02 7.38503E-06
0.45 1.1000E+02 2.85366E-06
0.45 1.2000E+02 6.05701E-07
0.45 1.3000E+02 2.60292E-06
0.45 1.4000E+02 8.84781E-07
0.45 1.5000E+02 9.10738E-07
0.45 1.6000E+02 2.08790E-07
0.45 1.7000E+02 1.71454E-06
0.45 1.8000E+02 7.58062E-07
0.45 1.9000E+02 3.70228E-07
0.45 2.1000E+02 2.16838E-07
0.45 2.3000E+02 2.48360E-07
0.45 2.5000E+02 1.56026E-07
0.45 2.7000E+02 7.19233E-08
0.45 2.9000E+02 2.44007E-07
0.45 3.1000E+02 2.05719E-07
0.45 3.3000E+02 1.36600E-07
0.45 3.5000E+02 9.12810E-08
0.45 3.7000E+02 5.66171E-08
0.45 3.9000E+02 4.39650E-08
0.45 4.3000E+02 2.20646E-08
0.45 4.7000E+02 2.74186E-08
0.45 5.1000E+02 3.17196E-09 


0.46 2.5600E+01   NaN
0.46 2.6600E+01   NaN
0.46 2.7600E+01   NaN
0.46 2.8600E+01   NaN
0.46 2.9600E+01   NaN
0.46 3.0600E+01   NaN
0.46 3.1600E+01   NaN
0.46 3.2600E+01   NaN
0.46 3.3600E+01   NaN
0.46 3.4600E+01   NaN
0.46 4.0000E+01   NaN
0.46 4.5000E+01   NaN
0.46 5.0000E+01   NaN
0.46 5.5000E+01   NaN
0.46 6.0000E+01   NaN
0.46 6.5000E+01   NaN
0.46 7.0000E+01 1.19720E-07
0.46 7.5000E+01 1.43638E-06
0.46 8.0000E+01 4.18304E-06
0.46 8.5000E+01 4.61208E-06
0.46 1.0000E+02 1.65926E-06
0.46 1.1000E+02 2.72964E-06
0.46 1.2000E+02 1.34692E-06
0.46 1.3000E+02 9.91509E-07
0.46 1.4000E+02 1.94944E-06
0.46 1.5000E+02 1.40155E-06
0.46 1.6000E+02 4.27558E-07
0.46 1.7000E+02 4.16331E-07
0.46 1.8000E+02 9.61053E-07
0.46 1.9000E+02 4.90737E-07
0.46 2.1000E+02 1.66914E-07
0.46 2.3000E+02 2.37191E-07
0.46 2.5000E+02 3.26634E-08
0.46 2.7000E+02 1.07366E-07
0.46 2.9000E+02 1.08849E-07
0.46 3.1000E+02 1.96456E-07
0.46 3.3000E+02 1.60379E-07
0.46 3.5000E+02 1.09198E-07
0.46 3.7000E+02 9.21855E-08
0.46 3.9000E+02 5.04052E-08
0.46 4.3000E+02 2.38286E-08
0.46 4.7000E+02 1.79342E-08
0.46 5.1000E+02 1.51202E-08 


0.47 2.5600E+01   NaN
0.47 2.6600E+01   NaN
0.47 2.7600E+01   NaN
0.47 2.8600E+01   NaN
0.47 2.9600E+01   NaN
0.47 3.0600E+01   NaN
0.47 3.1600E+01   NaN
0.47 3.2600E+01   NaN
0.47 3.3600E+01   NaN
0.47 3.4600E+01   NaN
0.47 4.0000E+01   NaN
0.47 4.5000E+01   NaN
0.47 5.0000E+01   NaN
0.47 5.5000E+01   NaN
0.47 6.0000E+01   NaN
0.47 6.5000E+01   NaN
0.47 7.0000E+01   NaN
0.47 7.5000E+01 8.90340E-07
0.47 8.0000E+01 5.36023E-06
0.47 8.5000E+01 6.22774E-06
0.47 1.0000E+02 2.73858E-06
0.47 1.1000E+02 1.91106E-06
0.47 1.2000E+02 2.94088E-06
0.47 1.3000E+02 1.51009E-06
0.47 1.4000E+02 5.83942E-07
0.47 1.5000E+02 1.27381E-06
0.47 1.6000E+02 8.63179E-07
0.47 1.7000E+02 1.66343E-07
0.47 1.8000E+02 1.91560E-06
0.47 1.9000E+02 6.69730E-07
0.47 2.1000E+02 1.50509E-07
0.47 2.3000E+02 1.58224E-07
0.47 2.5000E+02 1.88144E-07
0.47 2.7000E+02 1.03654E-07
0.47 2.9000E+02 4.48415E-08
0.47 3.1000E+02 1.97137E-07
0.47 3.3000E+02 1.98873E-07
0.47 3.5000E+02 1.21446E-07
0.47 3.7000E+02 8.43473E-08
0.47 3.9000E+02 5.92668E-08
0.47 4.3000E+02 2.81913E-08
0.47 4.7000E+02 1.60267E-08
0.47 5.1000E+02 1.15330E-08 


0.48 2.5600E+01   NaN
0.48 2.6600E+01   NaN
0.48 2.7600E+01   NaN
0.48 2.8600E+01   NaN
0.48 2.9600E+01   NaN
0.48 3.0600E+01   NaN
0.48 3.1600E+01   NaN
0.48 3.2600E+01   NaN
0.48 3.3600E+01   NaN
0.48 3.4600E+01   NaN
0.48 4.0000E+01   NaN
0.48 4.5000E+01   NaN
0.48 5.0000E+01   NaN
0.48 5.5000E+01   NaN
0.48 6.0000E+01   NaN
0.48 6.5000E+01   NaN
0.48 7.0000E+01   NaN
0.48 7.5000E+01 8.01972E-08
0.48 8.0000E+01 7.90606E-06
0.48 8.5000E+01 3.98814E-06
0.48 1.0000E+02 3.05995E-06
0.48 1.1000E+02 1.50092E-06
0.48 1.2000E+02 2.77607E-06
0.48 1.3000E+02 1.00393E-06
0.48 1.4000E+02 4.00428E-07
0.48 1.5000E+02 6.07960E-07
0.48 1.6000E+02 1.39387E-06
0.48 1.7000E+02 4.66843E-07
0.48 1.8000E+02 4.24289E-07
0.48 1.9000E+02 6.80951E-07
0.48 2.1000E+02 1.65969E-07
0.48 2.3000E+02 2.87109E-08
0.48 2.5000E+02 8.35772E-08
0.48 2.7000E+02 8.38469E-08
0.48 2.9000E+02 2.95002E-08
0.48 3.1000E+02 1.11588E-08
0.48 3.3000E+02 1.39717E-07
0.48 3.5000E+02 1.07288E-07
0.48 3.7000E+02 8.12164E-08
0.48 3.9000E+02 5.97610E-08
0.48 4.3000E+02 1.75509E-08
0.48 4.7000E+02 9.57541E-09
0.48 5.1000E+02 4.21536E-09 


0.49 2.5600E+01   NaN
0.49 2.6600E+01   NaN
0.49 2.7600E+01   NaN
0.49 2.8600E+01   NaN
0.49 2.9600E+01   NaN
0.49 3.0600E+01   NaN
0.49 3.1600E+01   NaN
0.49 3.2600E+01   NaN
0.49 3.3600E+01   NaN
0.49 3.4600E+01   NaN
0.49 4.0000E+01   NaN
0.49 4.5000E+01   NaN
0.49 5.0000E+01   NaN
0.49 5.5000E+01   NaN
0.49 6.0000E+01   NaN
0.49 6.5000E+01   NaN
0.49 7.0000E+01   NaN
0.49 7.5000E+01 3.89094E-04
0.49 8.0000E+01 3.49959E-04
0.49 8.5000E+01 4.01066E-04
0.49 1.0000E+02 7.28983E-04
0.49 1.1000E+02 9.59032E-04
0.49 1.2000E+02 1.20598E-03
0.49 1.3000E+02 1.61385E-03
0.49 1.4000E+02 1.89025E-03
0.49 1.5000E+02 1.55749E-03
0.49 1.6000E+02 2.20156E-03
0.49 1.7000E+02 1.61599E-03
0.49 1.8000E+02 1.30500E-03
0.49 1.9000E+02 1.22002E-03
0.49 2.1000E+02 1.14146E-03
0.49 2.3000E+02 7.90165E-04
0.49 2.5000E+02 4.23155E-04
0.49 2.7000E+02 2.13552E-04
0.49 2.9000E+02 2.00363E-04
0.49 3.1000E+02 2.45610E-04
0.49 3.3000E+02 2.54057E-04
0.49 3.5000E+02 6.84929E-05
0.49 3.7000E+02 4.77779E-05
0.49 3.9000E+02 3.65493E-05
0.49 4.3000E+02 3.57992E-05
0.49 4.7000E+02 3.28175E-05
0.49 5.1000E+02 2.96751E-05 


0.50 2.5600E+01   NaN
0.50 2.6600E+01   NaN
0.50 2.7600E+01   NaN
0.50 2.8600E+01   NaN
0.50 2.9600E+01   NaN
0.50 3.0600E+01   NaN
0.50 3.1600E+01   NaN
0.50 3.2600E+01   NaN
0.50 3.3600E+01   NaN
0.50 3.4600E+01   NaN
0.50 4.0000E+01   NaN
0.50 4.5000E+01   NaN
0.50 5.0000E+01   NaN
0.50 5.5000E+01   NaN
0.50 6.0000E+01   NaN
0.50 6.5000E+01   NaN
0.50 7.0000E+01   NaN
0.50 7.5000E+01 1.45172E-06
0.50 8.0000E+01 5.53814E-06
0.50 8.5000E+01 1.01375E-05
0.50 1.0000E+02 7.45807E-06
0.50 1.1000E+02 1.94412E-05
0.50 1.2000E+02 1.10020E-05
0.50 1.3000E+02 9.19576E-06
0.50 1.4000E+02 1.19699E-05
0.50 1.5000E+02 1.27552E-05
0.50 1.6000E+02 6.35432E-06
0.50 1.7000E+02 6.87528E-06
0.50 1.8000E+02 9.00144E-06
0.50 1.9000E+02 7.73295E-06
0.50 2.1000E+02 5.34203E-06
0.50 2.3000E+02 4.53334E-06
0.50 2.5000E+02 3.53201E-06
0.50 2.7000E+02 1.91928E-06
0.50 2.9000E+02 1.33576E-06
0.50 3.1000E+02 1.57352E-06
0.50 3.3000E+02 1.64882E-06
0.50 3.5000E+02 9.59854E-07
0.50 3.7000E+02 2.68265E-07
0.50 3.9000E+02 3.01485E-07
0.50 4.3000E+02 2.92172E-07
0.50 4.7000E+02 2.66684E-07
0.50 5.1000E+02 2.36650E-07 


0.51 2.5600E+01   NaN
0.51 2.6600E+01   NaN
0.51 2.7600E+01   NaN
0.51 2.8600E+01   NaN
0.51 2.9600E+01   NaN
0.51 3.0600E+01   NaN
0.51 3.1600E+01   NaN
0.51 3.2600E+01   NaN
0.51 3.3600E+01   NaN
0.51 3.4600E+01   NaN
0.51 4.0000E+01   NaN
0.51 4.5000E+01   NaN
0.51 5.0000E+01   NaN
0.51 5.5000E+01   NaN
0.51 6.0000E+01   NaN
0.51 6.5000E+01   NaN
0.51 7.0000E+01   NaN
0.51 7.5000E+01 1.16304E-07
0.51 8.0000E+01 2.05513E-06
0.51 8.5000E+01 6.41398E-06
0.51 1.0000E+02 9.18067E-06
0.51 1.1000E+02 1.18389E-05
0.51 1.2000E+02 8.88581E-06
0.51 1.3000E+02 2.30158E-06
0.51 1.4000E+02 7.13154E-07
0.51 1.5000E+02 5.99947E-06
0.51 1.6000E+02 4.01384E-06
0.51 1.7000E+02 1.16537E-06
0.51 1.8000E+02 1.52116E-06
0.51 1.9000E+02 2.71419E-06
0.51 2.1000E+02 8.39081E-07
0.51 2.3000E+02 1.44493E-06
0.51 2.5000E+02 1.21391E-06
0.51 2.7000E+02 7.49478E-07
0.51 2.9000E+02 4.60172E-07
0.51 3.1000E+02 4.39696E-07
0.51 3.3000E+02 4.87270E-07
0.51 3.5000E+02 5.12252E-07
0.51 3.7000E+02 1.35986E-07
0.51 3.9000E+02 6.16429E-08
0.51 4.3000E+02 1.01751E-07
0.51 4.7000E+02 9.30210E-08
0.51 5.1000E+02 8.41850E-08 


0.52 2.5600E+01   NaN
0.52 2.6600E+01   NaN
0.52 2.7600E+01   NaN
0.52 2.8600E+01   NaN
0.52 2.9600E+01   NaN
0.52 3.0600E+01   NaN
0.52 3.1600E+01   NaN
0.52 3.2600E+01   NaN
0.52 3.3600E+01   NaN
0.52 3.4600E+01   NaN
0.52 4.0000E+01   NaN
0.52 4.5000E+01   NaN
0.52 5.0000E+01   NaN
0.52 5.5000E+01   NaN
0.52 6.0000E+01   NaN
0.52 6.5000E+01   NaN
0.52 7.0000E+01   NaN
0.52 7.5000E+01 3.12337E-08
0.52 8.0000E+01 2.48224E-07
0.52 8.5000E+01 6.93391E-06
0.52 1.0000E+02 9.98927E-06
0.52 1.1000E+02 5.89844E-06
0.52 1.2000E+02 9.47047E-06
0.52 1.3000E+02 2.36867E-06
0.52 1.4000E+02 3.19497E-06
0.52 1.5000E+02 3.90205E-06
0.52 1.6000E+02 4.65528E-06
0.52 1.7000E+02 2.28379E-06
0.52 1.8000E+02 5.72450E-07
0.52 1.9000E+02 1.52264E-06
0.52 2.1000E+02 6.26108E-07
0.52 2.3000E+02 1.03315E-06
0.52 2.5000E+02 9.82000E-07
0.52 2.7000E+02 7.19433E-07
0.52 2.9000E+02 4.19687E-07
0.52 3.1000E+02 3.14744E-07
0.52 3.3000E+02 3.43735E-07
0.52 3.5000E+02 3.98229E-07
0.52 3.7000E+02 3.66152E-07
0.52 3.9000E+02 5.64575E-08
0.52 4.3000E+02 6.67098E-08
0.52 4.7000E+02 7.47764E-08
0.52 5.1000E+02 6.41711E-08 


0.53 2.5600E+01   NaN
0.53 2.6600E+01   NaN
0.53 2.7600E+01   NaN
0.53 2.8600E+01   NaN
0.53 2.9600E+01   NaN
0.53 3.0600E+01   NaN
0.53 3.1600E+01   NaN
0.53 3.2600E+01   NaN
0.53 3.3600E+01   NaN
0.53 3.4600E+01   NaN
0.53 4.0000E+01   NaN
0.53 4.5000E+01   NaN
0.53 5.0000E+01   NaN
0.53 5.5000E+01   NaN
0.53 6.0000E+01   NaN
0.53 6.5000E+01   NaN
0.53 7.0000E+01   NaN
0.53 7.5000E+01 2.34785E-07
0.53 8.0000E+01 7.31959E-07
0.53 8.5000E+01 6.66104E-06
0.53 1.0000E+02 1.47577E-05
0.53 1.1000E+02 2.89695E-06
0.53 1.2000E+02 1.20858E-05
0.53 1.3000E+02 4.67061E-06
0.53 1.4000E+02 2.89246E-06
0.53 1.5000E+02 7.90028E-07
0.53 1.6000E+02 4.54922E-06
0.53 1.7000E+02 3.33245E-06
0.53 1.8000E+02 1.28140E-06
0.53 1.9000E+02 6.97947E-07
0.53 2.1000E+02 1.70691E-06
0.53 2.3000E+02 6.61287E-07
0.53 2.5000E+02 8.77802E-07
0.53 2.7000E+02 7.17060E-07
0.53 2.9000E+02 4.54821E-07
0.53 3.1000E+02 2.92567E-07
0.53 3.3000E+02 2.68309E-07
0.53 3.5000E+02 3.17621E-07
0.53 3.7000E+02 3.58432E-07
0.53 3.9000E+02 2.66552E-07
0.53 4.3000E+02 5.02370E-08
0.53 4.7000E+02 5.86215E-08
0.53 5.1000E+02 5.84300E-08 


0.54 2.5600E+01   NaN
0.54 2.6600E+01   NaN
0.54 2.7600E+01   NaN
0.54 2.8600E+01   NaN
0.54 2.9600E+01   NaN
0.54 3.0600E+01   NaN
0.54 3.1600E+01   NaN
0.54 3.2600E+01   NaN
0.54 3.3600E+01   NaN
0.54 3.4600E+01   NaN
0.54 4.0000E+01   NaN
0.54 4.5000E+01   NaN
0.54 5.0000E+01   NaN
0.54 5.5000E+01   NaN
0.54 6.0000E+01   NaN
0.54 6.5000E+01   NaN
0.54 7.0000E+01   NaN
0.54 7.5000E+01 2.07612E-07
0.54 8.0000E+01 1.44450E-06
0.54 8.5000E+01 4.97920E-06
0.54 1.0000E+02 1.08974E-05
0.54 1.1000E+02 6.73627E-06
0.54 1.2000E+02 3.00846E-06
0.54 1.3000E+02 7.31134E-06
0.54 1.4000E+02 2.18472E-06
0.54 1.5000E+02 1.77493E-06
0.54 1.6000E+02 3.95163E-06
0.54 1.7000E+02 4.00153E-06
0.54 1.8000E+02 2.17486E-06
0.54 1.9000E+02 6.49789E-07
0.54 2.1000E+02 1.51162E-06
0.54 2.3000E+02 3.61999E-07
0.54 2.5000E+02 7.63319E-07
0.54 2.7000E+02 7.36872E-07
0.54 2.9000E+02 5.11217E-07
0.54 3.1000E+02 3.12957E-07
0.54 3.3000E+02 2.27762E-07
0.54 3.5000E+02 2.69400E-07
0.54 3.7000E+02 2.84795E-07
0.54 3.9000E+02 2.91068E-07
0.54 4.3000E+02 2.03887E-08
0.54 4.7000E+02 4.76117E-08
0.54 5.1000E+02 4.93267E-08 


0.55 2.5600E+01   NaN
0.55 2.6600E+01   NaN
0.55 2.7600E+01   NaN
0.55 2.8600E+01   NaN
0.55 2.9600E+01   NaN
0.55 3.0600E+01   NaN
0.55 3.1600E+01   NaN
0.55 3.2600E+01   NaN
0.55 3.3600E+01   NaN
0.55 3.4600E+01   NaN
0.55 4.0000E+01   NaN
0.55 4.5000E+01   NaN
0.55 5.0000E+01   NaN
0.55 5.5000E+01   NaN
0.55 6.0000E+01   NaN
0.55 6.5000E+01   NaN
0.55 7.0000E+01   NaN
0.55 7.5000E+01 2.92107E-07
0.55 8.0000E+01 5.05688E-07
0.55 8.5000E+01 1.32017E-06
0.55 1.0000E+02 1.01096E-05
0.55 1.1000E+02 9.36213E-06
0.55 1.2000E+02 5.14864E-06
0.55 1.3000E+02 9.05242E-06
0.55 1.4000E+02 2.29307E-06
0.55 1.5000E+02 3.14344E-06
0.55 1.6000E+02 2.42844E-06
0.55 1.7000E+02 3.87952E-06
0.55 1.8000E+02 2.99462E-06
0.55 1.9000E+02 1.61229E-06
0.55 2.1000E+02 9.68132E-07
0.55 2.3000E+02 6.82984E-07
0.55 2.5000E+02 6.09353E-07
0.55 2.7000E+02 7.03016E-07
0.55 2.9000E+02 5.61004E-07
0.55 3.1000E+02 3.63326E-07
0.55 3.3000E+02 2.28985E-07
0.55 3.5000E+02 2.21134E-07
0.55 3.7000E+02 2.44293E-07
0.55 3.9000E+02 2.52546E-07
0.55 4.3000E+02 8.92872E-08
0.55 4.7000E+02 3.60964E-08
0.55 5.1000E+02 4.24345E-08 


0.56 2.5600E+01   NaN
0.56 2.6600E+01   NaN
0.56 2.7600E+01   NaN
0.56 2.8600E+01   NaN
0.56 2.9600E+01   NaN
0.56 3.0600E+01   NaN
0.56 3.1600E+01   NaN
0.56 3.2600E+01   NaN
0.56 3.3600E+01   NaN
0.56 3.4600E+01   NaN
0.56 4.0000E+01   NaN
0.56 4.5000E+01   NaN
0.56 5.0000E+01   NaN
0.56 5.5000E+01   NaN
0.56 6.0000E+01   NaN
0.56 6.5000E+01   NaN
0.56 7.0000E+01   NaN
0.56 7.5000E+01   NaN
0.56 8.0000E+01 5.42116E-07
0.56 8.5000E+01 3.87916E-06
0.56 1.0000E+02 1.59943E-05
0.56 1.1000E+02 8.72516E-06
0.56 1.2000E+02 7.65336E-06
0.56 1.3000E+02 1.01525E-05
0.56 1.4000E+02 3.97930E-06
0.56 1.5000E+02 3.08160E-06
0.56 1.6000E+02 6.47505E-07
0.56 1.7000E+02 2.91264E-06
0.56 1.8000E+02 3.51658E-06
0.56 1.9000E+02 2.04793E-06
0.56 2.1000E+02 4.89094E-07
0.56 2.3000E+02 1.20441E-06
0.56 2.5000E+02 4.18765E-07
0.56 2.7000E+02 6.40360E-07
0.56 2.9000E+02 5.87936E-07
0.56 3.1000E+02 4.18605E-07
0.56 3.3000E+02 2.62622E-07
0.56 3.5000E+02 1.79097E-07
0.56 3.7000E+02 1.82128E-07
0.56 3.9000E+02 2.15027E-07
0.56 4.3000E+02 2.20020E-07
0.56 4.7000E+02 2.23842E-08
0.56 5.1000E+02 3.39722E-08 


0.57 2.5600E+01   NaN
0.57 2.6600E+01   NaN
0.57 2.7600E+01   NaN
0.57 2.8600E+01   NaN
0.57 2.9600E+01   NaN
0.57 3.0600E+01   NaN
0.57 3.1600E+01   NaN
0.57 3.2600E+01   NaN
0.57 3.3600E+01   NaN
0.57 3.4600E+01   NaN
0.57 4.0000E+01   NaN
0.57 4.5000E+01   NaN
0.57 5.0000E+01   NaN
0.57 5.5000E+01   NaN
0.57 6.0000E+01   NaN
0.57 6.5000E+01   NaN
0.57 7.0000E+01   NaN
0.57 7.5000E+01   NaN
0.57 8.0000E+01 5.98732E-07
0.57 8.5000E+01 3.00779E-06
0.57 1.0000E+02 2.21153E-05
0.57 1.1000E+02 5.62508E-06
0.57 1.2000E+02 7.66129E-06
0.57 1.3000E+02 4.44967E-06
0.57 1.4000E+02 6.08339E-06
0.57 1.5000E+02 2.30990E-06
0.57 1.6000E+02 2.92863E-06
0.57 1.7000E+02 1.58464E-06
0.57 1.8000E+02 3.21321E-06
0.57 1.9000E+02 2.57328E-06
0.57 2.1000E+02 5.52638E-07
0.57 2.3000E+02 9.50187E-07
0.57 2.5000E+02 2.09993E-07
0.57 2.7000E+02 5.28775E-07
0.57 2.9000E+02 5.80929E-07
0.57 3.1000E+02 4.67571E-07
0.57 3.3000E+02 3.26658E-07
0.57 3.5000E+02 1.87981E-07
0.57 3.7000E+02 1.50352E-07
0.57 3.9000E+02 1.67770E-07
0.57 4.3000E+02 2.00973E-07
0.57 4.7000E+02 3.15582E-08
0.57 5.1000E+02 2.64872E-08 


0.58 2.5600E+01   NaN
0.58 2.6600E+01   NaN
0.58 2.7600E+01   NaN
0.58 2.8600E+01   NaN
0.58 2.9600E+01   NaN
0.58 3.0600E+01   NaN
0.58 3.1600E+01   NaN
0.58 3.2600E+01   NaN
0.58 3.3600E+01   NaN
0.58 3.4600E+01   NaN
0.58 4.0000E+01   NaN
0.58 4.5000E+01   NaN
0.58 5.0000E+01   NaN
0.58 5.5000E+01   NaN
0.58 6.0000E+01   NaN
0.58 6.5000E+01   NaN
0.58 7.0000E+01   NaN
0.58 7.5000E+01   NaN
0.58 8.0000E+01 3.73108E-07
0.58 8.5000E+01 1.05946E-06
0.58 1.0000E+02 2.21898E-05
0.58 1.1000E+02 6.30811E-06
0.58 1.2000E+02 6.50770E-06
0.58 1.3000E+02 5.19918E-06
0.58 1.4000E+02 7.62111E-06
0.58 1.5000E+02 2.18405E-06
0.58 1.6000E+02 3.47687E-06
0.58 1.7000E+02 1.29347E-07
0.58 1.8000E+02 2.40122E-06
0.58 1.9000E+02 2.79336E-06
0.58 2.1000E+02 8.68353E-07
0.58 2.3000E+02 5.19835E-07
0.58 2.5000E+02 6.21233E-07
0.58 2.7000E+02 3.79358E-07
0.58 2.9000E+02 5.18236E-07
0.58 3.1000E+02 4.72373E-07
0.58 3.3000E+02 3.39914E-07
0.58 3.5000E+02 2.19180E-07
0.58 3.7000E+02 1.41355E-07
0.58 3.9000E+02 1.28187E-07
0.58 4.3000E+02 1.73223E-07
0.58 4.7000E+02 1.68059E-07
0.58 5.1000E+02 1.62741E-08 


0.59 2.5600E+01   NaN
0.59 2.6600E+01   NaN
0.59 2.7600E+01   NaN
0.59 2.8600E+01   NaN
0.59 2.9600E+01   NaN
0.59 3.0600E+01   NaN
0.59 3.1600E+01   NaN
0.59 3.2600E+01   NaN
0.59 3.3600E+01   NaN
0.59 3.4600E+01   NaN
0.59 4.0000E+01   NaN
0.59 4.5000E+01   NaN
0.59 5.0000E+01   NaN
0.59 5.5000E+01   NaN
0.59 6.0000E+01   NaN
0.59 6.5000E+01   NaN
0.59 7.0000E+01   NaN
0.59 7.5000E+01   NaN
0.59 8.0000E+01 2.01879E-07
0.59 8.5000E+01 5.89743E-07
0.59 1.0000E+02 1.87984E-05
0.59 1.1000E+02 1.22074E-05
0.59 1.2000E+02 5.26575E-06
0.59 1.3000E+02 1.04982E-05
0.59 1.4000E+02 5.81266E-06
0.59 1.5000E+02 3.43222E-06
0.59 1.6000E+02 2.86406E-06
0.59 1.7000E+02 2.22503E-06
0.59 1.8000E+02 1.14921E-06
0.59 1.9000E+02 2.34040E-06
0.59 2.1000E+02 1.14536E-06
0.59 2.3000E+02 4.11970E-07
0.59 2.5000E+02 6.75684E-07
0.59 2.7000E+02 1.82395E-07
0.59 2.9000E+02 3.95893E-07
0.59 3.1000E+02 4.36764E-07
0.59 3.3000E+02 3.57523E-07
0.59 3.5000E+02 2.40905E-07
0.59 3.7000E+02 1.48619E-07
0.59 3.9000E+02 9.66287E-08
0.59 4.3000E+02 1.34757E-07
0.59 4.7000E+02 1.56733E-07
0.59 5.1000E+02 1.39108E-08 


0.60 2.5600E+01   NaN
0.60 2.6600E+01   NaN
0.60 2.7600E+01   NaN
0.60 2.8600E+01   NaN
0.60 2.9600E+01   NaN
0.60 3.0600E+01   NaN
0.60 3.1600E+01   NaN
0.60 3.2600E+01   NaN
0.60 3.3600E+01   NaN
0.60 3.4600E+01   NaN
0.60 4.0000E+01   NaN
0.60 4.5000E+01   NaN
0.60 5.0000E+01   NaN
0.60 5.5000E+01   NaN
0.60 6.0000E+01   NaN
0.60 6.5000E+01   NaN
0.60 7.0000E+01   NaN
0.60 7.5000E+01   NaN
0.60 8.0000E+01 8.94349E-08
0.60 8.5000E+01 7.40856E-07
0.60 1.0000E+02 1.89597E-05
0.60 1.1000E+02 1.04553E-05
0.60 1.2000E+02 4.38686E-06
0.60 1.3000E+02 9.50950E-06
0.60 1.4000E+02 1.69871E-06
0.60 1.5000E+02 4.74937E-06
0.60 1.6000E+02 1.76198E-06
0.60 1.7000E+02 3.36138E-06
0.60 1.8000E+02 1.48921E-07
0.60 1.9000E+02 1.26295E-06
0.60 2.1000E+02 1.25162E-06
0.60 2.3000E+02 3.16976E-07
0.60 2.5000E+02 3.00649E-07
0.60 2.7000E+02 4.02872E-08
0.60 2.9000E+02 1.94395E-07
0.60 3.1000E+02 3.12207E-07
0.60 3.3000E+02 3.02406E-07
0.60 3.5000E+02 2.37216E-07
0.60 3.7000E+02 1.69346E-07
0.60 3.9000E+02 8.55569E-08
0.60 4.3000E+02 6.81298E-08
0.60 4.7000E+02 1.06502E-07
0.60 5.1000E+02 1.42013E-07 


0.61 2.5600E+01   NaN
0.61 2.6600E+01   NaN
0.61 2.7600E+01   NaN
0.61 2.8600E+01   NaN
0.61 2.9600E+01   NaN
0.61 3.0600E+01   NaN
0.61 3.1600E+01   NaN
0.61 3.2600E+01   NaN
0.61 3.3600E+01   NaN
0.61 3.4600E+01   NaN
0.61 4.0000E+01   NaN
0.61 4.5000E+01   NaN
0.61 5.0000E+01   NaN
0.61 5.5000E+01   NaN
0.61 6.0000E+01   NaN
0.61 6.5000E+01   NaN
0.61 7.0000E+01   NaN
0.61 7.5000E+01   NaN
0.61 8.0000E+01 1.86951E-07
0.61 8.5000E+01 2.12039E-07
0.61 1.0000E+02 2.30962E-05
0.61 1.1000E+02 6.95738E-06
0.61 1.2000E+02 1.33134E-06
0.61 1.3000E+02 2.95617E-06
0.61 1.4000E+02 6.90937E-06
0.61 1.5000E+02 4.26404E-06
0.61 1.6000E+02 4.63593E-06
0.61 1.7000E+02 4.44623E-06
0.61 1.8000E+02 6.62400E-06
0.61 1.9000E+02 1.05006E-06
0.61 2.1000E+02 2.26834E-06
0.61 2.3000E+02 1.11199E-06
0.61 2.5000E+02 7.43425E-07
0.61 2.7000E+02 4.85024E-07
0.61 2.9000E+02 1.22603E-07
0.61 3.1000E+02 7.82954E-10
0.61 3.3000E+02 4.91958E-08
0.61 3.5000E+02 9.92256E-08
0.61 3.7000E+02 1.12794E-07
0.61 3.9000E+02 9.85630E-08
0.61 4.3000E+02 3.05972E-08
0.61 4.7000E+02 4.23039E-09
0.61 5.1000E+02 6.72061E-08 


0.62 2.5600E+01   NaN
0.62 2.6600E+01   NaN
0.62 2.7600E+01   NaN
0.62 2.8600E+01   NaN
0.62 2.9600E+01   NaN
0.62 3.0600E+01   NaN
0.62 3.1600E+01   NaN
0.62 3.2600E+01   NaN
0.62 3.3600E+01   NaN
0.62 3.4600E+01   NaN
0.62 4.0000E+01   NaN
0.62 4.5000E+01   NaN
0.62 5.0000E+01   NaN
0.62 5.5000E+01   NaN
0.62 6.0000E+01   NaN
0.62 6.5000E+01   NaN
0.62 7.0000E+01   NaN
0.62 7.5000E+01   NaN
0.62 8.0000E+01 3.06220E-04
0.62 8.5000E+01 2.25649E-04
0.62 1.0000E+02 3.31952E-04
0.62 1.1000E+02 4.01142E-04
0.62 1.2000E+02 5.44435E-04
0.62 1.3000E+02 8.09537E-04
0.62 1.4000E+02 9.42739E-04
0.62 1.5000E+02 1.38627E-03
0.62 1.6000E+02 1.07236E-03
0.62 1.7000E+02 1.31222E-03
0.62 1.8000E+02 1.36775E-03
0.62 1.9000E+02 1.13644E-03
0.62 2.1000E+02 1.00787E-03
0.62 2.3000E+02 8.24594E-04
0.62 2.5000E+02 2.57098E-04
0.62 2.7000E+02 4.28499E-04
0.62 2.9000E+02 2.82497E-04
0.62 3.1000E+02 1.60004E-04
0.62 3.3000E+02 8.87679E-05
0.62 3.5000E+02 6.43449E-05
0.62 3.7000E+02 5.97255E-05
0.62 3.9000E+02 5.90855E-05
0.62 4.3000E+02 5.60742E-05
0.62 4.7000E+02 4.02107E-05
0.62 5.1000E+02 1.88667E-05 


0.63 2.5600E+01   NaN
0.63 2.6600E+01   NaN
0.63 2.7600E+01   NaN
0.63 2.8600E+01   NaN
0.63 2.9600E+01   NaN
0.63 3.0600E+01   NaN
0.63 3.1600E+01   NaN
0.63 3.2600E+01   NaN
0.63 3.3600E+01   NaN
0.63 3.4600E+01   NaN
0.63 4.0000E+01   NaN
0.63 4.5000E+01   NaN
0.63 5.0000E+01   NaN
0.63 5.5000E+01   NaN
0.63 6.0000E+01   NaN
0.63 6.5000E+01   NaN
0.63 7.0000E+01   NaN
0.63 7.5000E+01   NaN
0.63 8.0000E+01   NaN
0.63 8.5000E+01 2.37200E-04
0.63 1.0000E+02 2.65795E-04
0.63 1.1000E+02 3.59983E-04
0.63 1.2000E+02 4.80946E-04
0.63 1.3000E+02 6.90222E-04
0.63 1.4000E+02 8.32512E-04
0.63 1.5000E+02 1.17006E-03
0.63 1.6000E+02 9.89527E-04
0.63 1.7000E+02 1.11973E-03
0.63 1.8000E+02 1.30988E-03
0.63 1.9000E+02 1.19739E-03
0.63 2.1000E+02 9.22388E-04
0.63 2.3000E+02 9.14736E-04
0.63 2.5000E+02 4.29796E-04
0.63 2.7000E+02 4.45882E-04
0.63 2.9000E+02 3.28271E-04
0.63 3.1000E+02 2.00692E-04
0.63 3.3000E+02 1.11418E-04
0.63 3.5000E+02 6.88341E-05
0.63 3.7000E+02 5.69686E-05
0.63 3.9000E+02 5.49588E-05
0.63 4.3000E+02 5.36004E-05
0.63 4.7000E+02 4.41368E-05
0.63 5.1000E+02 2.52009E-05 


0.64 2.5600E+01   NaN
0.64 2.6600E+01   NaN
0.64 2.7600E+01   NaN
0.64 2.8600E+01   NaN
0.64 2.9600E+01   NaN
0.64 3.0600E+01   NaN
0.64 3.1600E+01   NaN
0.64 3.2600E+01   NaN
0.64 3.3600E+01   NaN
0.64 3.4600E+01   NaN
0.64 4.0000E+01   NaN
0.64 4.5000E+01   NaN
0.64 5.0000E+01   NaN
0.64 5.5000E+01   NaN
0.64 6.0000E+01   NaN
0.64 6.5000E+01   NaN
0.64 7.0000E+01   NaN
0.64 7.5000E+01   NaN
0.64 8.0000E+01   NaN
0.64 8.5000E+01 4.76545E-05
0.64 1.0000E+02 6.94524E-05
0.64 1.1000E+02 3.91377E-05
0.64 1.2000E+02 1.81254E-04
0.64 1.3000E+02 1.95015E-04
0.64 1.4000E+02 1.89400E-04
0.64 1.5000E+02 2.23322E-04
0.64 1.6000E+02 3.20327E-04
0.64 1.7000E+02 2.34283E-04
0.64 1.8000E+02 2.52940E-04
0.64 1.9000E+02 2.87639E-04
0.64 2.1000E+02 1.97065E-04
0.64 2.3000E+02 2.08885E-04
0.64 2.5000E+02 1.48884E-04
0.64 2.7000E+02 5.83054E-05
0.64 2.9000E+02 8.67197E-05
0.64 3.1000E+02 6.28972E-05
0.64 3.3000E+02 3.65945E-05
0.64 3.5000E+02 2.07767E-05
0.64 3.7000E+02 1.46996E-05
0.64 3.9000E+02 1.34041E-05
0.64 4.3000E+02 1.30063E-05
0.64 4.7000E+02 1.16076E-05
0.64 5.1000E+02 7.73372E-06 


0.65 2.5600E+01   NaN
0.65 2.6600E+01   NaN
0.65 2.7600E+01   NaN
0.65 2.8600E+01   NaN
0.65 2.9600E+01   NaN
0.65 3.0600E+01   NaN
0.65 3.1600E+01   NaN
0.65 3.2600E+01   NaN
0.65 3.3600E+01   NaN
0.65 3.4600E+01   NaN
0.65 4.0000E+01   NaN
0.65 4.5000E+01   NaN
0.65 5.0000E+01   NaN
0.65 5.5000E+01   NaN
0.65 6.0000E+01   NaN
0.65 6.5000E+01   NaN
0.65 7.0000E+01   NaN
0.65 7.5000E+01   NaN
0.65 8.0000E+01   NaN
0.65 8.5000E+01 1.11751E-07
0.65 1.0000E+02 9.34937E-06
0.65 1.1000E+02 1.31961E-05
0.65 1.2000E+02 4.15215E-05
0.65 1.3000E+02 3.07390E-05
0.65 1.4000E+02 1.97679E-05
0.65 1.5000E+02 1.21122E-05
0.65 1.6000E+02 1.50253E-05
0.65 1.7000E+02 1.40112E-05
0.65 1.8000E+02 1.11093E-05
0.65 1.9000E+02 6.08699E-06
0.65 2.1000E+02 7.80054E-06
0.65 2.3000E+02 5.06924E-06
0.65 2.5000E+02 6.13685E-06
0.65 2.7000E+02 3.75420E-06
0.65 2.9000E+02 3.75916E-06
0.65 3.1000E+02 3.91139E-06
0.65 3.3000E+02 2.37208E-06
0.65 3.5000E+02 1.30666E-06
0.65 3.7000E+02 7.88808E-07
0.65 3.9000E+02 6.45087E-07
0.65 4.3000E+02 6.56095E-07
0.65 4.7000E+02 5.77042E-07
0.65 5.1000E+02 3.96961E-07 


