0.40 2.5600E+01   NaN
0.40 2.6600E+01   NaN
0.40 2.7600E+01   NaN
0.40 2.8600E+01   NaN
0.40 2.9600E+01   NaN
0.40 3.0600E+01   NaN
0.40 3.1600E+01   NaN
0.40 3.2600E+01   NaN
0.40 3.3600E+01   NaN
0.40 3.4600E+01   NaN
0.40 4.0000E+01   NaN
0.40 4.5000E+01   NaN
0.40 5.0000E+01   NaN
0.40 5.5000E+01   NaN
0.40 6.0000E+01   NaN
0.40 6.5000E+01   NaN
0.40 7.0000E+01 2.77234E-06
0.40 7.5000E+01 2.24006E-05
0.40 8.0000E+01 9.15764E-08
0.40 8.5000E+01 1.32834E-06
0.40 1.0000E+02 4.39175E-06
0.40 1.1000E+02 3.27685E-07
0.40 1.2000E+02 1.88097E-06
0.40 1.3000E+02 1.33047E-06
0.40 1.4000E+02 1.12992E-07
0.40 1.5000E+02 9.07632E-07
0.40 1.6000E+02 3.12121E-07
0.40 1.7000E+02 4.08283E-07
0.40 1.8000E+02 7.05284E-07
0.40 1.9000E+02 5.78637E-07
0.40 2.1000E+02 3.12789E-07
0.40 2.3000E+02 6.78984E-08
0.40 2.5000E+02 5.40224E-08
0.40 2.7000E+02 6.95856E-08
0.40 2.9000E+02 6.51244E-08
0.40 3.1000E+02 5.60411E-08
0.40 3.3000E+02 4.99718E-08
0.40 3.5000E+02 4.14380E-08
0.40 3.7000E+02 2.80045E-08
0.40 3.9000E+02 2.55670E-08
0.40 4.3000E+02 1.70896E-08
0.40 4.7000E+02 1.61203E-08
0.40 5.1000E+02 8.54166E-09 


0.41 2.5600E+01   NaN
0.41 2.6600E+01   NaN
0.41 2.7600E+01   NaN
0.41 2.8600E+01   NaN
0.41 2.9600E+01   NaN
0.41 3.0600E+01   NaN
0.41 3.1600E+01   NaN
0.41 3.2600E+01   NaN
0.41 3.3600E+01   NaN
0.41 3.4600E+01   NaN
0.41 4.0000E+01   NaN
0.41 4.5000E+01   NaN
0.41 5.0000E+01   NaN
0.41 5.5000E+01   NaN
0.41 6.0000E+01   NaN
0.41 6.5000E+01   NaN
0.41 7.0000E+01 3.92932E-06
0.41 7.5000E+01 1.60779E-05
0.41 8.0000E+01 7.36014E-08
0.41 8.5000E+01 2.89723E-06
0.41 1.0000E+02 7.23152E-07
0.41 1.1000E+02 5.18246E-06
0.41 1.2000E+02 8.04033E-06
0.41 1.3000E+02 1.12247E-06
0.41 1.4000E+02 1.15157E-06
0.41 1.5000E+02 2.34805E-07
0.41 1.6000E+02 3.14300E-07
0.41 1.7000E+02 4.96002E-07
0.41 1.8000E+02 4.24807E-07
0.41 1.9000E+02 3.20495E-06
0.41 2.1000E+02 9.43433E-08
0.41 2.3000E+02 8.16047E-08
0.41 2.5000E+02 1.20897E-07
0.41 2.7000E+02 1.11464E-06
0.41 2.9000E+02 2.31225E-08
0.41 3.1000E+02 5.03271E-08
0.41 3.3000E+02 4.43309E-08
0.41 3.5000E+02 4.28897E-08
0.41 3.7000E+02 3.11907E-08
0.41 3.9000E+02 2.58427E-08
0.41 4.3000E+02 1.52638E-08
0.41 4.7000E+02 9.85027E-09
0.41 5.1000E+02 6.97650E-09 


0.42 2.5600E+01   NaN
0.42 2.6600E+01   NaN
0.42 2.7600E+01   NaN
0.42 2.8600E+01   NaN
0.42 2.9600E+01   NaN
0.42 3.0600E+01   NaN
0.42 3.1600E+01   NaN
0.42 3.2600E+01   NaN
0.42 3.3600E+01   NaN
0.42 3.4600E+01   NaN
0.42 4.0000E+01   NaN
0.42 4.5000E+01   NaN
0.42 5.0000E+01   NaN
0.42 5.5000E+01   NaN
0.42 6.0000E+01   NaN
0.42 6.5000E+01   NaN
0.42 7.0000E+01 1.24994E-05
0.42 7.5000E+01 1.25855E-05
0.42 8.0000E+01 8.46860E-06
0.42 8.5000E+01 1.01116E-07
0.42 1.0000E+02 8.62813E-07
0.42 1.1000E+02 1.55333E-06
0.42 1.2000E+02 4.72192E-07
0.42 1.3000E+02 2.72955E-07
0.42 1.4000E+02 4.12294E-07
0.42 1.5000E+02 3.04892E-07
0.42 1.6000E+02 2.12033E-07
0.42 1.7000E+02 2.71476E-07
0.42 1.8000E+02 2.99567E-07
0.42 1.9000E+02 1.90097E-07
0.42 2.1000E+02 1.19849E-07
0.42 2.3000E+02 2.08711E-07
0.42 2.5000E+02 5.57434E-08
0.42 2.7000E+02 3.74792E-08
0.42 2.9000E+02 6.98036E-08
0.42 3.1000E+02 5.03657E-08
0.42 3.3000E+02 4.25343E-08
0.42 3.5000E+02 4.55929E-08
0.42 3.7000E+02 3.21726E-08
0.42 3.9000E+02 9.61114E-08
0.42 4.3000E+02 1.53041E-08
0.42 4.7000E+02 9.77518E-09
0.42 5.1000E+02 7.32286E-09 


0.43 2.5600E+01   NaN
0.43 2.6600E+01   NaN
0.43 2.7600E+01   NaN
0.43 2.8600E+01   NaN
0.43 2.9600E+01   NaN
0.43 3.0600E+01   NaN
0.43 3.1600E+01   NaN
0.43 3.2600E+01   NaN
0.43 3.3600E+01   NaN
0.43 3.4600E+01   NaN
0.43 4.0000E+01   NaN
0.43 4.5000E+01   NaN
0.43 5.0000E+01   NaN
0.43 5.5000E+01   NaN
0.43 6.0000E+01   NaN
0.43 6.5000E+01   NaN
0.43 7.0000E+01 1.15982E-06
0.43 7.5000E+01 5.81216E-07
0.43 8.0000E+01 7.49877E-06
0.43 8.5000E+01 8.85140E-06
0.43 1.0000E+02 2.36997E-06
0.43 1.1000E+02 1.68060E-06
0.43 1.2000E+02 2.59591E-07
0.43 1.3000E+02 7.49313E-07
0.43 1.4000E+02 4.05028E-07
0.43 1.5000E+02 1.32362E-06
0.43 1.6000E+02 6.54529E-09
0.43 1.7000E+02 1.88772E-07
0.43 1.8000E+02 2.37452E-07
0.43 1.9000E+02 1.95029E-07
0.43 2.1000E+02 1.52338E-07
0.43 2.3000E+02 1.49576E-07
0.43 2.5000E+02 1.50809E-07
0.43 2.7000E+02 3.28014E-08
0.43 2.9000E+02 3.00478E-08
0.43 3.1000E+02 3.73843E-08
0.43 3.3000E+02 3.71127E-08
0.43 3.5000E+02 3.63472E-08
0.43 3.7000E+02 3.12561E-08
0.43 3.9000E+02 2.60196E-08
0.43 4.3000E+02 3.53705E-07
0.43 4.7000E+02 1.19508E-08
0.43 5.1000E+02 1.07036E-08 


0.44 2.5600E+01   NaN
0.44 2.6600E+01   NaN
0.44 2.7600E+01   NaN
0.44 2.8600E+01   NaN
0.44 2.9600E+01   NaN
0.44 3.0600E+01   NaN
0.44 3.1600E+01   NaN
0.44 3.2600E+01   NaN
0.44 3.3600E+01   NaN
0.44 3.4600E+01   NaN
0.44 4.0000E+01   NaN
0.44 4.5000E+01   NaN
0.44 5.0000E+01   NaN
0.44 5.5000E+01   NaN
0.44 6.0000E+01   NaN
0.44 6.5000E+01   NaN
0.44 7.0000E+01 3.34642E-08
0.44 7.5000E+01 1.53132E-06
0.44 8.0000E+01 1.35580E-05
0.44 8.5000E+01 3.28490E-06
0.44 1.0000E+02 7.26330E-07
0.44 1.1000E+02 6.46327E-07
0.44 1.2000E+02 4.41216E-07
0.44 1.3000E+02 4.75363E-06
0.44 1.4000E+02 2.52090E-07
0.44 1.5000E+02 5.05970E-07
0.44 1.6000E+02 5.76381E-07
0.44 1.7000E+02 1.02646E-07
0.44 1.8000E+02 1.97352E-07
0.44 1.9000E+02 2.00225E-07
0.44 2.1000E+02 1.46178E-07
0.44 2.3000E+02 1.23103E-07
0.44 2.5000E+02 1.16058E-07
0.44 2.7000E+02 2.61411E-08
0.44 2.9000E+02 2.44135E-08
0.44 3.1000E+02 1.38916E-08
0.44 3.3000E+02 3.21457E-08
0.44 3.5000E+02 2.99215E-08
0.44 3.7000E+02 2.49040E-08
0.44 3.9000E+02 2.48394E-08
0.44 4.3000E+02 3.51711E-08
0.44 4.7000E+02 1.31902E-08
0.44 5.1000E+02 6.67408E-09 


0.45 2.5600E+01   NaN
0.45 2.6600E+01   NaN
0.45 2.7600E+01   NaN
0.45 2.8600E+01   NaN
0.45 2.9600E+01   NaN
0.45 3.0600E+01   NaN
0.45 3.1600E+01   NaN
0.45 3.2600E+01   NaN
0.45 3.3600E+01   NaN
0.45 3.4600E+01   NaN
0.45 4.0000E+01   NaN
0.45 4.5000E+01   NaN
0.45 5.0000E+01   NaN
0.45 5.5000E+01   NaN
0.45 6.0000E+01   NaN
0.45 6.5000E+01   NaN
0.45 7.0000E+01 7.56050E-08
0.45 7.5000E+01 2.52446E-06
0.45 8.0000E+01 2.96961E-07
0.45 8.5000E+01 4.87783E-07
0.45 1.0000E+02 1.11139E-07
0.45 1.1000E+02 6.01608E-07
0.45 1.2000E+02 1.10864E-06
0.45 1.3000E+02 1.31173E-07
0.45 1.4000E+02 5.42082E-07
0.45 1.5000E+02 2.93576E-07
0.45 1.6000E+02 5.02220E-07
0.45 1.7000E+02 4.25250E-09
0.45 1.8000E+02 1.30836E-07
0.45 1.9000E+02 1.57698E-07
0.45 2.1000E+02 1.40547E-07
0.45 2.3000E+02 9.88338E-08
0.45 2.5000E+02 1.02359E-07
0.45 2.7000E+02 6.21549E-08
0.45 2.9000E+02 1.46616E-08
0.45 3.1000E+02 1.82318E-08
0.45 3.3000E+02 2.45884E-08
0.45 3.5000E+02 2.73057E-08
0.45 3.7000E+02 3.24314E-08
0.45 3.9000E+02 2.22789E-08
0.45 4.3000E+02 2.19533E-08
0.45 4.7000E+02 8.83612E-09
0.45 5.1000E+02 3.58054E-08 


0.46 2.5600E+01   NaN
0.46 2.6600E+01   NaN
0.46 2.7600E+01   NaN
0.46 2.8600E+01   NaN
0.46 2.9600E+01   NaN
0.46 3.0600E+01   NaN
0.46 3.1600E+01   NaN
0.46 3.2600E+01   NaN
0.46 3.3600E+01   NaN
0.46 3.4600E+01   NaN
0.46 4.0000E+01   NaN
0.46 4.5000E+01   NaN
0.46 5.0000E+01   NaN
0.46 5.5000E+01   NaN
0.46 6.0000E+01   NaN
0.46 6.5000E+01   NaN
0.46 7.0000E+01 1.75445E-07
0.46 7.5000E+01 2.03144E-06
0.46 8.0000E+01 2.91664E-06
0.46 8.5000E+01 1.16326E-07
0.46 1.0000E+02 1.91217E-06
0.46 1.1000E+02 6.53665E-07
0.46 1.2000E+02 9.88408E-07
0.46 1.3000E+02 5.37119E-07
0.46 1.4000E+02 4.38535E-08
0.46 1.5000E+02 9.47828E-08
0.46 1.6000E+02 3.81183E-07
0.46 1.7000E+02 3.79540E-07
0.46 1.8000E+02 4.34407E-08
0.46 1.9000E+02 1.07758E-07
0.46 2.1000E+02 1.08817E-07
0.46 2.3000E+02 7.93293E-08
0.46 2.5000E+02 7.53338E-09
0.46 2.7000E+02 8.81142E-08
0.46 2.9000E+02 3.83482E-08
0.46 3.1000E+02 1.76281E-08
0.46 3.3000E+02 1.54910E-08
0.46 3.5000E+02 1.85980E-08
0.46 3.7000E+02 1.86270E-08
0.46 3.9000E+02 1.94285E-08
0.46 4.3000E+02 1.51353E-08
0.46 4.7000E+02 1.21898E-08
0.46 5.1000E+02 7.17733E-09 


0.47 2.5600E+01   NaN
0.47 2.6600E+01   NaN
0.47 2.7600E+01   NaN
0.47 2.8600E+01   NaN
0.47 2.9600E+01   NaN
0.47 3.0600E+01   NaN
0.47 3.1600E+01   NaN
0.47 3.2600E+01   NaN
0.47 3.3600E+01   NaN
0.47 3.4600E+01   NaN
0.47 4.0000E+01   NaN
0.47 4.5000E+01   NaN
0.47 5.0000E+01   NaN
0.47 5.5000E+01   NaN
0.47 6.0000E+01   NaN
0.47 6.5000E+01   NaN
0.47 7.0000E+01 1.82841E-07
0.47 7.5000E+01 1.66796E-06
0.47 8.0000E+01 2.91013E-06
0.47 8.5000E+01 4.18954E-06
0.47 1.0000E+02 1.02166E-06
0.47 1.1000E+02 6.24297E-07
0.47 1.2000E+02 2.25973E-07
0.47 1.3000E+02 2.76973E-07
0.47 1.4000E+02 5.95777E-07
0.47 1.5000E+02 3.64467E-07
0.47 1.6000E+02 7.59743E-08
0.47 1.7000E+02 2.98602E-07
0.47 1.8000E+02 4.45084E-07
0.47 1.9000E+02 3.93920E-08
0.47 2.1000E+02 1.14848E-08
0.47 2.3000E+02 6.64838E-09
0.47 2.5000E+02 1.06738E-08
0.47 2.7000E+02 1.61993E-08
0.47 2.9000E+02 1.88374E-08
0.47 3.1000E+02 3.08508E-09
0.47 3.3000E+02 4.93278E-10
0.47 3.5000E+02 1.51456E-09
0.47 3.7000E+02 3.27640E-09
0.47 3.9000E+02 3.59142E-09
0.47 4.3000E+02 3.35555E-09
0.47 4.7000E+02 3.08693E-08
0.47 5.1000E+02 1.35462E-09 


0.48 2.5600E+01   NaN
0.48 2.6600E+01   NaN
0.48 2.7600E+01   NaN
0.48 2.8600E+01   NaN
0.48 2.9600E+01   NaN
0.48 3.0600E+01   NaN
0.48 3.1600E+01   NaN
0.48 3.2600E+01   NaN
0.48 3.3600E+01   NaN
0.48 3.4600E+01   NaN
0.48 4.0000E+01   NaN
0.48 4.5000E+01   NaN
0.48 5.0000E+01   NaN
0.48 5.5000E+01   NaN
0.48 6.0000E+01   NaN
0.48 6.5000E+01   NaN
0.48 7.0000E+01 4.50585E-07
0.48 7.5000E+01 6.73455E-06
0.48 8.0000E+01 5.94389E-06
0.48 8.5000E+01 8.65484E-07
0.48 1.0000E+02 5.18336E-06
0.48 1.1000E+02 4.11877E-06
0.48 1.2000E+02 5.60308E-06
0.48 1.3000E+02 3.94257E-06
0.48 1.4000E+02 2.94046E-06
0.48 1.5000E+02 4.80427E-06
0.48 1.6000E+02 4.67129E-06
0.48 1.7000E+02 2.65452E-06
0.48 1.8000E+02 3.69679E-06
0.48 1.9000E+02 3.40759E-06
0.48 2.1000E+02 2.06257E-06
0.48 2.3000E+02 1.37321E-06
0.48 2.5000E+02 8.83275E-07
0.48 2.7000E+02 6.49586E-07
0.48 2.9000E+02 5.55933E-07
0.48 3.1000E+02 5.98849E-07
0.48 3.3000E+02 4.05899E-07
0.48 3.5000E+02 2.90190E-07
0.48 3.7000E+02 2.26276E-07
0.48 3.9000E+02 1.75531E-07
0.48 4.3000E+02 8.69939E-08
0.48 4.7000E+02 8.32858E-08
0.48 5.1000E+02 7.46933E-08 


0.49 2.5600E+01   NaN
0.49 2.6600E+01   NaN
0.49 2.7600E+01   NaN
0.49 2.8600E+01   NaN
0.49 2.9600E+01   NaN
0.49 3.0600E+01   NaN
0.49 3.1600E+01   NaN
0.49 3.2600E+01   NaN
0.49 3.3600E+01   NaN
0.49 3.4600E+01   NaN
0.49 4.0000E+01   NaN
0.49 4.5000E+01   NaN
0.49 5.0000E+01   NaN
0.49 5.5000E+01   NaN
0.49 6.0000E+01   NaN
0.49 6.5000E+01   NaN
0.49 7.0000E+01 1.49275E-06
0.49 7.5000E+01 3.75691E-06
0.49 8.0000E+01 4.42753E-06
0.49 8.5000E+01 2.29825E-06
0.49 1.0000E+02 3.81813E-06
0.49 1.1000E+02 1.47575E-06
0.49 1.2000E+02 2.52860E-06
0.49 1.3000E+02 1.01248E-06
0.49 1.4000E+02 5.87422E-07
0.49 1.5000E+02 7.20798E-07
0.49 1.6000E+02 1.67991E-06
0.49 1.7000E+02 7.71015E-07
0.49 1.8000E+02 3.19836E-07
0.49 1.9000E+02 6.93149E-07
0.49 2.1000E+02 4.39774E-07
0.49 2.3000E+02 2.71190E-07
0.49 2.5000E+02 2.43323E-07
0.49 2.7000E+02 1.88420E-07
0.49 2.9000E+02 1.40540E-07
0.49 3.1000E+02 9.04184E-08
0.49 3.3000E+02 1.19633E-07
0.49 3.5000E+02 3.30839E-07
0.49 3.7000E+02 9.78165E-08
0.49 3.9000E+02 1.92779E-07
0.49 4.3000E+02 3.87207E-08
0.49 4.7000E+02 2.20142E-08
0.49 5.1000E+02 2.64009E-08 


0.50 2.5600E+01   NaN
0.50 2.6600E+01   NaN
0.50 2.7600E+01   NaN
0.50 2.8600E+01   NaN
0.50 2.9600E+01   NaN
0.50 3.0600E+01   NaN
0.50 3.1600E+01   NaN
0.50 3.2600E+01   NaN
0.50 3.3600E+01   NaN
0.50 3.4600E+01   NaN
0.50 4.0000E+01   NaN
0.50 4.5000E+01   NaN
0.50 5.0000E+01   NaN
0.50 5.5000E+01   NaN
0.50 6.0000E+01   NaN
0.50 6.5000E+01   NaN
0.50 7.0000E+01 9.23657E-07
0.50 7.5000E+01 2.31945E-07
0.50 8.0000E+01 4.56300E-06
0.50 8.5000E+01 2.32452E-06
0.50 1.0000E+02 3.99074E-06
0.50 1.1000E+02 1.22279E-06
0.50 1.2000E+02 1.85082E-06
0.50 1.3000E+02 1.27396E-06
0.50 1.4000E+02 1.48896E-06
0.50 1.5000E+02 3.18734E-07
0.50 1.6000E+02 8.65059E-07
0.50 1.7000E+02 9.91556E-07
0.50 1.8000E+02 3.97428E-07
0.50 1.9000E+02 2.28347E-07
0.50 2.1000E+02 4.77864E-07
0.50 2.3000E+02 2.82299E-07
0.50 2.5000E+02 1.83646E-07
0.50 2.7000E+02 1.72204E-07
0.50 2.9000E+02 1.18381E-07
0.50 3.1000E+02 5.25247E-08
0.50 3.3000E+02 5.96720E-08
0.50 3.5000E+02 1.38743E-07
0.50 3.7000E+02 1.25063E-07
0.50 3.9000E+02 7.48420E-08
0.50 4.3000E+02 4.01193E-08
0.50 4.7000E+02 2.22151E-08
0.50 5.1000E+02 1.27386E-08 


0.51 2.5600E+01   NaN
0.51 2.6600E+01   NaN
0.51 2.7600E+01   NaN
0.51 2.8600E+01   NaN
0.51 2.9600E+01   NaN
0.51 3.0600E+01   NaN
0.51 3.1600E+01   NaN
0.51 3.2600E+01   NaN
0.51 3.3600E+01   NaN
0.51 3.4600E+01   NaN
0.51 4.0000E+01   NaN
0.51 4.5000E+01   NaN
0.51 5.0000E+01   NaN
0.51 5.5000E+01   NaN
0.51 6.0000E+01   NaN
0.51 6.5000E+01   NaN
0.51 7.0000E+01 7.91438E-08
0.51 7.5000E+01 2.98944E-06
0.51 8.0000E+01 3.71480E-06
0.51 8.5000E+01 4.30264E-06
0.51 1.0000E+02 3.34900E-06
0.51 1.1000E+02 1.69064E-06
0.51 1.2000E+02 8.81440E-07
0.51 1.3000E+02 1.72803E-06
0.51 1.4000E+02 3.23205E-06
0.51 1.5000E+02 2.97157E-07
0.51 1.6000E+02 4.47814E-07
0.51 1.7000E+02 1.05447E-06
0.51 1.8000E+02 6.87352E-07
0.51 1.9000E+02 2.40914E-07
0.51 2.1000E+02 5.76146E-07
0.51 2.3000E+02 2.22688E-07
0.51 2.5000E+02 1.52282E-07
0.51 2.7000E+02 1.54460E-07
0.51 2.9000E+02 1.27443E-07
0.51 3.1000E+02 8.28639E-08
0.51 3.3000E+02 5.58833E-08
0.51 3.5000E+02 4.98091E-08
0.51 3.7000E+02 1.19149E-07
0.51 3.9000E+02 1.05464E-07
0.51 4.3000E+02 4.28066E-08
0.51 4.7000E+02 2.59206E-08
0.51 5.1000E+02 1.55479E-08 


0.52 2.5600E+01   NaN
0.52 2.6600E+01   NaN
0.52 2.7600E+01   NaN
0.52 2.8600E+01   NaN
0.52 2.9600E+01   NaN
0.52 3.0600E+01   NaN
0.52 3.1600E+01   NaN
0.52 3.2600E+01   NaN
0.52 3.3600E+01   NaN
0.52 3.4600E+01   NaN
0.52 4.0000E+01   NaN
0.52 4.5000E+01   NaN
0.52 5.0000E+01   NaN
0.52 5.5000E+01   NaN
0.52 6.0000E+01   NaN
0.52 6.5000E+01   NaN
0.52 7.0000E+01 3.44964E-08
0.52 7.5000E+01 3.72221E-06
0.52 8.0000E+01 4.75933E-06
0.52 8.5000E+01 3.86367E-06
0.52 1.0000E+02 7.18980E-07
0.52 1.1000E+02 5.52225E-06
0.52 1.2000E+02 4.31983E-07
0.52 1.3000E+02 1.85466E-06
0.52 1.4000E+02 9.04751E-07
0.52 1.5000E+02 7.92745E-07
0.52 1.6000E+02 2.13273E-07
0.52 1.7000E+02 6.12540E-07
0.52 1.8000E+02 1.06881E-06
0.52 1.9000E+02 4.32758E-07
0.52 2.1000E+02 6.97840E-07
0.52 2.3000E+02 2.67526E-07
0.52 2.5000E+02 1.36892E-07
0.52 2.7000E+02 1.25049E-07
0.52 2.9000E+02 1.27546E-07
0.52 3.1000E+02 9.70710E-08
0.52 3.3000E+02 6.42219E-08
0.52 3.5000E+02 4.35909E-08
0.52 3.7000E+02 5.97450E-08
0.52 3.9000E+02 1.11057E-07
0.52 4.3000E+02 5.23034E-08
0.52 4.7000E+02 2.70022E-08
0.52 5.1000E+02 1.60419E-08 


0.53 2.5600E+01   NaN
0.53 2.6600E+01   NaN
0.53 2.7600E+01   NaN
0.53 2.8600E+01   NaN
0.53 2.9600E+01   NaN
0.53 3.0600E+01   NaN
0.53 3.1600E+01   NaN
0.53 3.2600E+01   NaN
0.53 3.3600E+01   NaN
0.53 3.4600E+01   NaN
0.53 4.0000E+01   NaN
0.53 4.5000E+01   NaN
0.53 5.0000E+01   NaN
0.53 5.5000E+01   NaN
0.53 6.0000E+01   NaN
0.53 6.5000E+01   NaN
0.53 7.0000E+01 5.59275E-08
0.53 7.5000E+01 1.13384E-06
0.53 8.0000E+01 6.25316E-06
0.53 8.5000E+01 1.58532E-06
0.53 1.0000E+02 2.22119E-06
0.53 1.1000E+02 4.35604E-06
0.53 1.2000E+02 3.20838E-07
0.53 1.3000E+02 1.51724E-06
0.53 1.4000E+02 1.02515E-06
0.53 1.5000E+02 2.58765E-06
0.53 1.6000E+02 2.05406E-07
0.53 1.7000E+02 3.32889E-07
0.53 1.8000E+02 7.01604E-07
0.53 1.9000E+02 6.88312E-07
0.53 2.1000E+02 1.61343E-07
0.53 2.3000E+02 3.36075E-07
0.53 2.5000E+02 1.49158E-07
0.53 2.7000E+02 1.21696E-07
0.53 2.9000E+02 1.22396E-07
0.53 3.1000E+02 1.03401E-07
0.53 3.3000E+02 7.10546E-08
0.53 3.5000E+02 4.40230E-08
0.53 3.7000E+02 2.43455E-08
0.53 3.9000E+02 6.27910E-08
0.53 4.3000E+02 6.04904E-08
0.53 4.7000E+02 3.32676E-08
0.53 5.1000E+02 1.88222E-08 


0.54 2.5600E+01   NaN
0.54 2.6600E+01   NaN
0.54 2.7600E+01   NaN
0.54 2.8600E+01   NaN
0.54 2.9600E+01   NaN
0.54 3.0600E+01   NaN
0.54 3.1600E+01   NaN
0.54 3.2600E+01   NaN
0.54 3.3600E+01   NaN
0.54 3.4600E+01   NaN
0.54 4.0000E+01   NaN
0.54 4.5000E+01   NaN
0.54 5.0000E+01   NaN
0.54 5.5000E+01   NaN
0.54 6.0000E+01   NaN
0.54 6.5000E+01   NaN
0.54 7.0000E+01 1.13333E-07
0.54 7.5000E+01 3.75498E-07
0.54 8.0000E+01 8.58325E-06
0.54 8.5000E+01 3.93076E-06
0.54 1.0000E+02 1.84676E-06
0.54 1.1000E+02 3.24998E-06
0.54 1.2000E+02 6.01601E-06
0.54 1.3000E+02 8.14561E-07
0.54 1.4000E+02 1.24061E-06
0.54 1.5000E+02 1.36266E-06
0.54 1.6000E+02 4.41786E-07
0.54 1.7000E+02 1.48917E-07
0.54 1.8000E+02 4.31992E-07
0.54 1.9000E+02 7.30639E-07
0.54 2.1000E+02 1.79201E-07
0.54 2.3000E+02 4.27600E-07
0.54 2.5000E+02 1.70832E-07
0.54 2.7000E+02 9.94263E-08
0.54 2.9000E+02 1.10825E-07
0.54 3.1000E+02 1.03045E-07
0.54 3.3000E+02 7.85327E-08
0.54 3.5000E+02 5.67038E-08
0.54 3.7000E+02 3.34583E-08
0.54 3.9000E+02 2.61798E-08
0.54 4.3000E+02 8.57028E-08
0.54 4.7000E+02 3.77055E-08
0.54 5.1000E+02 2.22722E-08 


0.55 2.5600E+01   NaN
0.55 2.6600E+01   NaN
0.55 2.7600E+01   NaN
0.55 2.8600E+01   NaN
0.55 2.9600E+01   NaN
0.55 3.0600E+01   NaN
0.55 3.1600E+01   NaN
0.55 3.2600E+01   NaN
0.55 3.3600E+01   NaN
0.55 3.4600E+01   NaN
0.55 4.0000E+01   NaN
0.55 4.5000E+01   NaN
0.55 5.0000E+01   NaN
0.55 5.5000E+01   NaN
0.55 6.0000E+01   NaN
0.55 6.5000E+01   NaN
0.55 7.0000E+01 1.84480E-07
0.55 7.5000E+01 1.01291E-06
0.55 8.0000E+01 5.03210E-06
0.55 8.5000E+01 3.62666E-06
0.55 1.0000E+02 2.99727E-06
0.55 1.1000E+02 2.30158E-06
0.55 1.2000E+02 3.41420E-06
0.55 1.3000E+02 2.80339E-07
0.55 1.4000E+02 1.30147E-06
0.55 1.5000E+02 6.99601E-07
0.55 1.6000E+02 9.84135E-07
0.55 1.7000E+02 1.56160E-07
0.55 1.8000E+02 2.02938E-07
0.55 1.9000E+02 4.64941E-07
0.55 2.1000E+02 3.20190E-07
0.55 2.3000E+02 3.47888E-07
0.55 2.5000E+02 2.04677E-07
0.55 2.7000E+02 9.65708E-08
0.55 2.9000E+02 8.82864E-08
0.55 3.1000E+02 9.26076E-08
0.55 3.3000E+02 8.06878E-08
0.55 3.5000E+02 6.47158E-08
0.55 3.7000E+02 3.90381E-08
0.55 3.9000E+02 2.22281E-08
0.55 4.3000E+02 7.91765E-08
0.55 4.7000E+02 4.04683E-08
0.55 5.1000E+02 2.34712E-08 


0.56 2.5600E+01   NaN
0.56 2.6600E+01   NaN
0.56 2.7600E+01   NaN
0.56 2.8600E+01   NaN
0.56 2.9600E+01   NaN
0.56 3.0600E+01   NaN
0.56 3.1600E+01   NaN
0.56 3.2600E+01   NaN
0.56 3.3600E+01   NaN
0.56 3.4600E+01   NaN
0.56 4.0000E+01   NaN
0.56 4.5000E+01   NaN
0.56 5.0000E+01   NaN
0.56 5.5000E+01   NaN
0.56 6.0000E+01   NaN
0.56 6.5000E+01   NaN
0.56 7.0000E+01   NaN
0.56 7.5000E+01 1.25638E-06
0.56 8.0000E+01 4.17654E-06
0.56 8.5000E+01 6.91089E-06
0.56 1.0000E+02 4.47104E-06
0.56 1.1000E+02 1.06553E-06
0.56 1.2000E+02 1.10624E-06
0.56 1.3000E+02 5.89604E-07
0.56 1.4000E+02 9.76066E-07
0.56 1.5000E+02 6.31455E-07
0.56 1.6000E+02 1.86091E-06
0.56 1.7000E+02 4.88484E-07
0.56 1.8000E+02 6.48122E-08
0.56 1.9000E+02 2.00586E-07
0.56 2.1000E+02 4.77246E-07
0.56 2.3000E+02 6.80590E-08
0.56 2.5000E+02 2.20921E-07
0.56 2.7000E+02 9.81045E-08
0.56 2.9000E+02 6.51449E-08
0.56 3.1000E+02 7.03953E-08
0.56 3.3000E+02 6.95527E-08
0.56 3.5000E+02 5.63119E-08
0.56 3.7000E+02 3.77492E-08
0.56 3.9000E+02 2.32516E-08
0.56 4.3000E+02 2.07764E-08
0.56 4.7000E+02 4.52138E-08
0.56 5.1000E+02 2.41849E-08 


0.57 2.5600E+01   NaN
0.57 2.6600E+01   NaN
0.57 2.7600E+01   NaN
0.57 2.8600E+01   NaN
0.57 2.9600E+01   NaN
0.57 3.0600E+01   NaN
0.57 3.1600E+01   NaN
0.57 3.2600E+01   NaN
0.57 3.3600E+01   NaN
0.57 3.4600E+01   NaN
0.57 4.0000E+01   NaN
0.57 4.5000E+01   NaN
0.57 5.0000E+01   NaN
0.57 5.5000E+01   NaN
0.57 6.0000E+01   NaN
0.57 6.5000E+01   NaN
0.57 7.0000E+01   NaN
0.57 7.5000E+01 4.12306E-07
0.57 8.0000E+01 4.55310E-06
0.57 8.5000E+01 5.40646E-06
0.57 1.0000E+02 4.46293E-06
0.57 1.1000E+02 6.82094E-07
0.57 1.2000E+02 1.30659E-06
0.57 1.3000E+02 5.35965E-06
0.57 1.4000E+02 4.26401E-07
0.57 1.5000E+02 7.61977E-07
0.57 1.6000E+02 2.82738E-07
0.57 1.7000E+02 1.10925E-06
0.57 1.8000E+02 3.05363E-07
0.57 1.9000E+02 2.47533E-08
0.57 2.1000E+02 1.86244E-07
0.57 2.3000E+02 6.87313E-08
0.57 2.5000E+02 1.25059E-07
0.57 2.7000E+02 5.67943E-08
0.57 2.9000E+02 2.08893E-08
0.57 3.1000E+02 2.53014E-08
0.57 3.3000E+02 3.53083E-08
0.57 3.5000E+02 2.85806E-08
0.57 3.7000E+02 1.94773E-08
0.57 3.9000E+02 1.08200E-08
0.57 4.3000E+02 3.75503E-09
0.57 4.7000E+02 3.58090E-08
0.57 5.1000E+02 1.43005E-08 


0.58 2.5600E+01   NaN
0.58 2.6600E+01   NaN
0.58 2.7600E+01   NaN
0.58 2.8600E+01   NaN
0.58 2.9600E+01   NaN
0.58 3.0600E+01   NaN
0.58 3.1600E+01   NaN
0.58 3.2600E+01   NaN
0.58 3.3600E+01   NaN
0.58 3.4600E+01   NaN
0.58 4.0000E+01   NaN
0.58 4.5000E+01   NaN
0.58 5.0000E+01   NaN
0.58 5.5000E+01   NaN
0.58 6.0000E+01   NaN
0.58 6.5000E+01   NaN
0.58 7.0000E+01   NaN
0.58 7.5000E+01 2.73560E-04
0.58 8.0000E+01 2.73429E-04
0.58 8.5000E+01 2.88632E-04
0.58 1.0000E+02 5.34283E-04
0.58 1.1000E+02 7.79531E-04
0.58 1.2000E+02 1.08056E-03
0.58 1.3000E+02 1.61809E-03
0.58 1.4000E+02 1.32772E-03
0.58 1.5000E+02 1.69077E-03
0.58 1.6000E+02 1.73534E-03
0.58 1.7000E+02 1.39426E-03
0.58 1.8000E+02 1.31108E-03
0.58 1.9000E+02 1.36992E-03
0.58 2.1000E+02 7.17448E-04
0.58 2.3000E+02 6.64461E-04
0.58 2.5000E+02 4.31049E-04
0.58 2.7000E+02 2.29705E-04
0.58 2.9000E+02 1.18266E-04
0.58 3.1000E+02 8.87513E-05
0.58 3.3000E+02 8.56868E-05
0.58 3.5000E+02 8.50452E-05
0.58 3.7000E+02 8.23028E-05
0.58 3.9000E+02 7.30147E-05
0.58 4.3000E+02 3.84045E-05
0.58 4.7000E+02 1.60600E-05
0.58 5.1000E+02 3.74433E-05 


0.59 2.5600E+01   NaN
0.59 2.6600E+01   NaN
0.59 2.7600E+01   NaN
0.59 2.8600E+01   NaN
0.59 2.9600E+01   NaN
0.59 3.0600E+01   NaN
0.59 3.1600E+01   NaN
0.59 3.2600E+01   NaN
0.59 3.3600E+01   NaN
0.59 3.4600E+01   NaN
0.59 4.0000E+01   NaN
0.59 4.5000E+01   NaN
0.59 5.0000E+01   NaN
0.59 5.5000E+01   NaN
0.59 6.0000E+01   NaN
0.59 6.5000E+01   NaN
0.59 7.0000E+01   NaN
0.59 7.5000E+01 3.34410E-07
0.59 8.0000E+01 3.33990E-06
0.59 8.5000E+01 1.29755E-05
0.59 1.0000E+02 1.25793E-05
0.59 1.1000E+02 7.98030E-06
0.59 1.2000E+02 7.00744E-06
0.59 1.3000E+02 7.69420E-06
0.59 1.4000E+02 1.03756E-05
0.59 1.5000E+02 4.93422E-06
0.59 1.6000E+02 7.22959E-06
0.59 1.7000E+02 3.39687E-06
0.59 1.8000E+02 5.78713E-06
0.59 1.9000E+02 6.56299E-06
0.59 2.1000E+02 3.97809E-06
0.59 2.3000E+02 1.49756E-06
0.59 2.5000E+02 2.46270E-06
0.59 2.7000E+02 1.25015E-06
0.59 2.9000E+02 1.04268E-06
0.59 3.1000E+02 8.07634E-07
0.59 3.3000E+02 6.29863E-07
0.59 3.5000E+02 4.95060E-07
0.59 3.7000E+02 4.12353E-07
0.59 3.9000E+02 3.77934E-07
0.59 4.3000E+02 3.57964E-07
0.59 4.7000E+02 2.07067E-07
0.59 5.1000E+02 8.42188E-08 


0.60 2.5600E+01   NaN
0.60 2.6600E+01   NaN
0.60 2.7600E+01   NaN
0.60 2.8600E+01   NaN
0.60 2.9600E+01   NaN
0.60 3.0600E+01   NaN
0.60 3.1600E+01   NaN
0.60 3.2600E+01   NaN
0.60 3.3600E+01   NaN
0.60 3.4600E+01   NaN
0.60 4.0000E+01   NaN
0.60 4.5000E+01   NaN
0.60 5.0000E+01   NaN
0.60 5.5000E+01   NaN
0.60 6.0000E+01   NaN
0.60 6.5000E+01   NaN
0.60 7.0000E+01   NaN
0.60 7.5000E+01 3.75249E-08
0.60 8.0000E+01 3.07270E-06
0.60 8.5000E+01 6.54578E-06
0.60 1.0000E+02 7.88697E-06
0.60 1.1000E+02 8.65278E-06
0.60 1.2000E+02 3.88678E-06
0.60 1.3000E+02 6.20561E-06
0.60 1.4000E+02 2.33016E-06
0.60 1.5000E+02 2.78941E-06
0.60 1.6000E+02 2.14008E-06
0.60 1.7000E+02 2.33413E-06
0.60 1.8000E+02 1.21671E-06
0.60 1.9000E+02 2.25319E-06
0.60 2.1000E+02 1.65242E-06
0.60 2.3000E+02 6.56840E-07
0.60 2.5000E+02 8.41856E-07
0.60 2.7000E+02 2.59766E-07
0.60 2.9000E+02 4.25676E-07
0.60 3.1000E+02 4.01742E-07
0.60 3.3000E+02 3.24539E-07
0.60 3.5000E+02 2.44440E-07
0.60 3.7000E+02 1.75358E-07
0.60 3.9000E+02 1.39562E-07
0.60 4.3000E+02 1.31786E-07
0.60 4.7000E+02 1.21642E-07
0.60 5.1000E+02 5.47910E-08 


0.61 2.5600E+01   NaN
0.61 2.6600E+01   NaN
0.61 2.7600E+01   NaN
0.61 2.8600E+01   NaN
0.61 2.9600E+01   NaN
0.61 3.0600E+01   NaN
0.61 3.1600E+01   NaN
0.61 3.2600E+01   NaN
0.61 3.3600E+01   NaN
0.61 3.4600E+01   NaN
0.61 4.0000E+01   NaN
0.61 4.5000E+01   NaN
0.61 5.0000E+01   NaN
0.61 5.5000E+01   NaN
0.61 6.0000E+01   NaN
0.61 6.5000E+01   NaN
0.61 7.0000E+01   NaN
0.61 7.5000E+01 9.03145E-08
0.61 8.0000E+01 2.82344E-06
0.61 8.5000E+01 4.97277E-06
0.61 1.0000E+02 3.42259E-06
0.61 1.1000E+02 9.09305E-06
0.61 1.2000E+02 4.07868E-06
0.61 1.3000E+02 5.35448E-06
0.61 1.4000E+02 1.56266E-06
0.61 1.5000E+02 3.06180E-06
0.61 1.6000E+02 1.35678E-06
0.61 1.7000E+02 2.40025E-06
0.61 1.8000E+02 4.34958E-07
0.61 1.9000E+02 1.38812E-06
0.61 2.1000E+02 1.50151E-06
0.61 2.3000E+02 4.92883E-07
0.61 2.5000E+02 4.75642E-07
0.61 2.7000E+02 5.28882E-07
0.61 2.9000E+02 2.91911E-07
0.61 3.1000E+02 3.27365E-07
0.61 3.3000E+02 2.90934E-07
0.61 3.5000E+02 2.35420E-07
0.61 3.7000E+02 1.71653E-07
0.61 3.9000E+02 1.23628E-07
0.61 4.3000E+02 9.59321E-08
0.61 4.7000E+02 1.15016E-07
0.61 5.1000E+02 8.17977E-08 


0.62 2.5600E+01   NaN
0.62 2.6600E+01   NaN
0.62 2.7600E+01   NaN
0.62 2.8600E+01   NaN
0.62 2.9600E+01   NaN
0.62 3.0600E+01   NaN
0.62 3.1600E+01   NaN
0.62 3.2600E+01   NaN
0.62 3.3600E+01   NaN
0.62 3.4600E+01   NaN
0.62 4.0000E+01   NaN
0.62 4.5000E+01   NaN
0.62 5.0000E+01   NaN
0.62 5.5000E+01   NaN
0.62 6.0000E+01   NaN
0.62 6.5000E+01   NaN
0.62 7.0000E+01   NaN
0.62 7.5000E+01 4.93082E-08
0.62 8.0000E+01 9.68423E-07
0.62 8.5000E+01 4.99150E-06
0.62 1.0000E+02 6.38150E-06
0.62 1.1000E+02 8.63144E-06
0.62 1.2000E+02 4.12333E-06
0.62 1.3000E+02 3.11729E-06
0.62 1.4000E+02 3.08209E-06
0.62 1.5000E+02 2.04840E-06
0.62 1.6000E+02 1.49588E-06
0.62 1.7000E+02 1.90948E-06
0.62 1.8000E+02 1.65289E-06
0.62 1.9000E+02 7.36945E-07
0.62 2.1000E+02 1.52006E-06
0.62 2.3000E+02 7.52979E-07
0.62 2.5000E+02 4.13745E-07
0.62 2.7000E+02 5.02152E-07
0.62 2.9000E+02 1.89767E-07
0.62 3.1000E+02 2.80148E-07
0.62 3.3000E+02 2.88055E-07
0.62 3.5000E+02 2.36577E-07
0.62 3.7000E+02 1.84976E-07
0.62 3.9000E+02 1.27208E-07
0.62 4.3000E+02 7.75608E-08
0.62 4.7000E+02 8.35252E-08
0.62 5.1000E+02 7.63424E-08 


0.63 2.5600E+01   NaN
0.63 2.6600E+01   NaN
0.63 2.7600E+01   NaN
0.63 2.8600E+01   NaN
0.63 2.9600E+01   NaN
0.63 3.0600E+01   NaN
0.63 3.1600E+01   NaN
0.63 3.2600E+01   NaN
0.63 3.3600E+01   NaN
0.63 3.4600E+01   NaN
0.63 4.0000E+01   NaN
0.63 4.5000E+01   NaN
0.63 5.0000E+01   NaN
0.63 5.5000E+01   NaN
0.63 6.0000E+01   NaN
0.63 6.5000E+01   NaN
0.63 7.0000E+01   NaN
0.63 7.5000E+01 1.51222E-07
0.63 8.0000E+01 3.50162E-07
0.63 8.5000E+01 6.05580E-06
0.63 1.0000E+02 7.76901E-06
0.63 1.1000E+02 9.80050E-06
0.63 1.2000E+02 3.96421E-06
0.63 1.3000E+02 1.56774E-06
0.63 1.4000E+02 4.67120E-06
0.63 1.5000E+02 2.28661E-06
0.63 1.6000E+02 1.78754E-06
0.63 1.7000E+02 1.23143E-06
0.63 1.8000E+02 2.14087E-06
0.63 1.9000E+02 1.89054E-07
0.63 2.1000E+02 1.38159E-06
0.63 2.3000E+02 8.61898E-07
0.63 2.5000E+02 4.38435E-07
0.63 2.7000E+02 3.66272E-07
0.63 2.9000E+02 2.48895E-07
0.63 3.1000E+02 2.25520E-07
0.63 3.3000E+02 2.58149E-07
0.63 3.5000E+02 2.37087E-07
0.63 3.7000E+02 1.91941E-07
0.63 3.9000E+02 1.38032E-07
0.63 4.3000E+02 7.52447E-08
0.63 4.7000E+02 7.07712E-08
0.63 5.1000E+02 7.58676E-08 


0.64 2.5600E+01   NaN
0.64 2.6600E+01   NaN
0.64 2.7600E+01   NaN
0.64 2.8600E+01   NaN
0.64 2.9600E+01   NaN
0.64 3.0600E+01   NaN
0.64 3.1600E+01   NaN
0.64 3.2600E+01   NaN
0.64 3.3600E+01   NaN
0.64 3.4600E+01   NaN
0.64 4.0000E+01   NaN
0.64 4.5000E+01   NaN
0.64 5.0000E+01   NaN
0.64 5.5000E+01   NaN
0.64 6.0000E+01   NaN
0.64 6.5000E+01   NaN
0.64 7.0000E+01   NaN
0.64 7.5000E+01 2.10076E-07
0.64 8.0000E+01 1.19151E-06
0.64 8.5000E+01 6.35950E-06
0.64 1.0000E+02 8.61554E-06
0.64 1.1000E+02 8.02517E-06
0.64 1.2000E+02 5.61304E-06
0.64 1.3000E+02 1.81461E-06
0.64 1.4000E+02 4.66526E-06
0.64 1.5000E+02 2.84395E-06
0.64 1.6000E+02 1.45579E-06
0.64 1.7000E+02 9.79814E-07
0.64 1.8000E+02 1.88669E-06
0.64 1.9000E+02 1.36118E-06
0.64 2.1000E+02 1.12195E-06
0.64 2.3000E+02 9.61086E-07
0.64 2.5000E+02 4.68825E-07
0.64 2.7000E+02 3.35107E-07
0.64 2.9000E+02 3.60797E-07
0.64 3.1000E+02 1.64504E-07
0.64 3.3000E+02 2.25271E-07
0.64 3.5000E+02 2.29666E-07
0.64 3.7000E+02 1.98084E-07
0.64 3.9000E+02 1.50274E-07
0.64 4.3000E+02 7.85614E-08
0.64 4.7000E+02 5.84356E-08
0.64 5.1000E+02 6.73117E-08 


0.65 2.5600E+01   NaN
0.65 2.6600E+01   NaN
0.65 2.7600E+01   NaN
0.65 2.8600E+01   NaN
0.65 2.9600E+01   NaN
0.65 3.0600E+01   NaN
0.65 3.1600E+01   NaN
0.65 3.2600E+01   NaN
0.65 3.3600E+01   NaN
0.65 3.4600E+01   NaN
0.65 4.0000E+01   NaN
0.65 4.5000E+01   NaN
0.65 5.0000E+01   NaN
0.65 5.5000E+01   NaN
0.65 6.0000E+01   NaN
0.65 6.5000E+01   NaN
0.65 7.0000E+01   NaN
0.65 7.5000E+01 2.06404E-07
0.65 8.0000E+01 7.07921E-07
0.65 8.5000E+01 3.16919E-06
0.65 1.0000E+02 1.15596E-05
0.65 1.1000E+02 3.36859E-06
0.65 1.2000E+02 9.57844E-06
0.65 1.3000E+02 2.88924E-06
0.65 1.4000E+02 3.26727E-06
0.65 1.5000E+02 2.21323E-06
0.65 1.6000E+02 2.31548E-06
0.65 1.7000E+02 1.04530E-06
0.65 1.8000E+02 1.26290E-06
0.65 1.9000E+02 1.90589E-06
0.65 2.1000E+02 8.12035E-07
0.65 2.3000E+02 1.02426E-06
0.65 2.5000E+02 5.33648E-07
0.65 2.7000E+02 3.76028E-07
0.65 2.9000E+02 2.96373E-07
0.65 3.1000E+02 1.11623E-07
0.65 3.3000E+02 1.81520E-07
0.65 3.5000E+02 2.10391E-07
0.65 3.7000E+02 1.96641E-07
0.65 3.9000E+02 1.44779E-07
0.65 4.3000E+02 8.37123E-08
0.65 4.7000E+02 5.26689E-08
0.65 5.1000E+02 5.79893E-08 


