0.40 2.5600E+01   NaN
0.40 2.6600E+01   NaN
0.40 2.7600E+01   NaN
0.40 2.8600E+01   NaN
0.40 2.9600E+01   NaN
0.40 3.0600E+01   NaN
0.40 3.1600E+01   NaN
0.40 3.2600E+01   NaN
0.40 3.3600E+01   NaN
0.40 3.4600E+01   NaN
0.40 4.0000E+01   NaN
0.40 4.5000E+01   NaN
0.40 5.0000E+01   NaN
0.40 5.5000E+01   NaN
0.40 6.0000E+01   NaN
0.40 6.5000E+01   NaN
0.40 7.0000E+01   NaN
0.40 7.5000E+01 1.46884E-06
0.40 8.0000E+01 4.34284E-06
0.40 8.5000E+01 6.02106E-06
0.40 1.0000E+02 4.51636E-05
0.40 1.1000E+02 5.45131E-05
0.40 1.2000E+02 5.15586E-05
0.40 1.3000E+02 5.13186E-05
0.40 1.4000E+02 5.99955E-05
0.40 1.5000E+02 5.88366E-05
0.40 1.6000E+02 6.01194E-05
0.40 1.7000E+02 5.34449E-05
0.40 1.8000E+02 6.02432E-05
0.40 1.9000E+02 6.38713E-05
0.40 2.1000E+02 3.89237E-05
0.40 2.3000E+02 5.35595E-05
0.40 2.5000E+02 5.22782E-05
0.40 2.7000E+02 4.71511E-05
0.40 2.9000E+02 4.17633E-05
0.40 3.1000E+02 3.62481E-05
0.40 3.3000E+02 3.22291E-05
0.40 3.5000E+02 2.89743E-05
0.40 3.7000E+02 2.66107E-05
0.40 3.9000E+02 2.43066E-05
0.40 4.3000E+02 2.11563E-05
0.40 4.7000E+02 1.86483E-05
0.40 5.1000E+02 1.65908E-05 


0.41 2.5600E+01   NaN
0.41 2.6600E+01   NaN
0.41 2.7600E+01   NaN
0.41 2.8600E+01   NaN
0.41 2.9600E+01   NaN
0.41 3.0600E+01   NaN
0.41 3.1600E+01   NaN
0.41 3.2600E+01   NaN
0.41 3.3600E+01   NaN
0.41 3.4600E+01   NaN
0.41 4.0000E+01   NaN
0.41 4.5000E+01   NaN
0.41 5.0000E+01   NaN
0.41 5.5000E+01   NaN
0.41 6.0000E+01   NaN
0.41 6.5000E+01   NaN
0.41 7.0000E+01   NaN
0.41 7.5000E+01 1.08062E-05
0.41 8.0000E+01 1.11750E-05
0.41 8.5000E+01 6.08786E-06
0.41 1.0000E+02 3.11414E-05
0.41 1.1000E+02 3.88706E-05
0.41 1.2000E+02 3.09655E-05
0.41 1.3000E+02 3.39105E-05
0.41 1.4000E+02 4.32297E-05
0.41 1.5000E+02 3.32119E-05
0.41 1.6000E+02 2.68799E-05
0.41 1.7000E+02 2.51507E-05
0.41 1.8000E+02 2.38726E-05
0.41 1.9000E+02 2.54512E-05
0.41 2.1000E+02 3.21699E-05
0.41 2.3000E+02 1.49643E-05
0.41 2.5000E+02 2.13121E-05
0.41 2.7000E+02 2.17762E-05
0.41 2.9000E+02 1.92585E-05
0.41 3.1000E+02 1.72151E-05
0.41 3.3000E+02 1.53491E-05
0.41 3.5000E+02 1.35802E-05
0.41 3.7000E+02 1.21590E-05
0.41 3.9000E+02 1.12326E-05
0.41 4.3000E+02 9.63829E-06
0.41 4.7000E+02 8.48219E-06
0.41 5.1000E+02 7.50599E-06 


0.42 2.5600E+01   NaN
0.42 2.6600E+01   NaN
0.42 2.7600E+01   NaN
0.42 2.8600E+01   NaN
0.42 2.9600E+01   NaN
0.42 3.0600E+01   NaN
0.42 3.1600E+01   NaN
0.42 3.2600E+01   NaN
0.42 3.3600E+01   NaN
0.42 3.4600E+01   NaN
0.42 4.0000E+01   NaN
0.42 4.5000E+01   NaN
0.42 5.0000E+01   NaN
0.42 5.5000E+01   NaN
0.42 6.0000E+01   NaN
0.42 6.5000E+01   NaN
0.42 7.0000E+01   NaN
0.42 7.5000E+01 1.89772E-07
0.42 8.0000E+01 2.08995E-06
0.42 8.5000E+01 1.44299E-06
0.42 1.0000E+02 2.29530E-05
0.42 1.1000E+02 1.49385E-05
0.42 1.2000E+02 3.24208E-05
0.42 1.3000E+02 2.49572E-05
0.42 1.4000E+02 2.24965E-05
0.42 1.5000E+02 2.28529E-05
0.42 1.6000E+02 2.22956E-05
0.42 1.7000E+02 1.84516E-05
0.42 1.8000E+02 1.63688E-05
0.42 1.9000E+02 1.67771E-05
0.42 2.1000E+02 1.84584E-05
0.42 2.3000E+02 1.42429E-05
0.42 2.5000E+02 1.44245E-05
0.42 2.7000E+02 1.43118E-05
0.42 2.9000E+02 1.34427E-05
0.42 3.1000E+02 1.21625E-05
0.42 3.3000E+02 1.08454E-05
0.42 3.5000E+02 9.60052E-06
0.42 3.7000E+02 8.54364E-06
0.42 3.9000E+02 7.81830E-06
0.42 4.3000E+02 6.61612E-06
0.42 4.7000E+02 5.74439E-06
0.42 5.1000E+02 5.04268E-06 


0.43 2.5600E+01   NaN
0.43 2.6600E+01   NaN
0.43 2.7600E+01   NaN
0.43 2.8600E+01   NaN
0.43 2.9600E+01   NaN
0.43 3.0600E+01   NaN
0.43 3.1600E+01   NaN
0.43 3.2600E+01   NaN
0.43 3.3600E+01   NaN
0.43 3.4600E+01   NaN
0.43 4.0000E+01   NaN
0.43 4.5000E+01   NaN
0.43 5.0000E+01   NaN
0.43 5.5000E+01   NaN
0.43 6.0000E+01   NaN
0.43 6.5000E+01   NaN
0.43 7.0000E+01   NaN
0.43 7.5000E+01 1.28684E-08
0.43 8.0000E+01 1.67679E-06
0.43 8.5000E+01 3.82905E-06
0.43 1.0000E+02 3.14211E-05
0.43 1.1000E+02 3.14481E-05
0.43 1.2000E+02 3.37090E-05
0.43 1.3000E+02 1.99621E-05
0.43 1.4000E+02 2.16929E-05
0.43 1.5000E+02 1.63782E-05
0.43 1.6000E+02 2.14774E-05
0.43 1.7000E+02 1.75432E-05
0.43 1.8000E+02 1.46203E-05
0.43 1.9000E+02 1.21126E-05
0.43 2.1000E+02 1.40193E-05
0.43 2.3000E+02 1.31415E-05
0.43 2.5000E+02 8.91071E-06
0.43 2.7000E+02 1.01408E-05
0.43 2.9000E+02 1.03590E-05
0.43 3.1000E+02 9.66317E-06
0.43 3.3000E+02 8.79029E-06
0.43 3.5000E+02 7.68191E-06
0.43 3.7000E+02 6.92136E-06
0.43 3.9000E+02 6.20058E-06
0.43 4.3000E+02 5.57413E-06
0.43 4.7000E+02 4.45832E-06
0.43 5.1000E+02 3.85208E-06 


0.44 2.5600E+01   NaN
0.44 2.6600E+01   NaN
0.44 2.7600E+01   NaN
0.44 2.8600E+01   NaN
0.44 2.9600E+01   NaN
0.44 3.0600E+01   NaN
0.44 3.1600E+01   NaN
0.44 3.2600E+01   NaN
0.44 3.3600E+01   NaN
0.44 3.4600E+01   NaN
0.44 4.0000E+01   NaN
0.44 4.5000E+01   NaN
0.44 5.0000E+01   NaN
0.44 5.5000E+01   NaN
0.44 6.0000E+01   NaN
0.44 6.5000E+01   NaN
0.44 7.0000E+01   NaN
0.44 7.5000E+01 2.51878E-06
0.44 8.0000E+01 2.60253E-06
0.44 8.5000E+01 4.85291E-06
0.44 1.0000E+02 2.20678E-05
0.44 1.1000E+02 2.95774E-05
0.44 1.2000E+02 2.40309E-05
0.44 1.3000E+02 1.34744E-05
0.44 1.4000E+02 1.83681E-05
0.44 1.5000E+02 1.74141E-05
0.44 1.6000E+02 1.33181E-05
0.44 1.7000E+02 1.77125E-05
0.44 1.8000E+02 1.41888E-05
0.44 1.9000E+02 1.16994E-05
0.44 2.1000E+02 1.06777E-05
0.44 2.3000E+02 1.09045E-05
0.44 2.5000E+02 9.10347E-06
0.44 2.7000E+02 7.36461E-06
0.44 2.9000E+02 7.85218E-06
0.44 3.1000E+02 7.57023E-06
0.44 3.3000E+02 7.24542E-06
0.44 3.5000E+02 6.58259E-06
0.44 3.7000E+02 5.86648E-06
0.44 3.9000E+02 5.23865E-06
0.44 4.3000E+02 4.28839E-06
0.44 4.7000E+02 3.57733E-06
0.44 5.1000E+02 3.04381E-06 


0.45 2.5600E+01   NaN
0.45 2.6600E+01   NaN
0.45 2.7600E+01   NaN
0.45 2.8600E+01   NaN
0.45 2.9600E+01   NaN
0.45 3.0600E+01   NaN
0.45 3.1600E+01   NaN
0.45 3.2600E+01   NaN
0.45 3.3600E+01   NaN
0.45 3.4600E+01   NaN
0.45 4.0000E+01   NaN
0.45 4.5000E+01   NaN
0.45 5.0000E+01   NaN
0.45 5.5000E+01   NaN
0.45 6.0000E+01   NaN
0.45 6.5000E+01   NaN
0.45 7.0000E+01   NaN
0.45 7.5000E+01 1.22224E-06
0.45 8.0000E+01 1.38194E-06
0.45 8.5000E+01 4.47505E-06
0.45 1.0000E+02 2.20080E-05
0.45 1.1000E+02 2.18658E-05
0.45 1.2000E+02 1.64568E-05
0.45 1.3000E+02 1.75264E-05
0.45 1.4000E+02 1.45014E-05
0.45 1.5000E+02 1.68235E-05
0.45 1.6000E+02 1.38599E-05
0.45 1.7000E+02 1.77647E-05
0.45 1.8000E+02 1.48569E-05
0.45 1.9000E+02 1.19262E-05
0.45 2.1000E+02 8.69851E-06
0.45 2.3000E+02 9.38360E-06
0.45 2.5000E+02 8.85757E-06
0.45 2.7000E+02 6.22235E-06
0.45 2.9000E+02 6.03820E-06
0.45 3.1000E+02 6.34912E-06
0.45 3.3000E+02 6.05205E-06
0.45 3.5000E+02 5.56963E-06
0.45 3.7000E+02 5.17081E-06
0.45 3.9000E+02 4.52261E-06
0.45 4.3000E+02 3.61704E-06
0.45 4.7000E+02 2.92001E-06
0.45 5.1000E+02 2.49208E-06 


0.46 2.5600E+01   NaN
0.46 2.6600E+01   NaN
0.46 2.7600E+01   NaN
0.46 2.8600E+01   NaN
0.46 2.9600E+01   NaN
0.46 3.0600E+01   NaN
0.46 3.1600E+01   NaN
0.46 3.2600E+01   NaN
0.46 3.3600E+01   NaN
0.46 3.4600E+01   NaN
0.46 4.0000E+01   NaN
0.46 4.5000E+01   NaN
0.46 5.0000E+01   NaN
0.46 5.5000E+01   NaN
0.46 6.0000E+01   NaN
0.46 6.5000E+01   NaN
0.46 7.0000E+01   NaN
0.46 7.5000E+01 1.33603E-06
0.46 8.0000E+01 1.49385E-07
0.46 8.5000E+01 5.58211E-06
0.46 1.0000E+02 2.72078E-05
0.46 1.1000E+02 1.63300E-05
0.46 1.2000E+02 1.98226E-05
0.46 1.3000E+02 1.72734E-05
0.46 1.4000E+02 1.30149E-05
0.46 1.5000E+02 1.56471E-05
0.46 1.6000E+02 1.49967E-05
0.46 1.7000E+02 1.09882E-05
0.46 1.8000E+02 1.53973E-05
0.46 1.9000E+02 1.32100E-05
0.46 2.1000E+02 8.40565E-06
0.46 2.3000E+02 7.45567E-06
0.46 2.5000E+02 8.01050E-06
0.46 2.7000E+02 6.95660E-06
0.46 2.9000E+02 3.58886E-06
0.46 3.1000E+02 4.17273E-06
0.46 3.3000E+02 4.92576E-06
0.46 3.5000E+02 4.67991E-06
0.46 3.7000E+02 4.26487E-06
0.46 3.9000E+02 3.91786E-06
0.46 4.3000E+02 3.17793E-06
0.46 4.7000E+02 2.55080E-06
0.46 5.1000E+02 2.08492E-06 


0.47 2.5600E+01   NaN
0.47 2.6600E+01   NaN
0.47 2.7600E+01   NaN
0.47 2.8600E+01   NaN
0.47 2.9600E+01   NaN
0.47 3.0600E+01   NaN
0.47 3.1600E+01   NaN
0.47 3.2600E+01   NaN
0.47 3.3600E+01   NaN
0.47 3.4600E+01   NaN
0.47 4.0000E+01   NaN
0.47 4.5000E+01   NaN
0.47 5.0000E+01   NaN
0.47 5.5000E+01   NaN
0.47 6.0000E+01   NaN
0.47 6.5000E+01   NaN
0.47 7.0000E+01   NaN
0.47 7.5000E+01 1.59568E-06
0.47 8.0000E+01 2.20573E-07
0.47 8.5000E+01 6.63216E-06
0.47 1.0000E+02 2.58744E-05
0.47 1.1000E+02 1.28741E-05
0.47 1.2000E+02 1.79070E-05
0.47 1.3000E+02 1.76811E-05
0.47 1.4000E+02 1.60595E-05
0.47 1.5000E+02 1.59385E-05
0.47 1.6000E+02 1.59128E-05
0.47 1.7000E+02 1.43294E-05
0.47 1.8000E+02 1.26770E-05
0.47 1.9000E+02 1.52140E-05
0.47 2.1000E+02 1.04878E-05
0.47 2.3000E+02 7.11358E-06
0.47 2.5000E+02 7.23429E-06
0.47 2.7000E+02 7.44904E-06
0.47 2.9000E+02 5.96343E-06
0.47 3.1000E+02 3.31278E-06
0.47 3.3000E+02 3.89978E-06
0.47 3.5000E+02 4.06799E-06
0.47 3.7000E+02 3.87621E-06
0.47 3.9000E+02 3.59234E-06
0.47 4.3000E+02 2.99941E-06
0.47 4.7000E+02 2.31076E-06
0.47 5.1000E+02 1.96340E-06 


0.48 2.5600E+01   NaN
0.48 2.6600E+01   NaN
0.48 2.7600E+01   NaN
0.48 2.8600E+01   NaN
0.48 2.9600E+01   NaN
0.48 3.0600E+01   NaN
0.48 3.1600E+01   NaN
0.48 3.2600E+01   NaN
0.48 3.3600E+01   NaN
0.48 3.4600E+01   NaN
0.48 4.0000E+01   NaN
0.48 4.5000E+01   NaN
0.48 5.0000E+01   NaN
0.48 5.5000E+01   NaN
0.48 6.0000E+01   NaN
0.48 6.5000E+01   NaN
0.48 7.0000E+01   NaN
0.48 7.5000E+01 2.82345E-06
0.48 8.0000E+01 1.56124E-06
0.48 8.5000E+01 5.83247E-06
0.48 1.0000E+02 1.92791E-05
0.48 1.1000E+02 1.05688E-05
0.48 1.2000E+02 1.05921E-05
0.48 1.3000E+02 1.45584E-05
0.48 1.4000E+02 1.76973E-05
0.48 1.5000E+02 2.09176E-05
0.48 1.6000E+02 2.09906E-05
0.48 1.7000E+02 2.24550E-05
0.48 1.8000E+02 2.07050E-05
0.48 1.9000E+02 2.13510E-05
0.48 2.1000E+02 2.00824E-05
0.48 2.3000E+02 1.34735E-05
0.48 2.5000E+02 1.00456E-05
0.48 2.7000E+02 1.05646E-05
0.48 2.9000E+02 1.08955E-05
0.48 3.1000E+02 8.90491E-06
0.48 3.3000E+02 4.94761E-06
0.48 3.5000E+02 5.12846E-06
0.48 3.7000E+02 5.16381E-06
0.48 3.9000E+02 4.98882E-06
0.48 4.3000E+02 4.42464E-06
0.48 4.7000E+02 3.84159E-06
0.48 5.1000E+02 3.24175E-06 


0.49 2.5600E+01   NaN
0.49 2.6600E+01   NaN
0.49 2.7600E+01   NaN
0.49 2.8600E+01   NaN
0.49 2.9600E+01   NaN
0.49 3.0600E+01   NaN
0.49 3.1600E+01   NaN
0.49 3.2600E+01   NaN
0.49 3.3600E+01   NaN
0.49 3.4600E+01   NaN
0.49 4.0000E+01   NaN
0.49 4.5000E+01   NaN
0.49 5.0000E+01   NaN
0.49 5.5000E+01   NaN
0.49 6.0000E+01   NaN
0.49 6.5000E+01   NaN
0.49 7.0000E+01   NaN
0.49 7.5000E+01 1.28754E-05
0.49 8.0000E+01 8.92543E-06
0.49 8.5000E+01 1.03570E-05
0.49 1.0000E+02 2.64091E-05
0.49 1.1000E+02 6.85144E-07
0.49 1.2000E+02 9.69387E-06
0.49 1.3000E+02 3.81991E-05
0.49 1.4000E+02 6.05360E-05
0.49 1.5000E+02 6.29551E-05
0.49 1.6000E+02 8.65751E-05
0.49 1.7000E+02 8.98573E-05
0.49 1.8000E+02 8.89656E-05
0.49 1.9000E+02 8.59043E-05
0.49 2.1000E+02 9.73705E-05
0.49 2.3000E+02 8.22798E-05
0.49 2.5000E+02 6.09174E-05
0.49 2.7000E+02 5.02302E-05
0.49 2.9000E+02 5.21155E-05
0.49 3.1000E+02 5.45497E-05
0.49 3.3000E+02 4.90167E-05
0.49 3.5000E+02 3.09879E-05
0.49 3.7000E+02 2.86514E-05
0.49 3.9000E+02 2.90659E-05
0.49 4.3000E+02 2.48604E-05
0.49 4.7000E+02 2.24760E-05
0.49 5.1000E+02 2.02358E-05 


0.50 2.5600E+01   NaN
0.50 2.6600E+01   NaN
0.50 2.7600E+01   NaN
0.50 2.8600E+01   NaN
0.50 2.9600E+01   NaN
0.50 3.0600E+01   NaN
0.50 3.1600E+01   NaN
0.50 3.2600E+01   NaN
0.50 3.3600E+01   NaN
0.50 3.4600E+01   NaN
0.50 4.0000E+01   NaN
0.50 4.5000E+01   NaN
0.50 5.0000E+01   NaN
0.50 5.5000E+01   NaN
0.50 6.0000E+01   NaN
0.50 6.5000E+01   NaN
0.50 7.0000E+01   NaN
0.50 7.5000E+01   NaN
0.50 8.0000E+01 7.95275E-05
0.50 8.5000E+01 8.82159E-05
0.50 1.0000E+02 1.29414E-04
0.50 1.1000E+02 1.37651E-04
0.50 1.2000E+02 2.86965E-04
0.50 1.3000E+02 4.37183E-04
0.50 1.4000E+02 6.91773E-04
0.50 1.5000E+02 7.84131E-04
0.50 1.6000E+02 8.37375E-04
0.50 1.7000E+02 1.04101E-03
0.50 1.8000E+02 1.04117E-03
0.50 1.9000E+02 1.02073E-03
0.50 2.1000E+02 1.10422E-03
0.50 2.3000E+02 1.07719E-03
0.50 2.5000E+02 9.14291E-04
0.50 2.7000E+02 7.29856E-04
0.50 2.9000E+02 6.45776E-04
0.50 3.1000E+02 6.58946E-04
0.50 3.3000E+02 6.77562E-04
0.50 3.5000E+02 5.57618E-04
0.50 3.7000E+02 4.35870E-04
0.50 3.9000E+02 4.04293E-04
0.50 4.3000E+02 3.56440E-04
0.50 4.7000E+02 3.19502E-04
0.50 5.1000E+02 2.89263E-04 


0.51 2.5600E+01   NaN
0.51 2.6600E+01   NaN
0.51 2.7600E+01   NaN
0.51 2.8600E+01   NaN
0.51 2.9600E+01   NaN
0.51 3.0600E+01   NaN
0.51 3.1600E+01   NaN
0.51 3.2600E+01   NaN
0.51 3.3600E+01   NaN
0.51 3.4600E+01   NaN
0.51 4.0000E+01   NaN
0.51 4.5000E+01   NaN
0.51 5.0000E+01   NaN
0.51 5.5000E+01   NaN
0.51 6.0000E+01   NaN
0.51 6.5000E+01   NaN
0.51 7.0000E+01   NaN
0.51 7.5000E+01   NaN
0.51 8.0000E+01 6.79816E-05
0.51 8.5000E+01 7.93522E-05
0.51 1.0000E+02 8.46326E-05
0.51 1.1000E+02 1.59025E-04
0.51 1.2000E+02 3.45958E-04
0.51 1.3000E+02 4.47412E-04
0.51 1.4000E+02 6.07451E-04
0.51 1.5000E+02 8.27310E-04
0.51 1.6000E+02 8.08706E-04
0.51 1.7000E+02 9.82273E-04
0.51 1.8000E+02 1.07131E-03
0.51 1.9000E+02 1.04168E-03
0.51 2.1000E+02 1.05681E-03
0.51 2.3000E+02 1.13221E-03
0.51 2.5000E+02 1.02529E-03
0.51 2.7000E+02 8.42797E-04
0.51 2.9000E+02 6.96084E-04
0.51 3.1000E+02 6.56597E-04
0.51 3.3000E+02 6.76438E-04
0.51 3.5000E+02 6.88314E-04
0.51 3.7000E+02 4.88708E-04
0.51 3.9000E+02 4.46705E-04
0.51 4.3000E+02 3.87247E-04
0.51 4.7000E+02 3.45291E-04
0.51 5.1000E+02 3.11802E-04 


0.52 2.5600E+01   NaN
0.52 2.6600E+01   NaN
0.52 2.7600E+01   NaN
0.52 2.8600E+01   NaN
0.52 2.9600E+01   NaN
0.52 3.0600E+01   NaN
0.52 3.1600E+01   NaN
0.52 3.2600E+01   NaN
0.52 3.3600E+01   NaN
0.52 3.4600E+01   NaN
0.52 4.0000E+01   NaN
0.52 4.5000E+01   NaN
0.52 5.0000E+01   NaN
0.52 5.5000E+01   NaN
0.52 6.0000E+01   NaN
0.52 6.5000E+01   NaN
0.52 7.0000E+01   NaN
0.52 7.5000E+01   NaN
0.52 8.0000E+01 1.17613E-05
0.52 8.5000E+01 1.45894E-05
0.52 1.0000E+02 1.11084E-06
0.52 1.1000E+02 9.03259E-05
0.52 1.2000E+02 1.29792E-04
0.52 1.3000E+02 1.32494E-04
0.52 1.4000E+02 1.54640E-04
0.52 1.5000E+02 1.82793E-04
0.52 1.6000E+02 1.94724E-04
0.52 1.7000E+02 1.80449E-04
0.52 1.8000E+02 2.17839E-04
0.52 1.9000E+02 2.13425E-04
0.52 2.1000E+02 1.91932E-04
0.52 2.3000E+02 2.18079E-04
0.52 2.5000E+02 2.19533E-04
0.52 2.7000E+02 1.92213E-04
0.52 2.9000E+02 1.59289E-04
0.52 3.1000E+02 1.37508E-04
0.52 3.3000E+02 1.33823E-04
0.52 3.5000E+02 1.37019E-04
0.52 3.7000E+02 1.38373E-04
0.52 3.9000E+02 9.97985E-05
0.52 4.3000E+02 8.43000E-05
0.52 4.7000E+02 7.47192E-05
0.52 5.1000E+02 6.72631E-05 


0.53 2.5600E+01   NaN
0.53 2.6600E+01   NaN
0.53 2.7600E+01   NaN
0.53 2.8600E+01   NaN
0.53 2.9600E+01   NaN
0.53 3.0600E+01   NaN
0.53 3.1600E+01   NaN
0.53 3.2600E+01   NaN
0.53 3.3600E+01   NaN
0.53 3.4600E+01   NaN
0.53 4.0000E+01   NaN
0.53 4.5000E+01   NaN
0.53 5.0000E+01   NaN
0.53 5.5000E+01   NaN
0.53 6.0000E+01   NaN
0.53 6.5000E+01   NaN
0.53 7.0000E+01   NaN
0.53 7.5000E+01   NaN
0.53 8.0000E+01 6.92120E-06
0.53 8.5000E+01 2.75732E-06
0.53 1.0000E+02 1.76944E-06
0.53 1.1000E+02 5.63644E-05
0.53 1.2000E+02 6.77226E-05
0.53 1.3000E+02 7.01218E-05
0.53 1.4000E+02 6.33355E-05
0.53 1.5000E+02 5.66380E-05
0.53 1.6000E+02 7.57090E-05
0.53 1.7000E+02 6.95477E-05
0.53 1.8000E+02 6.42608E-05
0.53 1.9000E+02 6.67437E-05
0.53 2.1000E+02 6.94768E-05
0.53 2.3000E+02 6.29666E-05
0.53 2.5000E+02 6.88064E-05
0.53 2.7000E+02 6.54691E-05
0.53 2.9000E+02 5.67089E-05
0.53 3.1000E+02 4.75707E-05
0.53 3.3000E+02 4.27847E-05
0.53 3.5000E+02 4.22545E-05
0.53 3.7000E+02 4.32641E-05
0.53 3.9000E+02 4.28754E-05
0.53 4.3000E+02 2.84361E-05
0.53 4.7000E+02 2.48478E-05
0.53 5.1000E+02 2.22375E-05 


0.54 2.5600E+01   NaN
0.54 2.6600E+01   NaN
0.54 2.7600E+01   NaN
0.54 2.8600E+01   NaN
0.54 2.9600E+01   NaN
0.54 3.0600E+01   NaN
0.54 3.1600E+01   NaN
0.54 3.2600E+01   NaN
0.54 3.3600E+01   NaN
0.54 3.4600E+01   NaN
0.54 4.0000E+01   NaN
0.54 4.5000E+01   NaN
0.54 5.0000E+01   NaN
0.54 5.5000E+01   NaN
0.54 6.0000E+01   NaN
0.54 6.5000E+01   NaN
0.54 7.0000E+01   NaN
0.54 7.5000E+01   NaN
0.54 8.0000E+01   NaN
0.54 8.5000E+01 1.87809E-06
0.54 1.0000E+02 1.96271E-06
0.54 1.1000E+02 3.34907E-05
0.54 1.2000E+02 6.62579E-05
0.54 1.3000E+02 5.53125E-05
0.54 1.4000E+02 4.09809E-05
0.54 1.5000E+02 4.50734E-05
0.54 1.6000E+02 4.54321E-05
0.54 1.7000E+02 4.80988E-05
0.54 1.8000E+02 4.09464E-05
0.54 1.9000E+02 3.98453E-05
0.54 2.1000E+02 4.08615E-05
0.54 2.3000E+02 3.22092E-05
0.54 2.5000E+02 3.66455E-05
0.54 2.7000E+02 3.75983E-05
0.54 2.9000E+02 3.44340E-05
0.54 3.1000E+02 2.94865E-05
0.54 3.3000E+02 2.52258E-05
0.54 3.5000E+02 2.35167E-05
0.54 3.7000E+02 2.31922E-05
0.54 3.9000E+02 2.35797E-05
0.54 4.3000E+02 1.67114E-05
0.54 4.7000E+02 1.43679E-05
0.54 5.1000E+02 1.27357E-05 


0.55 2.5600E+01   NaN
0.55 2.6600E+01   NaN
0.55 2.7600E+01   NaN
0.55 2.8600E+01   NaN
0.55 2.9600E+01   NaN
0.55 3.0600E+01   NaN
0.55 3.1600E+01   NaN
0.55 3.2600E+01   NaN
0.55 3.3600E+01   NaN
0.55 3.4600E+01   NaN
0.55 4.0000E+01   NaN
0.55 4.5000E+01   NaN
0.55 5.0000E+01   NaN
0.55 5.5000E+01   NaN
0.55 6.0000E+01   NaN
0.55 6.5000E+01   NaN
0.55 7.0000E+01   NaN
0.55 7.5000E+01   NaN
0.55 8.0000E+01   NaN
0.55 8.5000E+01 2.02337E-06
0.55 1.0000E+02 1.18419E-06
0.55 1.1000E+02 3.09027E-05
0.55 1.2000E+02 6.20791E-05
0.55 1.3000E+02 4.57589E-05
0.55 1.4000E+02 3.52244E-05
0.55 1.5000E+02 3.67302E-05
0.55 1.6000E+02 3.13297E-05
0.55 1.7000E+02 3.78685E-05
0.55 1.8000E+02 3.42475E-05
0.55 1.9000E+02 2.82641E-05
0.55 2.1000E+02 2.82965E-05
0.55 2.3000E+02 2.60060E-05
0.55 2.5000E+02 2.38072E-05
0.55 2.7000E+02 2.58328E-05
0.55 2.9000E+02 2.50035E-05
0.55 3.1000E+02 2.23867E-05
0.55 3.3000E+02 1.90354E-05
0.55 3.5000E+02 1.68954E-05
0.55 3.7000E+02 1.58459E-05
0.55 3.9000E+02 1.57339E-05
0.55 4.3000E+02 1.36242E-05
0.55 4.7000E+02 1.03179E-05
0.55 5.1000E+02 8.98600E-06 


0.56 2.5600E+01   NaN
0.56 2.6600E+01   NaN
0.56 2.7600E+01   NaN
0.56 2.8600E+01   NaN
0.56 2.9600E+01   NaN
0.56 3.0600E+01   NaN
0.56 3.1600E+01   NaN
0.56 3.2600E+01   NaN
0.56 3.3600E+01   NaN
0.56 3.4600E+01   NaN
0.56 4.0000E+01   NaN
0.56 4.5000E+01   NaN
0.56 5.0000E+01   NaN
0.56 5.5000E+01   NaN
0.56 6.0000E+01   NaN
0.56 6.5000E+01   NaN
0.56 7.0000E+01   NaN
0.56 7.5000E+01   NaN
0.56 8.0000E+01   NaN
0.56 8.5000E+01 1.81100E-06
0.56 1.0000E+02 1.29662E-06
0.56 1.1000E+02 3.11385E-05
0.56 1.2000E+02 4.48634E-05
0.56 1.3000E+02 3.90710E-05
0.56 1.4000E+02 3.58331E-05
0.56 1.5000E+02 2.93766E-05
0.56 1.6000E+02 2.72291E-05
0.56 1.7000E+02 2.93989E-05
0.56 1.8000E+02 3.13993E-05
0.56 1.9000E+02 2.63428E-05
0.56 2.1000E+02 2.25711E-05
0.56 2.3000E+02 2.32062E-05
0.56 2.5000E+02 1.72814E-05
0.56 2.7000E+02 1.89936E-05
0.56 2.9000E+02 1.94708E-05
0.56 3.1000E+02 1.81118E-05
0.56 3.3000E+02 1.58807E-05
0.56 3.5000E+02 1.36048E-05
0.56 3.7000E+02 1.21856E-05
0.56 3.9000E+02 1.17274E-05
0.56 4.3000E+02 1.19698E-05
0.56 4.7000E+02 8.17090E-06
0.56 5.1000E+02 7.02273E-06 


0.57 2.5600E+01   NaN
0.57 2.6600E+01   NaN
0.57 2.7600E+01   NaN
0.57 2.8600E+01   NaN
0.57 2.9600E+01   NaN
0.57 3.0600E+01   NaN
0.57 3.1600E+01   NaN
0.57 3.2600E+01   NaN
0.57 3.3600E+01   NaN
0.57 3.4600E+01   NaN
0.57 4.0000E+01   NaN
0.57 4.5000E+01   NaN
0.57 5.0000E+01   NaN
0.57 5.5000E+01   NaN
0.57 6.0000E+01   NaN
0.57 6.5000E+01   NaN
0.57 7.0000E+01   NaN
0.57 7.5000E+01   NaN
0.57 8.0000E+01   NaN
0.57 8.5000E+01 2.04630E-06
0.57 1.0000E+02 1.63731E-06
0.57 1.1000E+02 2.48166E-05
0.57 1.2000E+02 4.06690E-05
0.57 1.3000E+02 4.06195E-05
0.57 1.4000E+02 3.53959E-05
0.57 1.5000E+02 2.47261E-05
0.57 1.6000E+02 2.82308E-05
0.57 1.7000E+02 2.27839E-05
0.57 1.8000E+02 2.72378E-05
0.57 1.9000E+02 2.55575E-05
0.57 2.1000E+02 1.89141E-05
0.57 2.3000E+02 1.88122E-05
0.57 2.5000E+02 1.38701E-05
0.57 2.7000E+02 1.46958E-05
0.57 2.9000E+02 1.54045E-05
0.57 3.1000E+02 1.51964E-05
0.57 3.3000E+02 1.37170E-05
0.57 3.5000E+02 1.19174E-05
0.57 3.7000E+02 1.02880E-05
0.57 3.9000E+02 9.36664E-06
0.57 4.3000E+02 9.14429E-06
0.57 4.7000E+02 7.20269E-06
0.57 5.1000E+02 5.82741E-06 


0.58 2.5600E+01   NaN
0.58 2.6600E+01   NaN
0.58 2.7600E+01   NaN
0.58 2.8600E+01   NaN
0.58 2.9600E+01   NaN
0.58 3.0600E+01   NaN
0.58 3.1600E+01   NaN
0.58 3.2600E+01   NaN
0.58 3.3600E+01   NaN
0.58 3.4600E+01   NaN
0.58 4.0000E+01   NaN
0.58 4.5000E+01   NaN
0.58 5.0000E+01   NaN
0.58 5.5000E+01   NaN
0.58 6.0000E+01   NaN
0.58 6.5000E+01   NaN
0.58 7.0000E+01   NaN
0.58 7.5000E+01   NaN
0.58 8.0000E+01   NaN
0.58 8.5000E+01 1.13914E-06
0.58 1.0000E+02 1.43408E-06
0.58 1.1000E+02 1.45736E-05
0.58 1.2000E+02 4.09418E-05
0.58 1.3000E+02 5.17241E-05
0.58 1.4000E+02 3.23855E-05
0.58 1.5000E+02 2.45904E-05
0.58 1.6000E+02 2.47589E-05
0.58 1.7000E+02 1.62486E-05
0.58 1.8000E+02 2.14355E-05
0.58 1.9000E+02 2.43393E-05
0.58 2.1000E+02 1.68694E-05
0.58 2.3000E+02 1.58320E-05
0.58 2.5000E+02 1.57057E-05
0.58 2.7000E+02 1.14109E-05
0.58 2.9000E+02 1.23193E-05
0.58 3.1000E+02 1.26756E-05
0.58 3.3000E+02 1.19767E-05
0.58 3.5000E+02 1.06589E-05
0.58 3.7000E+02 9.19597E-06
0.58 3.9000E+02 8.02048E-06
0.58 4.3000E+02 7.25195E-06
0.58 4.7000E+02 7.60972E-06
0.58 5.1000E+02 4.96603E-06 


0.59 2.5600E+01   NaN
0.59 2.6600E+01   NaN
0.59 2.7600E+01   NaN
0.59 2.8600E+01   NaN
0.59 2.9600E+01   NaN
0.59 3.0600E+01   NaN
0.59 3.1600E+01   NaN
0.59 3.2600E+01   NaN
0.59 3.3600E+01   NaN
0.59 3.4600E+01   NaN
0.59 4.0000E+01   NaN
0.59 4.5000E+01   NaN
0.59 5.0000E+01   NaN
0.59 5.5000E+01   NaN
0.59 6.0000E+01   NaN
0.59 6.5000E+01   NaN
0.59 7.0000E+01   NaN
0.59 7.5000E+01   NaN
0.59 8.0000E+01   NaN
0.59 8.5000E+01 9.98243E-07
0.59 1.0000E+02 9.73855E-07
0.59 1.1000E+02 1.32787E-05
0.59 1.2000E+02 3.91064E-05
0.59 1.3000E+02 3.40181E-05
0.59 1.4000E+02 3.02753E-05
0.59 1.5000E+02 2.65251E-05
0.59 1.6000E+02 2.07125E-05
0.59 1.7000E+02 2.32802E-05
0.59 1.8000E+02 1.77995E-05
0.59 1.9000E+02 2.13263E-05
0.59 2.1000E+02 1.73223E-05
0.59 2.3000E+02 1.58807E-05
0.59 2.5000E+02 1.40284E-05
0.59 2.7000E+02 9.65992E-06
0.59 2.9000E+02 9.77824E-06
0.59 3.1000E+02 1.04556E-05
0.59 3.3000E+02 1.03608E-05
0.59 3.5000E+02 9.55942E-06
0.59 3.7000E+02 8.40467E-06
0.59 3.9000E+02 7.30263E-06
0.59 4.3000E+02 5.86060E-06
0.59 4.7000E+02 5.89900E-06
0.59 5.1000E+02 4.54662E-06 


0.60 2.5600E+01   NaN
0.60 2.6600E+01   NaN
0.60 2.7600E+01   NaN
0.60 2.8600E+01   NaN
0.60 2.9600E+01   NaN
0.60 3.0600E+01   NaN
0.60 3.1600E+01   NaN
0.60 3.2600E+01   NaN
0.60 3.3600E+01   NaN
0.60 3.4600E+01   NaN
0.60 4.0000E+01   NaN
0.60 4.5000E+01   NaN
0.60 5.0000E+01   NaN
0.60 5.5000E+01   NaN
0.60 6.0000E+01   NaN
0.60 6.5000E+01   NaN
0.60 7.0000E+01   NaN
0.60 7.5000E+01   NaN
0.60 8.0000E+01   NaN
0.60 8.5000E+01 6.81236E-07
0.60 1.0000E+02 2.01904E-07
0.60 1.1000E+02 1.44036E-05
0.60 1.2000E+02 3.21992E-05
0.60 1.3000E+02 2.64259E-05
0.60 1.4000E+02 2.98693E-05
0.60 1.5000E+02 2.68133E-05
0.60 1.6000E+02 1.89768E-05
0.60 1.7000E+02 2.19032E-05
0.60 1.8000E+02 1.48648E-05
0.60 1.9000E+02 1.75828E-05
0.60 2.1000E+02 1.80058E-05
0.60 2.3000E+02 1.21461E-05
0.60 2.5000E+02 1.21933E-05
0.60 2.7000E+02 9.40984E-06
0.60 2.9000E+02 7.98805E-06
0.60 3.1000E+02 8.40202E-06
0.60 3.3000E+02 9.04786E-06
0.60 3.5000E+02 8.43009E-06
0.60 3.7000E+02 7.60348E-06
0.60 3.9000E+02 6.70328E-06
0.60 4.3000E+02 5.10750E-06
0.60 4.7000E+02 4.68181E-06
0.60 5.1000E+02 5.20015E-06 


0.61 2.5600E+01   NaN
0.61 2.6600E+01   NaN
0.61 2.7600E+01   NaN
0.61 2.8600E+01   NaN
0.61 2.9600E+01   NaN
0.61 3.0600E+01   NaN
0.61 3.1600E+01   NaN
0.61 3.2600E+01   NaN
0.61 3.3600E+01   NaN
0.61 3.4600E+01   NaN
0.61 4.0000E+01   NaN
0.61 4.5000E+01   NaN
0.61 5.0000E+01   NaN
0.61 5.5000E+01   NaN
0.61 6.0000E+01   NaN
0.61 6.5000E+01   NaN
0.61 7.0000E+01   NaN
0.61 7.5000E+01   NaN
0.61 8.0000E+01   NaN
0.61 8.5000E+01   NaN
0.61 1.0000E+02 1.34372E-06
0.61 1.1000E+02 1.25313E-05
0.61 1.2000E+02 2.57222E-05
0.61 1.3000E+02 3.03142E-05
0.61 1.4000E+02 3.14901E-05
0.61 1.5000E+02 2.52020E-05
0.61 1.6000E+02 2.02386E-05
0.61 1.7000E+02 1.87524E-05
0.61 1.8000E+02 2.03368E-05
0.61 1.9000E+02 1.47691E-05
0.61 2.1000E+02 1.91352E-05
0.61 2.3000E+02 1.24826E-05
0.61 2.5000E+02 1.23299E-05
0.61 2.7000E+02 1.13720E-05
0.61 2.9000E+02 7.11691E-06
0.61 3.1000E+02 6.88548E-06
0.61 3.3000E+02 7.23854E-06
0.61 3.5000E+02 7.33756E-06
0.61 3.7000E+02 6.93643E-06
0.61 3.9000E+02 6.27113E-06
0.61 4.3000E+02 4.67829E-06
0.61 4.7000E+02 3.76326E-06
0.61 5.1000E+02 3.91750E-06 


0.62 2.5600E+01   NaN
0.62 2.6600E+01   NaN
0.62 2.7600E+01   NaN
0.62 2.8600E+01   NaN
0.62 2.9600E+01   NaN
0.62 3.0600E+01   NaN
0.62 3.1600E+01   NaN
0.62 3.2600E+01   NaN
0.62 3.3600E+01   NaN
0.62 3.4600E+01   NaN
0.62 4.0000E+01   NaN
0.62 4.5000E+01   NaN
0.62 5.0000E+01   NaN
0.62 5.5000E+01   NaN
0.62 6.0000E+01   NaN
0.62 6.5000E+01   NaN
0.62 7.0000E+01   NaN
0.62 7.5000E+01   NaN
0.62 8.0000E+01   NaN
0.62 8.5000E+01   NaN
0.62 1.0000E+02 1.45249E-06
0.62 1.1000E+02 9.50097E-06
0.62 1.2000E+02 2.22826E-05
0.62 1.3000E+02 3.13527E-05
0.62 1.4000E+02 2.51880E-05
0.62 1.5000E+02 1.97384E-05
0.62 1.6000E+02 2.17495E-05
0.62 1.7000E+02 1.70802E-05
0.62 1.8000E+02 2.11504E-05
0.62 1.9000E+02 1.41661E-05
0.62 2.1000E+02 1.83081E-05
0.62 2.3000E+02 1.44277E-05
0.62 2.5000E+02 1.08930E-05
0.62 2.7000E+02 1.07018E-05
0.62 2.9000E+02 7.80019E-06
0.62 3.1000E+02 6.11048E-06
0.62 3.3000E+02 6.07610E-06
0.62 3.5000E+02 6.41566E-06
0.62 3.7000E+02 6.42680E-06
0.62 3.9000E+02 6.00039E-06
0.62 4.3000E+02 4.67506E-06
0.62 4.7000E+02 3.52274E-06
0.62 5.1000E+02 3.12434E-06 


0.63 2.5600E+01   NaN
0.63 2.6600E+01   NaN
0.63 2.7600E+01   NaN
0.63 2.8600E+01   NaN
0.63 2.9600E+01   NaN
0.63 3.0600E+01   NaN
0.63 3.1600E+01   NaN
0.63 3.2600E+01   NaN
0.63 3.3600E+01   NaN
0.63 3.4600E+01   NaN
0.63 4.0000E+01   NaN
0.63 4.5000E+01   NaN
0.63 5.0000E+01   NaN
0.63 5.5000E+01   NaN
0.63 6.0000E+01   NaN
0.63 6.5000E+01   NaN
0.63 7.0000E+01   NaN
0.63 7.5000E+01   NaN
0.63 8.0000E+01   NaN
0.63 8.5000E+01   NaN
0.63 1.0000E+02 1.63020E-06
0.63 1.1000E+02 6.91634E-06
0.63 1.2000E+02 2.12665E-05
0.63 1.3000E+02 2.45386E-05
0.63 1.4000E+02 1.73767E-05
0.63 1.5000E+02 2.11304E-05
0.63 1.6000E+02 2.14000E-05
0.63 1.7000E+02 1.88638E-05
0.63 1.8000E+02 2.01474E-05
0.63 1.9000E+02 2.32105E-05
0.63 2.1000E+02 1.79336E-05
0.63 2.3000E+02 1.94653E-05
0.63 2.5000E+02 1.15514E-05
0.63 2.7000E+02 1.32998E-05
0.63 2.9000E+02 1.20664E-05
0.63 3.1000E+02 7.43125E-06
0.63 3.3000E+02 6.18044E-06
0.63 3.5000E+02 6.18982E-06
0.63 3.7000E+02 6.38311E-06
0.63 3.9000E+02 6.31371E-06
0.63 4.3000E+02 5.41538E-06
0.63 4.7000E+02 4.04230E-06
0.63 5.1000E+02 3.20779E-06 


0.64 2.5600E+01   NaN
0.64 2.6600E+01   NaN
0.64 2.7600E+01   NaN
0.64 2.8600E+01   NaN
0.64 2.9600E+01   NaN
0.64 3.0600E+01   NaN
0.64 3.1600E+01   NaN
0.64 3.2600E+01   NaN
0.64 3.3600E+01   NaN
0.64 3.4600E+01   NaN
0.64 4.0000E+01   NaN
0.64 4.5000E+01   NaN
0.64 5.0000E+01   NaN
0.64 5.5000E+01   NaN
0.64 6.0000E+01   NaN
0.64 6.5000E+01   NaN
0.64 7.0000E+01   NaN
0.64 7.5000E+01   NaN
0.64 8.0000E+01   NaN
0.64 8.5000E+01   NaN
0.64 1.0000E+02 2.77631E-06
0.64 1.1000E+02 9.19472E-06
0.64 1.2000E+02 2.28372E-05
0.64 1.3000E+02 1.50867E-05
0.64 1.4000E+02 1.25116E-05
0.64 1.5000E+02 1.79160E-05
0.64 1.6000E+02 1.83692E-05
0.64 1.7000E+02 2.45212E-05
0.64 1.8000E+02 2.38167E-05
0.64 1.9000E+02 3.12522E-05
0.64 2.1000E+02 2.32272E-05
0.64 2.3000E+02 3.00959E-05
0.64 2.5000E+02 2.20987E-05
0.64 2.7000E+02 1.85067E-05
0.64 2.9000E+02 1.85816E-05
0.64 3.1000E+02 1.44462E-05
0.64 3.3000E+02 1.05512E-05
0.64 3.5000E+02 8.99567E-06
0.64 3.7000E+02 8.81328E-06
0.64 3.9000E+02 8.91094E-06
0.64 4.3000E+02 8.40446E-06
0.64 4.7000E+02 6.99324E-06
0.64 5.1000E+02 5.33304E-06 


0.65 2.5600E+01   NaN
0.65 2.6600E+01   NaN
0.65 2.7600E+01   NaN
0.65 2.8600E+01   NaN
0.65 2.9600E+01   NaN
0.65 3.0600E+01   NaN
0.65 3.1600E+01   NaN
0.65 3.2600E+01   NaN
0.65 3.3600E+01   NaN
0.65 3.4600E+01   NaN
0.65 4.0000E+01   NaN
0.65 4.5000E+01   NaN
0.65 5.0000E+01   NaN
0.65 5.5000E+01   NaN
0.65 6.0000E+01   NaN
0.65 6.5000E+01   NaN
0.65 7.0000E+01   NaN
0.65 7.5000E+01   NaN
0.65 8.0000E+01   NaN
0.65 8.5000E+01   NaN
0.65 1.0000E+02 6.88304E-06
0.65 1.1000E+02 1.55198E-05
0.65 1.2000E+02 2.89324E-05
0.65 1.3000E+02 8.36174E-06
0.65 1.4000E+02 5.32178E-06
0.65 1.5000E+02 1.49201E-05
0.65 1.6000E+02 3.22031E-05
0.65 1.7000E+02 3.66125E-05
0.65 1.8000E+02 4.59351E-05
0.65 1.9000E+02 5.52006E-05
0.65 2.1000E+02 5.45584E-05
0.65 2.3000E+02 6.28360E-05
0.65 2.5000E+02 6.32433E-05
0.65 2.7000E+02 3.93320E-05
0.65 2.9000E+02 4.98726E-05
0.65 3.1000E+02 4.53501E-05
0.65 3.3000E+02 3.35916E-05
0.65 3.5000E+02 2.65926E-05
0.65 3.7000E+02 2.33236E-05
0.65 3.9000E+02 2.19672E-05
0.65 4.3000E+02 2.14685E-05
0.65 4.7000E+02 1.96822E-05
0.65 5.1000E+02 1.64609E-05 


