0.40 2.5600E+01 7.09722E-05
0.40 2.6600E+01 1.21206E-04
0.40 2.7600E+01 2.06164E-04
0.40 2.8600E+01 2.06214E-04
0.40 2.9600E+01 1.54445E-04
0.40 3.0600E+01 1.51384E-04
0.40 3.1600E+01 2.36446E-04
0.40 3.2600E+01 2.55466E-04
0.40 3.3600E+01 1.83702E-04
0.40 3.4600E+01 6.58378E-05
0.40 4.0000E+01 2.00485E-04
0.40 4.5000E+01 3.17685E-04
0.40 5.0000E+01 1.76316E-04
0.40 5.5000E+01 3.16478E-04
0.40 6.0000E+01 1.29373E-04
0.40 6.5000E+01 1.37870E-04
0.40 7.0000E+01 1.09283E-04
0.40 7.5000E+01 1.45267E-04
0.40 8.0000E+01 1.01862E-04
0.40 8.5000E+01 1.25553E-04
0.40 1.0000E+02 8.55177E-05
0.40 1.1000E+02 9.06254E-05
0.40 1.2000E+02 7.97641E-05
0.40 1.3000E+02 5.59962E-05
0.40 1.4000E+02 6.00664E-05
0.40 1.5000E+02 5.87128E-05
0.40 1.6000E+02 4.48090E-05
0.40 1.7000E+02 4.42726E-05
0.40 1.8000E+02 4.21272E-05
0.40 1.9000E+02 3.98202E-05
0.40 2.1000E+02 2.95423E-05
0.40 2.3000E+02 2.54895E-05
0.40 2.5000E+02 2.42843E-05
0.40 2.7000E+02 2.13663E-05
0.40 2.9000E+02 1.85232E-05
0.40 3.1000E+02 1.64063E-05
0.40 3.3000E+02 1.49788E-05
0.40 3.5000E+02 1.34974E-05
0.40 3.7000E+02 1.24202E-05
0.40 3.9000E+02 1.12952E-05
0.40 4.3000E+02 9.62116E-06
0.40 4.7000E+02 8.19390E-06
0.40 5.1000E+02 7.14988E-06 


0.41 2.5600E+01 7.22140E-05
0.41 2.6600E+01 1.16369E-04
0.41 2.7600E+01 2.01647E-04
0.41 2.8600E+01 1.33742E-04
0.41 2.9600E+01 1.23336E-04
0.41 3.0600E+01 2.36091E-04
0.41 3.1600E+01 1.07889E-04
0.41 3.2600E+01 2.55054E-04
0.41 3.3600E+01 2.72790E-04
0.41 3.4600E+01 3.15269E-04
0.41 4.0000E+01 2.10587E-04
0.41 4.5000E+01 2.08899E-04
0.41 5.0000E+01 1.69221E-04
0.41 5.5000E+01 2.07629E-04
0.41 6.0000E+01 2.80146E-04
0.41 6.5000E+01 1.31872E-04
0.41 7.0000E+01 1.65938E-04
0.41 7.5000E+01 1.24982E-04
0.41 8.0000E+01 1.25514E-04
0.41 8.5000E+01 1.07467E-04
0.41 1.0000E+02 1.00703E-04
0.41 1.1000E+02 8.22951E-05
0.41 1.2000E+02 5.87986E-05
0.41 1.3000E+02 6.86502E-05
0.41 1.4000E+02 7.34438E-05
0.41 1.5000E+02 5.50840E-05
0.41 1.6000E+02 5.04789E-05
0.41 1.7000E+02 4.79253E-05
0.41 1.8000E+02 4.28426E-05
0.41 1.9000E+02 3.66171E-05
0.41 2.1000E+02 3.06663E-05
0.41 2.3000E+02 3.37175E-05
0.41 2.5000E+02 2.67541E-05
0.41 2.7000E+02 1.76193E-05
0.41 2.9000E+02 2.02413E-05
0.41 3.1000E+02 1.76762E-05
0.41 3.3000E+02 1.59910E-05
0.41 3.5000E+02 1.43827E-05
0.41 3.7000E+02 1.32045E-05
0.41 3.9000E+02 1.19676E-05
0.41 4.3000E+02 1.01860E-05
0.41 4.7000E+02 8.74688E-06
0.41 5.1000E+02 7.59817E-06 


0.42 2.5600E+01 7.59480E-05
0.42 2.6600E+01 1.32622E-04
0.42 2.7600E+01 1.23053E-04
0.42 2.8600E+01 2.45174E-04
0.42 2.9600E+01 1.50151E-04
0.42 3.0600E+01 1.33067E-04
0.42 3.1600E+01 1.79217E-04
0.42 3.2600E+01 2.57211E-04
0.42 3.3600E+01 2.39394E-04
0.42 3.4600E+01 1.33525E-04
0.42 4.0000E+01 2.15757E-04
0.42 4.5000E+01 2.76411E-04
0.42 5.0000E+01 6.91781E-05
0.42 5.5000E+01 2.21346E-04
0.42 6.0000E+01 1.90275E-04
0.42 6.5000E+01 1.87239E-04
0.42 7.0000E+01 1.64928E-04
0.42 7.5000E+01 1.39839E-04
0.42 8.0000E+01 1.51681E-04
0.42 8.5000E+01 1.20234E-04
0.42 1.0000E+02 1.09605E-04
0.42 1.1000E+02 7.30545E-05
0.42 1.2000E+02 8.22381E-05
0.42 1.3000E+02 7.48598E-05
0.42 1.4000E+02 6.73160E-05
0.42 1.5000E+02 6.06185E-05
0.42 1.6000E+02 5.32480E-05
0.42 1.7000E+02 4.92090E-05
0.42 1.8000E+02 4.54847E-05
0.42 1.9000E+02 4.15023E-05
0.42 2.1000E+02 3.55627E-05
0.42 2.3000E+02 3.00399E-05
0.42 2.5000E+02 2.93977E-05
0.42 2.7000E+02 2.35729E-05
0.42 2.9000E+02 2.17836E-05
0.42 3.1000E+02 1.90433E-05
0.42 3.3000E+02 1.70012E-05
0.42 3.5000E+02 1.53743E-05
0.42 3.7000E+02 1.41044E-05
0.42 3.9000E+02 1.27445E-05
0.42 4.3000E+02 1.06477E-05
0.42 4.7000E+02 9.22337E-06
0.42 5.1000E+02 8.11377E-06 


0.43 2.5600E+01 1.06990E-04
0.43 2.6600E+01 1.57471E-04
0.43 2.7600E+01 1.80718E-04
0.43 2.8600E+01 1.71405E-04
0.43 2.9600E+01 2.29225E-04
0.43 3.0600E+01 2.61257E-04
0.43 3.1600E+01 2.05508E-04
0.43 3.2600E+01 2.85665E-04
0.43 3.3600E+01 2.45580E-04
0.43 3.4600E+01 2.11015E-04
0.43 4.0000E+01 2.82664E-04
0.43 4.5000E+01 4.45005E-04
0.43 5.0000E+01 1.47002E-04
0.43 5.5000E+01 2.11469E-04
0.43 6.0000E+01 1.67527E-04
0.43 6.5000E+01 1.35587E-04
0.43 7.0000E+01 1.70008E-04
0.43 7.5000E+01 1.71682E-04
0.43 8.0000E+01 1.33288E-04
0.43 8.5000E+01 1.24565E-04
0.43 1.0000E+02 1.21973E-04
0.43 1.1000E+02 9.44233E-05
0.43 1.2000E+02 8.41150E-05
0.43 1.3000E+02 8.28597E-05
0.43 1.4000E+02 6.79402E-05
0.43 1.5000E+02 6.15735E-05
0.43 1.6000E+02 5.60453E-05
0.43 1.7000E+02 5.22332E-05
0.43 1.8000E+02 4.76238E-05
0.43 1.9000E+02 4.44302E-05
0.43 2.1000E+02 3.70243E-05
0.43 2.3000E+02 3.17913E-05
0.43 2.5000E+02 2.77187E-05
0.43 2.7000E+02 2.51385E-05
0.43 2.9000E+02 2.25722E-05
0.43 3.1000E+02 2.01827E-05
0.43 3.3000E+02 1.83736E-05
0.43 3.5000E+02 1.64723E-05
0.43 3.7000E+02 1.48517E-05
0.43 3.9000E+02 1.35016E-05
0.43 4.3000E+02 1.07285E-05
0.43 4.7000E+02 9.76285E-06
0.43 5.1000E+02 8.64757E-06 


0.44 2.5600E+01 1.30890E-04
0.44 2.6600E+01 1.15218E-04
0.44 2.7600E+01 1.92644E-04
0.44 2.8600E+01 2.12027E-04
0.44 2.9600E+01 1.12548E-04
0.44 3.0600E+01 1.78111E-04
0.44 3.1600E+01 2.29852E-04
0.44 3.2600E+01 2.94887E-04
0.44 3.3600E+01 2.35519E-04
0.44 3.4600E+01 4.43140E-04
0.44 4.0000E+01 3.03140E-04
0.44 4.5000E+01 2.33201E-04
0.44 5.0000E+01 2.15365E-04
0.44 5.5000E+01 2.28540E-04
0.44 6.0000E+01 2.40468E-04
0.44 6.5000E+01 1.70135E-04
0.44 7.0000E+01 1.75103E-04
0.44 7.5000E+01 1.53750E-04
0.44 8.0000E+01 1.67090E-04
0.44 8.5000E+01 1.41978E-04
0.44 1.0000E+02 1.15733E-04
0.44 1.1000E+02 1.01842E-04
0.44 1.2000E+02 8.83257E-05
0.44 1.3000E+02 8.70286E-05
0.44 1.4000E+02 7.56902E-05
0.44 1.5000E+02 6.66644E-05
0.44 1.6000E+02 5.90955E-05
0.44 1.7000E+02 5.45254E-05
0.44 1.8000E+02 5.07137E-05
0.44 1.9000E+02 4.68602E-05
0.44 2.1000E+02 3.97123E-05
0.44 2.3000E+02 3.56488E-05
0.44 2.5000E+02 3.03585E-05
0.44 2.7000E+02 2.75900E-05
0.44 2.9000E+02 2.40417E-05
0.44 3.1000E+02 1.93809E-05
0.44 3.3000E+02 1.93045E-05
0.44 3.5000E+02 1.72548E-05
0.44 3.7000E+02 1.58201E-05
0.44 3.9000E+02 1.43573E-05
0.44 4.3000E+02 1.21403E-05
0.44 4.7000E+02 1.04090E-05
0.44 5.1000E+02 8.95267E-06 


0.45 2.5600E+01 9.15691E-05
0.45 2.6600E+01 2.07558E-04
0.45 2.7600E+01 2.12378E-04
0.45 2.8600E+01 1.74630E-04
0.45 2.9600E+01 2.65762E-04
0.45 3.0600E+01 3.05746E-04
0.45 3.1600E+01 2.63284E-04
0.45 3.2600E+01 2.91210E-04
0.45 3.3600E+01 2.44586E-04
0.45 3.4600E+01 2.61928E-04
0.45 4.0000E+01 2.54703E-04
0.45 4.5000E+01 2.60678E-04
0.45 5.0000E+01 2.16665E-04
0.45 5.5000E+01 2.26923E-04
0.45 6.0000E+01 2.41710E-04
0.45 6.5000E+01 1.85830E-04
0.45 7.0000E+01 1.80710E-04
0.45 7.5000E+01 1.69591E-04
0.45 8.0000E+01 1.51651E-04
0.45 8.5000E+01 1.46143E-04
0.45 1.0000E+02 1.17724E-04
0.45 1.1000E+02 1.09276E-04
0.45 1.2000E+02 9.25833E-05
0.45 1.3000E+02 7.76709E-05
0.45 1.4000E+02 9.82441E-05
0.45 1.5000E+02 7.13746E-05
0.45 1.6000E+02 6.30586E-05
0.45 1.7000E+02 5.32476E-05
0.45 1.8000E+02 5.28625E-05
0.45 1.9000E+02 4.94302E-05
0.45 2.1000E+02 4.24355E-05
0.45 2.3000E+02 3.63965E-05
0.45 2.5000E+02 3.14246E-05
0.45 2.7000E+02 2.19675E-05
0.45 2.9000E+02 2.53577E-05
0.45 3.1000E+02 2.25806E-05
0.45 3.3000E+02 2.04041E-05
0.45 3.5000E+02 1.84078E-05
0.45 3.7000E+02 1.58223E-05
0.45 3.9000E+02 1.52710E-05
0.45 4.3000E+02 1.29045E-05
0.45 4.7000E+02 1.08476E-05
0.45 5.1000E+02 1.11965E-05 


0.46 2.5600E+01 1.19343E-04
0.46 2.6600E+01 1.32079E-04
0.46 2.7600E+01 1.62887E-04
0.46 2.8600E+01 2.76288E-04
0.46 2.9600E+01 1.92100E-04
0.46 3.0600E+01 2.41550E-04
0.46 3.1600E+01 2.28713E-04
0.46 3.2600E+01 1.88447E-04
0.46 3.3600E+01 3.21310E-04
0.46 3.4600E+01 2.73806E-04
0.46 4.0000E+01 2.83583E-04
0.46 4.5000E+01 3.14410E-04
0.46 5.0000E+01 3.19471E-04
0.46 5.5000E+01 2.51083E-04
0.46 6.0000E+01 2.29321E-04
0.46 6.5000E+01 2.13263E-04
0.46 7.0000E+01 1.80131E-04
0.46 7.5000E+01 1.85125E-04
0.46 8.0000E+01 1.61232E-04
0.46 8.5000E+01 1.52039E-04
0.46 1.0000E+02 1.22789E-04
0.46 1.1000E+02 1.14071E-04
0.46 1.2000E+02 1.01078E-04
0.46 1.3000E+02 9.00269E-05
0.46 1.4000E+02 1.13311E-04
0.46 1.5000E+02 8.14290E-05
0.46 1.6000E+02 6.90190E-05
0.46 1.7000E+02 6.11124E-05
0.46 1.8000E+02 5.56553E-05
0.46 1.9000E+02 5.62087E-05
0.46 2.1000E+02 4.46245E-05
0.46 2.3000E+02 3.82213E-05
0.46 2.5000E+02 3.32247E-05
0.46 2.7000E+02 2.72324E-05
0.46 2.9000E+02 2.55054E-05
0.46 3.1000E+02 2.44997E-05
0.46 3.3000E+02 2.16217E-05
0.46 3.5000E+02 1.95984E-05
0.46 3.7000E+02 1.73972E-05
0.46 3.9000E+02 1.62180E-05
0.46 4.3000E+02 1.36632E-05
0.46 4.7000E+02 1.15635E-05
0.46 5.1000E+02 1.00500E-05 


0.47 2.5600E+01 1.65329E-04
0.47 2.6600E+01 2.31275E-04
0.47 2.7600E+01 1.69565E-04
0.47 2.8600E+01 3.00130E-04
0.47 2.9600E+01 2.47421E-04
0.47 3.0600E+01 3.15342E-04
0.47 3.1600E+01 2.92903E-04
0.47 3.2600E+01 3.39116E-04
0.47 3.3600E+01 3.08512E-04
0.47 3.4600E+01 2.75469E-04
0.47 4.0000E+01 3.39839E-04
0.47 4.5000E+01 2.56242E-04
0.47 5.0000E+01 2.90797E-04
0.47 5.5000E+01 2.32403E-04
0.47 6.0000E+01 2.36749E-04
0.47 6.5000E+01 2.39245E-04
0.47 7.0000E+01 1.89232E-04
0.47 7.5000E+01 1.90583E-04
0.47 8.0000E+01 1.76425E-04
0.47 8.5000E+01 1.59134E-04
0.47 1.0000E+02 1.31934E-04
0.47 1.1000E+02 1.19410E-04
0.47 1.2000E+02 1.08345E-04
0.47 1.3000E+02 9.37629E-05
0.47 1.4000E+02 8.27616E-05
0.47 1.5000E+02 8.30855E-05
0.47 1.6000E+02 7.30027E-05
0.47 1.7000E+02 6.15580E-05
0.47 1.8000E+02 5.94710E-05
0.47 1.9000E+02 5.41214E-05
0.47 2.1000E+02 4.75455E-05
0.47 2.3000E+02 4.04764E-05
0.47 2.5000E+02 3.48891E-05
0.47 2.7000E+02 3.09439E-05
0.47 2.9000E+02 2.73039E-05
0.47 3.1000E+02 2.59412E-05
0.47 3.3000E+02 2.29623E-05
0.47 3.5000E+02 2.07301E-05
0.47 3.7000E+02 1.87027E-05
0.47 3.9000E+02 1.70134E-05
0.47 4.3000E+02 1.43258E-05
0.47 4.7000E+02 1.23503E-05
0.47 5.1000E+02 1.05556E-05 


0.48 2.5600E+01 1.56529E-04
0.48 2.6600E+01 1.88955E-04
0.48 2.7600E+01 2.78300E-04
0.48 2.8600E+01 1.40601E-04
0.48 2.9600E+01 2.90623E-04
0.48 3.0600E+01 3.06741E-04
0.48 3.1600E+01 3.88543E-04
0.48 3.2600E+01 2.95713E-04
0.48 3.3600E+01 2.39137E-04
0.48 3.4600E+01 3.60849E-04
0.48 4.0000E+01 3.55629E-04
0.48 4.5000E+01 2.56715E-04
0.48 5.0000E+01 2.68285E-04
0.48 5.5000E+01 2.18123E-04
0.48 6.0000E+01 2.58491E-04
0.48 6.5000E+01 2.24670E-04
0.48 7.0000E+01 2.16229E-04
0.48 7.5000E+01 1.90069E-04
0.48 8.0000E+01 1.91118E-04
0.48 8.5000E+01 1.69491E-04
0.48 1.0000E+02 1.42912E-04
0.48 1.1000E+02 1.20974E-04
0.48 1.2000E+02 1.20237E-04
0.48 1.3000E+02 1.00601E-04
0.48 1.4000E+02 8.81164E-05
0.48 1.5000E+02 8.10412E-05
0.48 1.6000E+02 9.76207E-05
0.48 1.7000E+02 6.95460E-05
0.48 1.8000E+02 6.67761E-05
0.48 1.9000E+02 5.70039E-05
0.48 2.1000E+02 4.94027E-05
0.48 2.3000E+02 4.29071E-05
0.48 2.5000E+02 3.73714E-05
0.48 2.7000E+02 3.23220E-05
0.48 2.9000E+02 2.89557E-05
0.48 3.1000E+02 2.57110E-05
0.48 3.3000E+02 2.40656E-05
0.48 3.5000E+02 2.16216E-05
0.48 3.7000E+02 1.98126E-05
0.48 3.9000E+02 1.80299E-05
0.48 4.3000E+02 1.49034E-05
0.48 4.7000E+02 1.26953E-05
0.48 5.1000E+02 1.11094E-05 


0.49 2.5600E+01 1.48910E-04
0.49 2.6600E+01 2.13692E-04
0.49 2.7600E+01 1.82391E-04
0.49 2.8600E+01 3.18519E-04
0.49 2.9600E+01 2.63740E-04
0.49 3.0600E+01 2.44702E-04
0.49 3.1600E+01 2.20768E-04
0.49 3.2600E+01 2.93415E-04
0.49 3.3600E+01 3.66990E-04
0.49 3.4600E+01 3.48969E-04
0.49 4.0000E+01 3.07994E-04
0.49 4.5000E+01 3.37235E-04
0.49 5.0000E+01 3.06938E-04
0.49 5.5000E+01 2.96953E-04
0.49 6.0000E+01 2.75178E-04
0.49 6.5000E+01 2.31543E-04
0.49 7.0000E+01 2.35843E-04
0.49 7.5000E+01 1.89547E-04
0.49 8.0000E+01 1.95496E-04
0.49 8.5000E+01 1.81352E-04
0.49 1.0000E+02 1.58896E-04
0.49 1.1000E+02 1.27719E-04
0.49 1.2000E+02 1.16638E-04
0.49 1.3000E+02 1.06962E-04
0.49 1.4000E+02 9.36003E-05
0.49 1.5000E+02 8.30604E-05
0.49 1.6000E+02 8.25650E-05
0.49 1.7000E+02 7.00039E-05
0.49 1.8000E+02 6.63001E-05
0.49 1.9000E+02 6.06277E-05
0.49 2.1000E+02 5.16703E-05
0.49 2.3000E+02 4.74195E-05
0.49 2.5000E+02 3.91701E-05
0.49 2.7000E+02 3.44196E-05
0.49 2.9000E+02 3.04505E-05
0.49 3.1000E+02 2.68582E-05
0.49 3.3000E+02 2.41776E-05
0.49 3.5000E+02 2.31157E-05
0.49 3.7000E+02 2.03492E-05
0.49 3.9000E+02 4.06886E-05
0.49 4.3000E+02 1.59508E-05
0.49 4.7000E+02 1.37309E-05
0.49 5.1000E+02 1.14293E-05 


0.50 2.5600E+01 1.82050E-04
0.50 2.6600E+01 2.01571E-04
0.50 2.7600E+01 2.81554E-04
0.50 2.8600E+01 2.45537E-04
0.50 2.9600E+01 3.67724E-04
0.50 3.0600E+01 2.70885E-04
0.50 3.1600E+01 3.84262E-04
0.50 3.2600E+01 3.99209E-04
0.50 3.3600E+01 3.50732E-04
0.50 3.4600E+01 2.55032E-04
0.50 4.0000E+01 3.85140E-04
0.50 4.5000E+01 3.27542E-04
0.50 5.0000E+01 3.42976E-04
0.50 5.5000E+01 3.52729E-04
0.50 6.0000E+01 2.66199E-04
0.50 6.5000E+01 2.55470E-04
0.50 7.0000E+01 2.33892E-04
0.50 7.5000E+01 2.15810E-04
0.50 8.0000E+01 1.94963E-04
0.50 8.5000E+01 1.96091E-04
0.50 1.0000E+02 1.58804E-04
0.50 1.1000E+02 1.41123E-04
0.50 1.2000E+02 1.20104E-04
0.50 1.3000E+02 1.12224E-04
0.50 1.4000E+02 1.00330E-04
0.50 1.5000E+02 9.64661E-05
0.50 1.6000E+02 8.01453E-05
0.50 1.7000E+02 7.87330E-05
0.50 1.8000E+02 7.15200E-05
0.50 1.9000E+02 6.36743E-05
0.50 2.1000E+02 5.40303E-05
0.50 2.3000E+02 5.42336E-05
0.50 2.5000E+02 4.07671E-05
0.50 2.7000E+02 3.64356E-05
0.50 2.9000E+02 3.21951E-05
0.50 3.1000E+02 2.96999E-05
0.50 3.3000E+02 2.55480E-05
0.50 3.5000E+02 2.35132E-05
0.50 3.7000E+02 2.16794E-05
0.50 3.9000E+02 1.98802E-05
0.50 4.3000E+02 1.67402E-05
0.50 4.7000E+02 1.42679E-05
0.50 5.1000E+02 1.22678E-05 


0.51 2.5600E+01 1.41303E-04
0.51 2.6600E+01 1.43239E-04
0.51 2.7600E+01 3.02134E-04
0.51 2.8600E+01 2.32917E-04
0.51 2.9600E+01 3.61654E-04
0.51 3.0600E+01 4.00125E-04
0.51 3.1600E+01 3.50967E-04
0.51 3.2600E+01 4.69891E-04
0.51 3.3600E+01 3.24966E-04
0.51 3.4600E+01 4.44798E-04
0.51 4.0000E+01 3.56351E-04
0.51 4.5000E+01 3.24867E-04
0.51 5.0000E+01 3.38865E-04
0.51 5.5000E+01 2.87418E-04
0.51 6.0000E+01 2.36482E-04
0.51 6.5000E+01 2.78931E-04
0.51 7.0000E+01 2.38261E-04
0.51 7.5000E+01 2.65814E-04
0.51 8.0000E+01 1.98816E-04
0.51 8.5000E+01 1.99620E-04
0.51 1.0000E+02 1.59708E-04
0.51 1.1000E+02 1.49338E-04
0.51 1.2000E+02 1.25157E-04
0.51 1.3000E+02 1.15457E-04
0.51 1.4000E+02 1.05934E-04
0.51 1.5000E+02 9.40395E-05
0.51 1.6000E+02 8.52897E-05
0.51 1.7000E+02 7.61828E-05
0.51 1.8000E+02 7.11891E-05
0.51 1.9000E+02 6.78497E-05
0.51 2.1000E+02 5.68454E-05
0.51 2.3000E+02 4.93520E-05
0.51 2.5000E+02 4.37124E-05
0.51 2.7000E+02 3.83280E-05
0.51 2.9000E+02 3.37834E-05
0.51 3.1000E+02 3.00617E-05
0.51 3.3000E+02 2.72536E-05
0.51 3.5000E+02 2.40983E-05
0.51 3.7000E+02 2.27502E-05
0.51 3.9000E+02 2.07342E-05
0.51 4.3000E+02 1.76055E-05
0.51 4.7000E+02 1.49987E-05
0.51 5.1000E+02 1.29326E-05 


0.52 2.5600E+01 1.80308E-04
0.52 2.6600E+01 2.06071E-04
0.52 2.7600E+01 2.01935E-04
0.52 2.8600E+01 2.93091E-04
0.52 2.9600E+01 3.41966E-04
0.52 3.0600E+01 2.80252E-04
0.52 3.1600E+01 2.84747E-04
0.52 3.2600E+01 3.50758E-04
0.52 3.3600E+01 4.30613E-04
0.52 3.4600E+01 3.57543E-04
0.52 4.0000E+01 3.22302E-04
0.52 4.5000E+01 3.71681E-04
0.52 5.0000E+01 2.31227E-04
0.52 5.5000E+01 3.09396E-04
0.52 6.0000E+01 3.31722E-04
0.52 6.5000E+01 2.84625E-04
0.52 7.0000E+01 2.53342E-04
0.52 7.5000E+01 2.48665E-04
0.52 8.0000E+01 2.13954E-04
0.52 8.5000E+01 1.99131E-04
0.52 1.0000E+02 1.66432E-04
0.52 1.1000E+02 1.80121E-04
0.52 1.2000E+02 1.33466E-04
0.52 1.3000E+02 1.18849E-04
0.52 1.4000E+02 1.10839E-04
0.52 1.5000E+02 9.97029E-05
0.52 1.6000E+02 8.90842E-05
0.52 1.7000E+02 8.06594E-05
0.52 1.8000E+02 7.91456E-05
0.52 1.9000E+02 7.20855E-05
0.52 2.1000E+02 5.95932E-05
0.52 2.3000E+02 5.09624E-05
0.52 2.5000E+02 4.49055E-05
0.52 2.7000E+02 4.10182E-05
0.52 2.9000E+02 3.56521E-05
0.52 3.1000E+02 3.16756E-05
0.52 3.3000E+02 2.83261E-05
0.52 3.5000E+02 2.54880E-05
0.52 3.7000E+02 2.28024E-05
0.52 3.9000E+02 2.17147E-05
0.52 4.3000E+02 1.84142E-05
0.52 4.7000E+02 1.57806E-05
0.52 5.1000E+02 1.35697E-05 


0.53 2.5600E+01 1.73667E-04
0.53 2.6600E+01 1.75409E-04
0.53 2.7600E+01 3.80382E-04
0.53 2.8600E+01 2.71609E-04
0.53 2.9600E+01 4.19142E-04
0.53 3.0600E+01 3.84418E-04
0.53 3.1600E+01 3.34882E-04
0.53 3.2600E+01 4.52701E-04
0.53 3.3600E+01 5.13262E-04
0.53 3.4600E+01 3.49391E-04
0.53 4.0000E+01 3.59575E-04
0.53 4.5000E+01 3.93910E-04
0.53 5.0000E+01 3.91973E-04
0.53 5.5000E+01 3.49468E-04
0.53 6.0000E+01 3.39664E-04
0.53 6.5000E+01 2.70641E-04
0.53 7.0000E+01 2.78816E-04
0.53 7.5000E+01 2.43185E-04
0.53 8.0000E+01 2.75646E-04
0.53 8.5000E+01 2.02971E-04
0.53 1.0000E+02 1.78458E-04
0.53 1.1000E+02 1.59070E-04
0.53 1.2000E+02 1.43466E-04
0.53 1.3000E+02 1.22826E-04
0.53 1.4000E+02 1.14065E-04
0.53 1.5000E+02 1.04725E-04
0.53 1.6000E+02 9.42731E-05
0.53 1.7000E+02 8.52703E-05
0.53 1.8000E+02 7.72471E-05
0.53 1.9000E+02 7.63977E-05
0.53 2.1000E+02 6.31822E-05
0.53 2.3000E+02 5.32259E-05
0.53 2.5000E+02 4.67158E-05
0.53 2.7000E+02 4.29425E-05
0.53 2.9000E+02 3.74170E-05
0.53 3.1000E+02 3.33240E-05
0.53 3.3000E+02 2.97733E-05
0.53 3.5000E+02 2.67941E-05
0.53 3.7000E+02 2.39266E-05
0.53 3.9000E+02 2.20057E-05
0.53 4.3000E+02 1.92301E-05
0.53 4.7000E+02 1.65417E-05
0.53 5.1000E+02 1.41932E-05 


0.54 2.5600E+01 1.81623E-04
0.54 2.6600E+01 1.78199E-04
0.54 2.7600E+01 2.48840E-04
0.54 2.8600E+01 2.89085E-04
0.54 2.9600E+01 2.98573E-04
0.54 3.0600E+01 4.75014E-04
0.54 3.1600E+01 4.49091E-04
0.54 3.2600E+01 3.74920E-04
0.54 3.3600E+01 2.69044E-04
0.54 3.4600E+01 4.51581E-04
0.54 4.0000E+01 5.88568E-04
0.54 4.5000E+01 3.48233E-04
0.54 5.0000E+01 4.00851E-04
0.54 5.5000E+01 3.81126E-04
0.54 6.0000E+01 3.18323E-04
0.54 6.5000E+01 2.54717E-04
0.54 7.0000E+01 2.96440E-04
0.54 7.5000E+01 2.54709E-04
0.54 8.0000E+01 2.54279E-04
0.54 8.5000E+01 2.21810E-04
0.54 1.0000E+02 1.91213E-04
0.54 1.1000E+02 1.61380E-04
0.54 1.2000E+02 1.57534E-04
0.54 1.3000E+02 1.29841E-04
0.54 1.4000E+02 1.17210E-04
0.54 1.5000E+02 1.09180E-04
0.54 1.6000E+02 9.42099E-05
0.54 1.7000E+02 8.97052E-05
0.54 1.8000E+02 8.11126E-05
0.54 1.9000E+02 7.53263E-05
0.54 2.1000E+02 6.66209E-05
0.54 2.3000E+02 5.62099E-05
0.54 2.5000E+02 4.90772E-05
0.54 2.7000E+02 4.36648E-05
0.54 2.9000E+02 3.90669E-05
0.54 3.1000E+02 3.49896E-05
0.54 3.3000E+02 3.12883E-05
0.54 3.5000E+02 2.82325E-05
0.54 3.7000E+02 2.54726E-05
0.54 3.9000E+02 2.30948E-05
0.54 4.3000E+02 2.00554E-05
0.54 4.7000E+02 1.71873E-05
0.54 5.1000E+02 1.48403E-05 


0.55 2.5600E+01 1.80933E-04
0.55 2.6600E+01 3.13023E-04
0.55 2.7600E+01 2.85808E-04
0.55 2.8600E+01 4.09954E-04
0.55 2.9600E+01 3.00557E-04
0.55 3.0600E+01 3.19134E-04
0.55 3.1600E+01 3.47688E-04
0.55 3.2600E+01 3.30730E-04
0.55 3.3600E+01 4.97492E-04
0.55 3.4600E+01 5.67980E-04
0.55 4.0000E+01 3.86503E-04
0.55 4.5000E+01 3.64082E-04
0.55 5.0000E+01 3.66560E-04
0.55 5.5000E+01 3.69570E-04
0.55 6.0000E+01 3.32098E-04
0.55 6.5000E+01 3.54574E-04
0.55 7.0000E+01 2.92753E-04
0.55 7.5000E+01 2.76935E-04
0.55 8.0000E+01 2.47567E-04
0.55 8.5000E+01 2.75830E-04
0.55 1.0000E+02 2.00469E-04
0.55 1.1000E+02 1.69407E-04
0.55 1.2000E+02 1.62440E-04
0.55 1.3000E+02 1.39162E-04
0.55 1.4000E+02 1.21203E-04
0.55 1.5000E+02 1.12721E-04
0.55 1.6000E+02 1.04080E-04
0.55 1.7000E+02 9.35830E-05
0.55 1.8000E+02 8.60769E-05
0.55 1.9000E+02 7.55983E-05
0.55 2.1000E+02 7.03880E-05
0.55 2.3000E+02 5.95337E-05
0.55 2.5000E+02 5.11884E-05
0.55 2.7000E+02 4.53711E-05
0.55 2.9000E+02 4.07779E-05
0.55 3.1000E+02 3.65810E-05
0.55 3.3000E+02 3.27478E-05
0.55 3.5000E+02 2.95470E-05
0.55 3.7000E+02 2.66829E-05
0.55 3.9000E+02 2.42250E-05
0.55 4.3000E+02 2.02925E-05
0.55 4.7000E+02 1.79561E-05
0.55 5.1000E+02 1.55834E-05 


0.56 2.5600E+01 1.67470E-04
0.56 2.6600E+01 2.12268E-04
0.56 2.7600E+01 3.41560E-04
0.56 2.8600E+01 3.94357E-04
0.56 2.9600E+01 3.63883E-04
0.56 3.0600E+01 4.68538E-04
0.56 3.1600E+01 4.55497E-04
0.56 3.2600E+01 4.61468E-04
0.56 3.3600E+01 4.64646E-04
0.56 3.4600E+01 2.84521E-04
0.56 4.0000E+01 4.20740E-04
0.56 4.5000E+01 4.73822E-04
0.56 5.0000E+01 3.81874E-04
0.56 5.5000E+01 2.71909E-04
0.56 6.0000E+01 3.60431E-04
0.56 6.5000E+01 3.58020E-04
0.56 7.0000E+01 2.79467E-04
0.56 7.5000E+01 2.98888E-04
0.56 8.0000E+01 2.57453E-04
0.56 8.5000E+01 2.59637E-04
0.56 1.0000E+02 2.04450E-04
0.56 1.1000E+02 1.80279E-04
0.56 1.2000E+02 1.57703E-04
0.56 1.3000E+02 1.50577E-04
0.56 1.4000E+02 1.27382E-04
0.56 1.5000E+02 1.15730E-04
0.56 1.6000E+02 1.08229E-04
0.56 1.7000E+02 9.94939E-05
0.56 1.8000E+02 9.93384E-05
0.56 1.9000E+02 8.16479E-05
0.56 2.1000E+02 7.45386E-05
0.56 2.3000E+02 6.27164E-05
0.56 2.5000E+02 5.39579E-05
0.56 2.7000E+02 4.71645E-05
0.56 2.9000E+02 4.22474E-05
0.56 3.1000E+02 3.79857E-05
0.56 3.3000E+02 3.43194E-05
0.56 3.5000E+02 3.08698E-05
0.56 3.7000E+02 2.80122E-05
0.56 3.9000E+02 2.54634E-05
0.56 4.3000E+02 2.12292E-05
0.56 4.7000E+02 1.87709E-05
0.56 5.1000E+02 1.61950E-05 


0.57 2.5600E+01 1.68473E-04
0.57 2.6600E+01 2.52674E-04
0.57 2.7600E+01 2.04062E-04
0.57 2.8600E+01 3.16567E-04
0.57 2.9600E+01 4.13295E-04
0.57 3.0600E+01 4.57151E-04
0.57 3.1600E+01 5.54255E-04
0.57 3.2600E+01 4.72033E-04
0.57 3.3600E+01 3.71967E-04
0.57 3.4600E+01 4.96950E-04
0.57 4.0000E+01 5.33461E-04
0.57 4.5000E+01 4.58524E-04
0.57 5.0000E+01 4.38108E-04
0.57 5.5000E+01 4.05713E-04
0.57 6.0000E+01 3.94731E-04
0.57 6.5000E+01 3.35001E-04
0.57 7.0000E+01 2.75039E-04
0.57 7.5000E+01 3.05474E-04
0.57 8.0000E+01 2.77253E-04
0.57 8.5000E+01 2.52037E-04
0.57 1.0000E+02 2.05055E-04
0.57 1.1000E+02 1.91895E-04
0.57 1.2000E+02 1.63582E-04
0.57 1.3000E+02 1.66317E-04
0.57 1.4000E+02 1.35568E-04
0.57 1.5000E+02 1.19471E-04
0.57 1.6000E+02 1.11707E-04
0.57 1.7000E+02 1.03497E-04
0.57 1.8000E+02 9.46496E-05
0.57 1.9000E+02 8.55767E-05
0.57 2.1000E+02 7.30801E-05
0.57 2.3000E+02 6.59000E-05
0.57 2.5000E+02 5.63934E-05
0.57 2.7000E+02 4.59226E-05
0.57 2.9000E+02 4.38190E-05
0.57 3.1000E+02 3.92482E-05
0.57 3.3000E+02 3.54263E-05
0.57 3.5000E+02 3.22040E-05
0.57 3.7000E+02 2.94041E-05
0.57 3.9000E+02 2.66851E-05
0.57 4.3000E+02 2.23133E-05
0.57 4.7000E+02 1.95234E-05
0.57 5.1000E+02 1.69247E-05 


0.58 2.5600E+01 1.63849E-04
0.58 2.6600E+01 3.14786E-04
0.58 2.7600E+01 3.11612E-04
0.58 2.8600E+01 5.26578E-04
0.58 2.9600E+01 3.35226E-04
0.58 3.0600E+01 3.41484E-04
0.58 3.1600E+01 4.50772E-04
0.58 3.2600E+01 3.87307E-04
0.58 3.3600E+01 4.01714E-04
0.58 3.4600E+01 5.52244E-04
0.58 4.0000E+01 5.22508E-04
0.58 4.5000E+01 4.10661E-04
0.58 5.0000E+01 5.09762E-04
0.58 5.5000E+01 4.43347E-04
0.58 6.0000E+01 4.13907E-04
0.58 6.5000E+01 3.42295E-04
0.58 7.0000E+01 3.76187E-04
0.58 7.5000E+01 2.97734E-04
0.58 8.0000E+01 2.99416E-04
0.58 8.5000E+01 2.60475E-04
0.58 1.0000E+02 2.08007E-04
0.58 1.1000E+02 2.00397E-04
0.58 1.2000E+02 1.72080E-04
0.58 1.3000E+02 1.56095E-04
0.58 1.4000E+02 1.45001E-04
0.58 1.5000E+02 1.25235E-04
0.58 1.6000E+02 1.14168E-04
0.58 1.7000E+02 1.06958E-04
0.58 1.8000E+02 9.91468E-05
0.58 1.9000E+02 9.05271E-05
0.58 2.1000E+02 7.54905E-05
0.58 2.3000E+02 6.91620E-05
0.58 2.5000E+02 5.93268E-05
0.58 2.7000E+02 5.11820E-05
0.58 2.9000E+02 4.53830E-05
0.58 3.1000E+02 4.08935E-05
0.58 3.3000E+02 3.69974E-05
0.58 3.5000E+02 3.36119E-05
0.58 3.7000E+02 3.05469E-05
0.58 3.9000E+02 2.78734E-05
0.58 4.3000E+02 2.33463E-05
0.58 4.7000E+02 1.97680E-05
0.58 5.1000E+02 1.75089E-05 


0.59 2.5600E+01 1.54241E-04
0.59 2.6600E+01 3.20149E-04
0.59 2.7600E+01 3.26371E-04
0.59 2.8600E+01 3.82573E-04
0.59 2.9600E+01 4.86352E-04
0.59 3.0600E+01 3.87018E-04
0.59 3.1600E+01 4.22410E-04
0.59 3.2600E+01 5.38163E-04
0.59 3.3600E+01 6.95537E-04
0.59 3.4600E+01 4.35402E-04
0.59 4.0000E+01 4.23503E-04
0.59 4.5000E+01 4.32261E-04
0.59 5.0000E+01 4.90423E-04
0.59 5.5000E+01 4.11105E-04
0.59 6.0000E+01 3.94642E-04
0.59 6.5000E+01 3.70730E-04
0.59 7.0000E+01 3.69087E-04
0.59 7.5000E+01 2.84537E-04
0.59 8.0000E+01 3.11431E-04
0.59 8.5000E+01 2.78438E-04
0.59 1.0000E+02 2.18578E-04
0.59 1.1000E+02 2.04130E-04
0.59 1.2000E+02 1.82393E-04
0.59 1.3000E+02 1.58696E-04
0.59 1.4000E+02 1.60236E-04
0.59 1.5000E+02 1.32821E-04
0.59 1.6000E+02 1.17153E-04
0.59 1.7000E+02 1.09671E-04
0.59 1.8000E+02 1.02396E-04
0.59 1.9000E+02 9.56590E-05
0.59 2.1000E+02 7.82267E-05
0.59 2.3000E+02 6.96605E-05
0.59 2.5000E+02 6.20834E-05
0.59 2.7000E+02 5.37498E-05
0.59 2.9000E+02 4.72559E-05
0.59 3.1000E+02 4.25354E-05
0.59 3.3000E+02 3.83593E-05
0.59 3.5000E+02 3.49296E-05
0.59 3.7000E+02 3.17363E-05
0.59 3.9000E+02 2.91662E-05
0.59 4.3000E+02 2.43326E-05
0.59 4.7000E+02 2.06913E-05
0.59 5.1000E+02 1.82580E-05 


0.60 2.5600E+01 1.39138E-04
0.60 2.6600E+01 2.91994E-04
0.60 2.7600E+01 2.46853E-04
0.60 2.8600E+01 3.43766E-04
0.60 2.9600E+01 5.26826E-04
0.60 3.0600E+01 4.80883E-04
0.60 3.1600E+01 5.86256E-04
0.60 3.2600E+01 6.29231E-04
0.60 3.3600E+01 4.54906E-04
0.60 3.4600E+01 4.17774E-04
0.60 4.0000E+01 4.26748E-04
0.60 4.5000E+01 5.58049E-04
0.60 5.0000E+01 3.91763E-04
0.60 5.5000E+01 4.11655E-04
0.60 6.0000E+01 3.25865E-04
0.60 6.5000E+01 4.07290E-04
0.60 7.0000E+01 3.49225E-04
0.60 7.5000E+01 3.06326E-04
0.60 8.0000E+01 3.07498E-04
0.60 8.5000E+01 3.00012E-04
0.60 1.0000E+02 2.48131E-04
0.60 1.1000E+02 2.05571E-04
0.60 1.2000E+02 1.92252E-04
0.60 1.3000E+02 1.65126E-04
0.60 1.4000E+02 1.55289E-04
0.60 1.5000E+02 1.41343E-04
0.60 1.6000E+02 1.23424E-04
0.60 1.7000E+02 1.12445E-04
0.60 1.8000E+02 1.05462E-04
0.60 1.9000E+02 9.83946E-05
0.60 2.1000E+02 8.30649E-05
0.60 2.3000E+02 7.05355E-05
0.60 2.5000E+02 6.49268E-05
0.60 2.7000E+02 5.64157E-05
0.60 2.9000E+02 4.93080E-05
0.60 3.1000E+02 4.40237E-05
0.60 3.3000E+02 4.00067E-05
0.60 3.5000E+02 3.61715E-05
0.60 3.7000E+02 3.28017E-05
0.60 3.9000E+02 3.01677E-05
0.60 4.3000E+02 2.53952E-05
0.60 4.7000E+02 2.15593E-05
0.60 5.1000E+02 1.85685E-05 


0.61 2.5600E+01 1.07783E-04
0.61 2.6600E+01 3.13812E-04
0.61 2.7600E+01 3.03704E-04
0.61 2.8600E+01 4.55933E-04
0.61 2.9600E+01 4.51739E-04
0.61 3.0600E+01 4.52237E-04
0.61 3.1600E+01 4.23731E-04
0.61 3.2600E+01 5.23824E-04
0.61 3.3600E+01 4.75150E-04
0.61 3.4600E+01 5.64851E-04
0.61 4.0000E+01 6.57452E-04
0.61 4.5000E+01 6.04159E-04
0.61 5.0000E+01 5.14645E-04
0.61 5.5000E+01 4.54356E-04
0.61 6.0000E+01 4.65825E-04
0.61 6.5000E+01 4.31353E-04
0.61 7.0000E+01 3.57540E-04
0.61 7.5000E+01 3.90773E-04
0.61 8.0000E+01 2.98045E-04
0.61 8.5000E+01 3.13581E-04
0.61 1.0000E+02 2.74960E-04
0.61 1.1000E+02 2.08203E-04
0.61 1.2000E+02 1.99416E-04
0.61 1.3000E+02 1.74549E-04
0.61 1.4000E+02 1.54246E-04
0.61 1.5000E+02 1.53693E-04
0.61 1.6000E+02 1.30551E-04
0.61 1.7000E+02 1.16320E-04
0.61 1.8000E+02 1.08327E-04
0.61 1.9000E+02 1.01647E-04
0.61 2.1000E+02 8.63957E-05
0.61 2.3000E+02 7.37233E-05
0.61 2.5000E+02 6.81581E-05
0.61 2.7000E+02 5.89903E-05
0.61 2.9000E+02 5.16005E-05
0.61 3.1000E+02 4.44822E-05
0.61 3.3000E+02 4.10112E-05
0.61 3.5000E+02 3.73955E-05
0.61 3.7000E+02 3.42404E-05
0.61 3.9000E+02 3.14218E-05
0.61 4.3000E+02 2.64799E-05
0.61 4.7000E+02 2.24358E-05
0.61 5.1000E+02 1.92294E-05 


0.62 2.5600E+01 1.25927E-04
0.62 2.6600E+01 3.38375E-04
0.62 2.7600E+01 4.84350E-04
0.62 2.8600E+01 3.78275E-04
0.62 2.9600E+01 4.23522E-04
0.62 3.0600E+01 4.38224E-04
0.62 3.1600E+01 4.21922E-04
0.62 3.2600E+01 4.32455E-04
0.62 3.3600E+01 6.53035E-04
0.62 3.4600E+01 6.27543E-04
0.62 4.0000E+01 5.30133E-04
0.62 4.5000E+01 4.70457E-04
0.62 5.0000E+01 5.48400E-04
0.62 5.5000E+01 5.19537E-04
0.62 6.0000E+01 4.90231E-04
0.62 6.5000E+01 4.24191E-04
0.62 7.0000E+01 3.85132E-04
0.62 7.5000E+01 3.73299E-04
0.62 8.0000E+01 2.90011E-04
0.62 8.5000E+01 3.14644E-04
0.62 1.0000E+02 2.59862E-04
0.62 1.1000E+02 2.17119E-04
0.62 1.2000E+02 2.03223E-04
0.62 1.3000E+02 1.84198E-04
0.62 1.4000E+02 1.60543E-04
0.62 1.5000E+02 1.54460E-04
0.62 1.6000E+02 1.39298E-04
0.62 1.7000E+02 1.21736E-04
0.62 1.8000E+02 1.11374E-04
0.62 1.9000E+02 1.04365E-04
0.62 2.1000E+02 9.05050E-05
0.62 2.3000E+02 7.70144E-05
0.62 2.5000E+02 6.65597E-05
0.62 2.7000E+02 6.15822E-05
0.62 2.9000E+02 5.39561E-05
0.62 3.1000E+02 4.75933E-05
0.62 3.3000E+02 4.25964E-05
0.62 3.5000E+02 3.87352E-05
0.62 3.7000E+02 3.53799E-05
0.62 3.9000E+02 3.24477E-05
0.62 4.3000E+02 2.74333E-05
0.62 4.7000E+02 2.32074E-05
0.62 5.1000E+02 2.01370E-05 


0.63 2.5600E+01 1.15169E-04
0.63 2.6600E+01 3.31843E-04
0.63 2.7600E+01 3.20534E-04
0.63 2.8600E+01 2.93512E-04
0.63 2.9600E+01 6.19773E-04
0.63 3.0600E+01 5.90799E-04
0.63 3.1600E+01 5.09244E-04
0.63 3.2600E+01 6.85627E-04
0.63 3.3600E+01 6.87936E-04
0.63 3.4600E+01 4.78102E-04
0.63 4.0000E+01 5.19060E-04
0.63 4.5000E+01 5.37504E-04
0.63 5.0000E+01 4.97951E-04
0.63 5.5000E+01 5.88195E-04
0.63 6.0000E+01 4.54717E-04
0.63 6.5000E+01 3.50583E-04
0.63 7.0000E+01 4.22285E-04
0.63 7.5000E+01 3.59575E-04
0.63 8.0000E+01 3.82210E-04
0.63 8.5000E+01 3.06617E-04
0.63 1.0000E+02 2.58715E-04
0.63 1.1000E+02 2.34379E-04
0.63 1.2000E+02 2.04878E-04
0.63 1.3000E+02 1.92604E-04
0.63 1.4000E+02 1.68432E-04
0.63 1.5000E+02 1.51196E-04
0.63 1.6000E+02 1.49230E-04
0.63 1.7000E+02 1.28636E-04
0.63 1.8000E+02 1.14857E-04
0.63 1.9000E+02 1.06943E-04
0.63 2.1000E+02 9.40451E-05
0.63 2.3000E+02 8.04554E-05
0.63 2.5000E+02 6.90544E-05
0.63 2.7000E+02 6.44572E-05
0.63 2.9000E+02 5.64823E-05
0.63 3.1000E+02 4.97033E-05
0.63 3.3000E+02 4.42642E-05
0.63 3.5000E+02 3.99956E-05
0.63 3.7000E+02 3.66478E-05
0.63 3.9000E+02 3.35817E-05
0.63 4.3000E+02 2.84376E-05
0.63 4.7000E+02 2.43041E-05
0.63 5.1000E+02 2.08342E-05 


0.64 2.5600E+01 1.03621E-04
0.64 2.6600E+01 3.39795E-04
0.64 2.7600E+01 3.77746E-04
0.64 2.8600E+01 4.77021E-04
0.64 2.9600E+01 4.24814E-04
0.64 3.0600E+01 6.32478E-04
0.64 3.1600E+01 6.28877E-04
0.64 3.2600E+01 5.03738E-04
0.64 3.3600E+01 5.35954E-04
0.64 3.4600E+01 6.11616E-04
0.64 4.0000E+01 6.29393E-04
0.64 4.5000E+01 6.48969E-04
0.64 5.0000E+01 4.72673E-04
0.64 5.5000E+01 4.26109E-04
0.64 6.0000E+01 4.46834E-04
0.64 6.5000E+01 4.37159E-04
0.64 7.0000E+01 4.47305E-04
0.64 7.5000E+01 3.71676E-04
0.64 8.0000E+01 3.94498E-04
0.64 8.5000E+01 2.97899E-04
0.64 1.0000E+02 2.69862E-04
0.64 1.1000E+02 2.76614E-04
0.64 1.2000E+02 2.07329E-04
0.64 1.3000E+02 1.98152E-04
0.64 1.4000E+02 1.77091E-04
0.64 1.5000E+02 1.55842E-04
0.64 1.6000E+02 1.52266E-04
0.64 1.7000E+02 1.36133E-04
0.64 1.8000E+02 1.20362E-04
0.64 1.9000E+02 1.10047E-04
0.64 2.1000E+02 9.69307E-05
0.64 2.3000E+02 8.38188E-05
0.64 2.5000E+02 7.20705E-05
0.64 2.7000E+02 6.41319E-05
0.64 2.9000E+02 5.87166E-05
0.64 3.1000E+02 5.19263E-05
0.64 3.3000E+02 4.60890E-05
0.64 3.5000E+02 4.14688E-05
0.64 3.7000E+02 3.77386E-05
0.64 3.9000E+02 3.46239E-05
0.64 4.3000E+02 2.94405E-05
0.64 4.7000E+02 2.52110E-05
0.64 5.1000E+02 2.17062E-05 


0.65 2.5600E+01 9.30353E-05
0.65 2.6600E+01 3.35013E-04
0.65 2.7600E+01 4.73911E-04
0.65 2.8600E+01 4.07789E-04
0.65 2.9600E+01 4.73956E-04
0.65 3.0600E+01 5.55821E-04
0.65 3.1600E+01 4.69117E-04
0.65 3.2600E+01 4.67237E-04
0.65 3.3600E+01 5.57881E-04
0.65 3.4600E+01 7.60349E-04
0.65 4.0000E+01 7.58635E-04
0.65 4.5000E+01 6.50680E-04
0.65 5.0000E+01 5.25005E-04
0.65 5.5000E+01 4.63165E-04
0.65 6.0000E+01 4.87078E-04
0.65 6.5000E+01 5.07450E-04
0.65 7.0000E+01 4.41836E-04
0.65 7.5000E+01 4.00679E-04
0.65 8.0000E+01 3.72712E-04
0.65 8.5000E+01 3.27139E-04
0.65 1.0000E+02 2.86159E-04
0.65 1.1000E+02 2.64686E-04
0.65 1.2000E+02 2.15607E-04
0.65 1.3000E+02 2.01103E-04
0.65 1.4000E+02 1.85437E-04
0.65 1.5000E+02 1.62907E-04
0.65 1.6000E+02 1.48130E-04
0.65 1.7000E+02 1.45058E-04
0.65 1.8000E+02 1.26946E-04
0.65 1.9000E+02 1.13901E-04
0.65 2.1000E+02 9.94464E-05
0.65 2.3000E+02 8.71627E-05
0.65 2.5000E+02 7.52015E-05
0.65 2.7000E+02 6.52738E-05
0.65 2.9000E+02 6.11094E-05
0.65 3.1000E+02 5.41944E-05
0.65 3.3000E+02 4.81053E-05
0.65 3.5000E+02 4.30736E-05
0.65 3.7000E+02 3.90560E-05
0.65 3.9000E+02 3.62552E-05
0.65 4.3000E+02 3.04424E-05
0.65 4.7000E+02 2.61033E-05
0.65 5.1000E+02 2.25501E-05 


