0.40 2.5600E+01 7.87375E-05
0.40 2.6600E+01 5.97255E-04
0.40 2.7600E+01 1.04342E-03
0.40 2.8600E+01 8.59507E-04
0.40 2.9600E+01 8.95607E-04
0.40 3.0600E+01 1.46832E-03
0.40 3.1600E+01 1.09328E-03
0.40 3.2600E+01 8.60969E-04
0.40 3.3600E+01 1.03706E-03
0.40 3.4600E+01 1.33070E-03
0.40 4.0000E+01 8.24139E-04
0.40 4.5000E+01 5.84747E-04
0.40 5.0000E+01 5.66120E-04
0.40 5.5000E+01 4.49874E-04
0.40 6.0000E+01 3.50135E-04
0.40 6.5000E+01 2.12172E-04
0.40 7.0000E+01 2.81019E-04
0.40 7.5000E+01 2.01287E-04
0.40 8.0000E+01 2.23557E-04
0.40 8.5000E+01 2.15208E-04
0.40 1.0000E+02 5.39385E-05
0.40 1.1000E+02 1.14041E-04
0.40 1.2000E+02 6.08016E-05
0.40 1.3000E+02 3.66073E-05
0.40 1.4000E+02 3.83485E-05
0.40 1.5000E+02 3.12746E-05
0.40 1.6000E+02 4.10823E-05
0.40 1.7000E+02 2.24735E-05
0.40 1.8000E+02 1.72238E-05
0.40 1.9000E+02 1.41877E-05
0.40 2.1000E+02 9.89834E-06
0.40 2.3000E+02 1.03513E-05
0.40 2.5000E+02 7.61161E-06
0.40 2.7000E+02 5.54790E-06
0.40 2.9000E+02 4.18944E-06
0.40 3.1000E+02 3.06824E-06
0.40 3.3000E+02 2.55316E-06
0.40 3.5000E+02 2.03283E-06
0.40 3.7000E+02 1.87070E-06
0.40 3.9000E+02 1.44912E-06
0.40 4.3000E+02 1.06503E-06
0.40 4.7000E+02 8.98165E-07
0.40 5.1000E+02 6.03942E-07 


0.41 2.5600E+01 2.58515E-05
0.41 2.6600E+01 3.50565E-04
0.41 2.7600E+01 1.08805E-03
0.41 2.8600E+01 8.41618E-04
0.41 2.9600E+01 1.14010E-03
0.41 3.0600E+01 1.21174E-03
0.41 3.1600E+01 1.27337E-03
0.41 3.2600E+01 9.08375E-04
0.41 3.3600E+01 9.22210E-04
0.41 3.4600E+01 9.03626E-04
0.41 4.0000E+01 1.04314E-03
0.41 4.5000E+01 6.92759E-04
0.41 5.0000E+01 5.22051E-04
0.41 5.5000E+01 5.45204E-04
0.41 6.0000E+01 5.54691E-04
0.41 6.5000E+01 2.30065E-04
0.41 7.0000E+01 3.03639E-04
0.41 7.5000E+01 3.57371E-04
0.41 8.0000E+01 1.99226E-04
0.41 8.5000E+01 2.32361E-04
0.41 1.0000E+02 8.81406E-05
0.41 1.1000E+02 5.98766E-05
0.41 1.2000E+02 6.38436E-05
0.41 1.3000E+02 5.00442E-05
0.41 1.4000E+02 3.10402E-05
0.41 1.5000E+02 2.93621E-05
0.41 1.6000E+02 2.64959E-05
0.41 1.7000E+02 2.24027E-05
0.41 1.8000E+02 1.96030E-05
0.41 1.9000E+02 1.14731E-05
0.41 2.1000E+02 1.17735E-05
0.41 2.3000E+02 1.18321E-05
0.41 2.5000E+02 7.91237E-06
0.41 2.7000E+02 5.51939E-06
0.41 2.9000E+02 4.48325E-06
0.41 3.1000E+02 3.49934E-06
0.41 3.3000E+02 2.71746E-06
0.41 3.5000E+02 2.06830E-06
0.41 3.7000E+02 1.64609E-06
0.41 3.9000E+02 1.51084E-06
0.41 4.3000E+02 1.13548E-06
0.41 4.7000E+02 8.44014E-07
0.41 5.1000E+02 6.32796E-07 


0.42 2.5600E+01 2.96505E-05
0.42 2.6600E+01 3.42434E-04
0.42 2.7600E+01 9.79538E-04
0.42 2.8600E+01 1.17553E-03
0.42 2.9600E+01 8.42514E-04
0.42 3.0600E+01 1.63981E-03
0.42 3.1600E+01 1.70787E-03
0.42 3.2600E+01 9.06260E-04
0.42 3.3600E+01 8.82691E-04
0.42 3.4600E+01 1.41356E-03
0.42 4.0000E+01 6.29202E-04
0.42 4.5000E+01 9.59518E-04
0.42 5.0000E+01 4.90130E-04
0.42 5.5000E+01 8.09874E-04
0.42 6.0000E+01 3.44870E-04
0.42 6.5000E+01 2.92241E-04
0.42 7.0000E+01 2.80159E-04
0.42 7.5000E+01 2.48561E-04
0.42 8.0000E+01 2.11578E-04
0.42 8.5000E+01 2.04326E-04
0.42 1.0000E+02 1.26825E-04
0.42 1.1000E+02 5.97447E-05
0.42 1.2000E+02 1.04668E-04
0.42 1.3000E+02 5.15772E-05
0.42 1.4000E+02 3.76705E-05
0.42 1.5000E+02 3.15429E-05
0.42 1.6000E+02 2.62325E-05
0.42 1.7000E+02 2.30597E-05
0.42 1.8000E+02 2.06735E-05
0.42 1.9000E+02 1.75068E-05
0.42 2.1000E+02 1.20178E-05
0.42 2.3000E+02 6.13262E-06
0.42 2.5000E+02 9.51841E-06
0.42 2.7000E+02 7.00181E-06
0.42 2.9000E+02 5.16704E-06
0.42 3.1000E+02 3.90038E-06
0.42 3.3000E+02 2.99538E-06
0.42 3.5000E+02 2.35045E-06
0.42 3.7000E+02 1.88907E-06
0.42 3.9000E+02 1.79222E-06
0.42 4.3000E+02 1.16955E-06
0.42 4.7000E+02 8.84368E-07
0.42 5.1000E+02 6.76422E-07 


0.43 2.5600E+01 2.80373E-05
0.43 2.6600E+01 3.28173E-04
0.43 2.7600E+01 1.02031E-03
0.43 2.8600E+01 1.16445E-03
0.43 2.9600E+01 1.19016E-03
0.43 3.0600E+01 1.20951E-03
0.43 3.1600E+01 1.54576E-03
0.43 3.2600E+01 1.34510E-03
0.43 3.3600E+01 1.24320E-03
0.43 3.4600E+01 1.29742E-03
0.43 4.0000E+01 1.14387E-03
0.43 4.5000E+01 9.68426E-04
0.43 5.0000E+01 5.68306E-04
0.43 5.5000E+01 5.75756E-04
0.43 6.0000E+01 5.12439E-04
0.43 6.5000E+01 2.59550E-04
0.43 7.0000E+01 3.01140E-04
0.43 7.5000E+01 2.54153E-04
0.43 8.0000E+01 2.97934E-04
0.43 8.5000E+01 1.99506E-04
0.43 1.0000E+02 1.49647E-04
0.43 1.1000E+02 8.09781E-05
0.43 1.2000E+02 6.24465E-05
0.43 1.3000E+02 7.00866E-05
0.43 1.4000E+02 4.64498E-05
0.43 1.5000E+02 3.50667E-05
0.43 1.6000E+02 2.65099E-05
0.43 1.7000E+02 2.31454E-05
0.43 1.8000E+02 2.16502E-05
0.43 1.9000E+02 1.85023E-05
0.43 2.1000E+02 1.29982E-05
0.43 2.3000E+02 8.29920E-06
0.43 2.5000E+02 6.93110E-06
0.43 2.7000E+02 7.05974E-06
0.43 2.9000E+02 5.57627E-06
0.43 3.1000E+02 4.30813E-06
0.43 3.3000E+02 3.41066E-06
0.43 3.5000E+02 2.60761E-06
0.43 3.7000E+02 2.06183E-06
0.43 3.9000E+02 1.66614E-06
0.43 4.3000E+02 1.25647E-06
0.43 4.7000E+02 9.26565E-07
0.43 5.1000E+02 7.42882E-07 


0.44 2.5600E+01 2.33616E-05
0.44 2.6600E+01 2.40657E-04
0.44 2.7600E+01 8.61513E-04
0.44 2.8600E+01 1.44122E-03
0.44 2.9600E+01 8.99763E-04
0.44 3.0600E+01 1.05000E-03
0.44 3.1600E+01 1.69645E-03
0.44 3.2600E+01 1.70323E-03
0.44 3.3600E+01 1.17459E-03
0.44 3.4600E+01 9.50131E-04
0.44 4.0000E+01 9.71420E-04
0.44 4.5000E+01 9.36301E-04
0.44 5.0000E+01 4.74764E-04
0.44 5.5000E+01 6.74755E-04
0.44 6.0000E+01 7.55316E-04
0.44 6.5000E+01 3.06996E-04
0.44 7.0000E+01 3.12817E-04
0.44 7.5000E+01 2.61393E-04
0.44 8.0000E+01 2.57856E-04
0.44 8.5000E+01 2.36618E-04
0.44 1.0000E+02 1.18552E-04
0.44 1.1000E+02 9.92164E-05
0.44 1.2000E+02 6.56449E-05
0.44 1.3000E+02 6.69589E-05
0.44 1.4000E+02 5.70524E-05
0.44 1.5000E+02 3.90443E-05
0.44 1.6000E+02 2.89309E-05
0.44 1.7000E+02 2.31510E-05
0.44 1.8000E+02 2.10001E-05
0.44 1.9000E+02 1.87321E-05
0.44 2.1000E+02 1.42828E-05
0.44 2.3000E+02 1.01764E-05
0.44 2.5000E+02 6.65234E-06
0.44 2.7000E+02 7.29546E-06
0.44 2.9000E+02 5.96605E-06
0.44 3.1000E+02 4.17449E-06
0.44 3.3000E+02 3.70341E-06
0.44 3.5000E+02 2.87127E-06
0.44 3.7000E+02 2.33191E-06
0.44 3.9000E+02 1.80980E-06
0.44 4.3000E+02 1.23896E-06
0.44 4.7000E+02 9.40272E-07
0.44 5.1000E+02 7.51845E-07 


0.45 2.5600E+01 2.29678E-05
0.45 2.6600E+01 2.14149E-04
0.45 2.7600E+01 8.44485E-04
0.45 2.8600E+01 1.40727E-03
0.45 2.9600E+01 1.31205E-03
0.45 3.0600E+01 9.70695E-04
0.45 3.1600E+01 1.31095E-03
0.45 3.2600E+01 1.52755E-03
0.45 3.3600E+01 1.48390E-03
0.45 3.4600E+01 1.28498E-03
0.45 4.0000E+01 9.72486E-04
0.45 4.5000E+01 1.17457E-03
0.45 5.0000E+01 7.41387E-04
0.45 5.5000E+01 7.24420E-04
0.45 6.0000E+01 5.34780E-04
0.45 6.5000E+01 3.15977E-04
0.45 7.0000E+01 3.29294E-04
0.45 7.5000E+01 3.04044E-04
0.45 8.0000E+01 2.22059E-04
0.45 8.5000E+01 2.09478E-04
0.45 1.0000E+02 1.12566E-04
0.45 1.1000E+02 1.06449E-04
0.45 1.2000E+02 7.52147E-05
0.45 1.3000E+02 5.32283E-05
0.45 1.4000E+02 6.30447E-05
0.45 1.5000E+02 4.59571E-05
0.45 1.6000E+02 3.32088E-05
0.45 1.7000E+02 2.37123E-05
0.45 1.8000E+02 2.06978E-05
0.45 1.9000E+02 1.87857E-05
0.45 2.1000E+02 1.49257E-05
0.45 2.3000E+02 1.10426E-05
0.45 2.5000E+02 7.53277E-06
0.45 2.7000E+02 4.53291E-06
0.45 2.9000E+02 6.23953E-06
0.45 3.1000E+02 5.08372E-06
0.45 3.3000E+02 4.02510E-06
0.45 3.5000E+02 3.17868E-06
0.45 3.7000E+02 2.46240E-06
0.45 3.9000E+02 1.96581E-06
0.45 4.3000E+02 1.39790E-06
0.45 4.7000E+02 1.11300E-06
0.45 5.1000E+02 1.14039E-06 


0.46 2.5600E+01 2.25828E-05
0.46 2.6600E+01 1.30003E-04
0.46 2.7600E+01 6.44773E-04
0.46 2.8600E+01 1.48847E-03
0.46 2.9600E+01 1.37043E-03
0.46 3.0600E+01 1.50023E-03
0.46 3.1600E+01 1.56932E-03
0.46 3.2600E+01 1.83159E-03
0.46 3.3600E+01 1.64545E-03
0.46 3.4600E+01 1.13534E-03
0.46 4.0000E+01 1.27717E-03
0.46 4.5000E+01 1.20265E-03
0.46 5.0000E+01 9.52568E-04
0.46 5.5000E+01 6.77688E-04
0.46 6.0000E+01 5.11079E-04
0.46 6.5000E+01 5.12026E-04
0.46 7.0000E+01 2.80008E-04
0.46 7.5000E+01 3.24383E-04
0.46 8.0000E+01 2.49065E-04
0.46 8.5000E+01 2.15808E-04
0.46 1.0000E+02 1.13703E-04
0.46 1.1000E+02 1.05270E-04
0.46 1.2000E+02 8.62032E-05
0.46 1.3000E+02 5.72980E-05
0.46 1.4000E+02 8.28500E-05
0.46 1.5000E+02 4.72064E-05
0.46 1.6000E+02 3.75076E-05
0.46 1.7000E+02 2.78027E-05
0.46 1.8000E+02 2.17171E-05
0.46 1.9000E+02 1.72342E-05
0.46 2.1000E+02 1.55398E-05
0.46 2.3000E+02 1.18500E-05
0.46 2.5000E+02 8.87293E-06
0.46 2.7000E+02 6.02290E-06
0.46 2.9000E+02 4.80399E-06
0.46 3.1000E+02 5.46384E-06
0.46 3.3000E+02 4.29228E-06
0.46 3.5000E+02 3.43458E-06
0.46 3.7000E+02 3.01577E-06
0.46 3.9000E+02 2.18957E-06
0.46 4.3000E+02 1.44244E-06
0.46 4.7000E+02 1.01412E-06
0.46 5.1000E+02 7.70231E-07 


0.47 2.5600E+01 3.06207E-05
0.47 2.6600E+01 1.30035E-04
0.47 2.7600E+01 5.95316E-04
0.47 2.8600E+01 1.35553E-03
0.47 2.9600E+01 1.71369E-03
0.47 3.0600E+01 1.12048E-03
0.47 3.1600E+01 1.15801E-03
0.47 3.2600E+01 1.46383E-03
0.47 3.3600E+01 1.67209E-03
0.47 3.4600E+01 1.60374E-03
0.47 4.0000E+01 1.44549E-03
0.47 4.5000E+01 8.46887E-04
0.47 5.0000E+01 7.55772E-04
0.47 5.5000E+01 5.43473E-04
0.47 6.0000E+01 5.68562E-04
0.47 6.5000E+01 4.28376E-04
0.47 7.0000E+01 2.98516E-04
0.47 7.5000E+01 3.06445E-04
0.47 8.0000E+01 2.93320E-04
0.47 8.5000E+01 2.08227E-04
0.47 1.0000E+02 1.33749E-04
0.47 1.1000E+02 9.54153E-05
0.47 1.2000E+02 9.14557E-05
0.47 1.3000E+02 6.76920E-05
0.47 1.4000E+02 4.67304E-05
0.47 1.5000E+02 5.71825E-05
0.47 1.6000E+02 4.37312E-05
0.47 1.7000E+02 3.42938E-05
0.47 1.8000E+02 2.09182E-05
0.47 1.9000E+02 1.89847E-05
0.47 2.1000E+02 1.53945E-05
0.47 2.3000E+02 1.26019E-05
0.47 2.5000E+02 9.27586E-06
0.47 2.7000E+02 6.65167E-06
0.47 2.9000E+02 4.69024E-06
0.47 3.1000E+02 5.21144E-06
0.47 3.3000E+02 4.62888E-06
0.47 3.5000E+02 3.70454E-06
0.47 3.7000E+02 3.00491E-06
0.47 3.9000E+02 2.42910E-06
0.47 4.3000E+02 1.60127E-06
0.47 4.7000E+02 9.43778E-07
0.47 5.1000E+02 8.17506E-07 


0.48 2.5600E+01 1.94592E-05
0.48 2.6600E+01 1.15948E-04
0.48 2.7600E+01 5.21112E-04
0.48 2.8600E+01 1.33939E-03
0.48 2.9600E+01 1.60786E-03
0.48 3.0600E+01 1.62461E-03
0.48 3.1600E+01 1.25710E-03
0.48 3.2600E+01 1.68416E-03
0.48 3.3600E+01 2.02750E-03
0.48 3.4600E+01 1.77526E-03
0.48 4.0000E+01 1.60085E-03
0.48 4.5000E+01 7.08251E-04
0.48 5.0000E+01 8.61511E-04
0.48 5.5000E+01 5.79960E-04
0.48 6.0000E+01 6.71955E-04
0.48 6.5000E+01 4.19406E-04
0.48 7.0000E+01 4.37386E-04
0.48 7.5000E+01 2.62255E-04
0.48 8.0000E+01 3.03569E-04
0.48 8.5000E+01 2.43647E-04
0.48 1.0000E+02 1.73542E-04
0.48 1.1000E+02 9.70861E-05
0.48 1.2000E+02 6.74612E-05
0.48 1.3000E+02 7.73884E-05
0.48 1.4000E+02 5.64488E-05
0.48 1.5000E+02 4.22441E-05
0.48 1.6000E+02 4.60256E-05
0.48 1.7000E+02 3.61784E-05
0.48 1.8000E+02 1.63347E-05
0.48 1.9000E+02 2.04633E-05
0.48 2.1000E+02 1.52691E-05
0.48 2.3000E+02 1.26280E-05
0.48 2.5000E+02 9.95719E-06
0.48 2.7000E+02 7.27560E-06
0.48 2.9000E+02 5.44484E-06
0.48 3.1000E+02 3.84862E-06
0.48 3.3000E+02 4.78716E-06
0.48 3.5000E+02 3.86150E-06
0.48 3.7000E+02 2.99009E-06
0.48 3.9000E+02 2.40872E-06
0.48 4.3000E+02 2.24900E-06
0.48 4.7000E+02 1.27193E-06
0.48 5.1000E+02 8.61964E-07 


0.49 2.5600E+01 1.98307E-05
0.49 2.6600E+01 8.60124E-05
0.49 2.7600E+01 4.05877E-04
0.49 2.8600E+01 1.17507E-03
0.49 2.9600E+01 1.87415E-03
0.49 3.0600E+01 1.65452E-03
0.49 3.1600E+01 1.35268E-03
0.49 3.2600E+01 1.50470E-03
0.49 3.3600E+01 1.85040E-03
0.49 3.4600E+01 1.78814E-03
0.49 4.0000E+01 1.66846E-03
0.49 4.5000E+01 1.13771E-03
0.49 5.0000E+01 1.10731E-03
0.49 5.5000E+01 8.13301E-04
0.49 6.0000E+01 6.29090E-04
0.49 6.5000E+01 4.89384E-04
0.49 7.0000E+01 4.43688E-04
0.49 7.5000E+01 2.69807E-04
0.49 8.0000E+01 2.75259E-04
0.49 8.5000E+01 2.70203E-04
0.49 1.0000E+02 2.05200E-04
0.49 1.1000E+02 1.05314E-04
0.49 1.2000E+02 8.65481E-05
0.49 1.3000E+02 7.98800E-05
0.49 1.4000E+02 6.06079E-05
0.49 1.5000E+02 4.34725E-05
0.49 1.6000E+02 4.93256E-05
0.49 1.7000E+02 4.45250E-05
0.49 1.8000E+02 3.06960E-05
0.49 1.9000E+02 2.36479E-05
0.49 2.1000E+02 1.57943E-05
0.49 2.3000E+02 1.23731E-05
0.49 2.5000E+02 1.03964E-05
0.49 2.7000E+02 7.91758E-06
0.49 2.9000E+02 6.01984E-06
0.49 3.1000E+02 4.35735E-06
0.49 3.3000E+02 3.36628E-06
0.49 3.5000E+02 4.02911E-06
0.49 3.7000E+02 3.47309E-06
0.49 3.9000E+02 8.40530E-07
0.49 4.3000E+02 1.88568E-06
0.49 4.7000E+02 1.28506E-06
0.49 5.1000E+02 9.65140E-07 


0.50 2.5600E+01 4.28902E-05
0.50 2.6600E+01 7.71692E-05
0.50 2.7600E+01 3.17011E-04
0.50 2.8600E+01 1.03511E-03
0.50 2.9600E+01 1.83034E-03
0.50 3.0600E+01 1.94073E-03
0.50 3.1600E+01 1.40308E-03
0.50 3.2600E+01 1.19901E-03
0.50 3.3600E+01 1.69091E-03
0.50 3.4600E+01 2.11735E-03
0.50 4.0000E+01 1.74467E-03
0.50 4.5000E+01 7.62600E-04
0.50 5.0000E+01 1.17884E-03
0.50 5.5000E+01 9.04178E-04
0.50 6.0000E+01 5.11547E-04
0.50 6.5000E+01 5.96771E-04
0.50 7.0000E+01 3.92156E-04
0.50 7.5000E+01 3.63772E-04
0.50 8.0000E+01 2.40796E-04
0.50 8.5000E+01 2.75421E-04
0.50 1.0000E+02 1.62219E-04
0.50 1.1000E+02 1.29419E-04
0.50 1.2000E+02 8.32425E-05
0.50 1.3000E+02 7.97988E-05
0.50 1.4000E+02 6.68149E-05
0.50 1.5000E+02 5.22126E-05
0.50 1.6000E+02 3.64395E-05
0.50 1.7000E+02 4.53433E-05
0.50 1.8000E+02 3.62868E-05
0.50 1.9000E+02 2.71942E-05
0.50 2.1000E+02 1.62802E-05
0.50 2.3000E+02 1.23983E-05
0.50 2.5000E+02 1.05080E-05
0.50 2.7000E+02 8.47632E-06
0.50 2.9000E+02 6.53403E-06
0.50 3.1000E+02 4.87242E-06
0.50 3.3000E+02 3.47412E-06
0.50 3.5000E+02 3.71670E-06
0.50 3.7000E+02 3.46287E-06
0.50 3.9000E+02 2.92954E-06
0.50 4.3000E+02 2.02950E-06
0.50 4.7000E+02 1.38525E-06
0.50 5.1000E+02 9.61806E-07 


0.51 2.5600E+01   NaN
0.51 2.6600E+01 6.29697E-05
0.51 2.7600E+01 2.70857E-04
0.51 2.8600E+01 8.78384E-04
0.51 2.9600E+01 1.65008E-03
0.51 3.0600E+01 2.01205E-03
0.51 3.1600E+01 1.87659E-03
0.51 3.2600E+01 1.76851E-03
0.51 3.3600E+01 1.65313E-03
0.51 3.4600E+01 1.82584E-03
0.51 4.0000E+01 1.35018E-03
0.51 4.5000E+01 1.12364E-03
0.51 5.0000E+01 9.06332E-04
0.51 5.5000E+01 7.08944E-04
0.51 6.0000E+01 5.10348E-04
0.51 6.5000E+01 6.40318E-04
0.51 7.0000E+01 4.15614E-04
0.51 7.5000E+01 5.21828E-04
0.51 8.0000E+01 2.44768E-04
0.51 8.5000E+01 2.49880E-04
0.51 1.0000E+02 1.53779E-04
0.51 1.1000E+02 1.64292E-04
0.51 1.2000E+02 8.70562E-05
0.51 1.3000E+02 7.62357E-05
0.51 1.4000E+02 6.98919E-05
0.51 1.5000E+02 5.47594E-05
0.51 1.6000E+02 3.94242E-05
0.51 1.7000E+02 3.49568E-05
0.51 1.8000E+02 4.01086E-05
0.51 1.9000E+02 3.08306E-05
0.51 2.1000E+02 1.81026E-05
0.51 2.3000E+02 1.26836E-05
0.51 2.5000E+02 1.06015E-05
0.51 2.7000E+02 8.80558E-06
0.51 2.9000E+02 6.95514E-06
0.51 3.1000E+02 5.30040E-06
0.51 3.3000E+02 3.90145E-06
0.51 3.5000E+02 2.86388E-06
0.51 3.7000E+02 3.52466E-06
0.51 3.9000E+02 3.08514E-06
0.51 4.3000E+02 2.19531E-06
0.51 4.7000E+02 1.50856E-06
0.51 5.1000E+02 1.04757E-06 


0.52 2.5600E+01   NaN
0.52 2.6600E+01 5.56658E-05
0.52 2.7600E+01 2.34835E-04
0.52 2.8600E+01 7.35377E-04
0.52 2.9600E+01 1.43582E-03
0.52 3.0600E+01 2.12744E-03
0.52 3.1600E+01 1.88737E-03
0.52 3.2600E+01 1.38948E-03
0.52 3.3600E+01 1.29320E-03
0.52 3.4600E+01 1.78646E-03
0.52 4.0000E+01 1.39384E-03
0.52 4.5000E+01 1.45131E-03
0.52 5.0000E+01 7.48700E-04
0.52 5.5000E+01 8.98960E-04
0.52 6.0000E+01 8.66813E-04
0.52 6.5000E+01 5.83201E-04
0.52 7.0000E+01 5.08196E-04
0.52 7.5000E+01 3.72078E-04
0.52 8.0000E+01 3.40567E-04
0.52 8.5000E+01 2.20380E-04
0.52 1.0000E+02 1.73725E-04
0.52 1.1000E+02 1.99526E-04
0.52 1.2000E+02 1.02596E-04
0.52 1.3000E+02 7.26221E-05
0.52 1.4000E+02 7.00076E-05
0.52 1.5000E+02 5.95630E-05
0.52 1.6000E+02 4.48010E-05
0.52 1.7000E+02 3.28508E-05
0.52 1.8000E+02 4.01403E-05
0.52 1.9000E+02 3.44323E-05
0.52 2.1000E+02 2.08468E-05
0.52 2.3000E+02 1.32975E-05
0.52 2.5000E+02 1.07519E-05
0.52 2.7000E+02 8.98043E-06
0.52 2.9000E+02 7.30625E-06
0.52 3.1000E+02 5.75538E-06
0.52 3.3000E+02 4.39680E-06
0.52 3.5000E+02 3.27384E-06
0.52 3.7000E+02 2.47232E-06
0.52 3.9000E+02 3.12998E-06
0.52 4.3000E+02 2.28357E-06
0.52 4.7000E+02 1.62640E-06
0.52 5.1000E+02 1.10787E-06 


0.53 2.5600E+01   NaN
0.53 2.6600E+01 5.36860E-05
0.53 2.7600E+01 1.91838E-04
0.53 2.8600E+01 6.85262E-04
0.53 2.9600E+01 1.43065E-03
0.53 3.0600E+01 2.19219E-03
0.53 3.1600E+01 2.25286E-03
0.53 3.2600E+01 1.87808E-03
0.53 3.3600E+01 1.68645E-03
0.53 3.4600E+01 2.01583E-03
0.53 4.0000E+01 1.63707E-03
0.53 4.5000E+01 1.53010E-03
0.53 5.0000E+01 1.29889E-03
0.53 5.5000E+01 1.09440E-03
0.53 6.0000E+01 7.33720E-04
0.53 6.5000E+01 4.75173E-04
0.53 7.0000E+01 5.77591E-04
0.53 7.5000E+01 3.69149E-04
0.53 8.0000E+01 4.86338E-04
0.53 8.5000E+01 2.31781E-04
0.53 1.0000E+02 2.02774E-04
0.53 1.1000E+02 1.35965E-04
0.53 1.2000E+02 1.28317E-04
0.53 1.3000E+02 7.45013E-05
0.53 1.4000E+02 6.70486E-05
0.53 1.5000E+02 6.18739E-05
0.53 1.6000E+02 5.01614E-05
0.53 1.7000E+02 3.70311E-05
0.53 1.8000E+02 2.86117E-05
0.53 1.9000E+02 3.68665E-05
0.53 2.1000E+02 2.34760E-05
0.53 2.3000E+02 1.45070E-05
0.53 2.5000E+02 1.05833E-05
0.53 2.7000E+02 8.78412E-06
0.53 2.9000E+02 7.50545E-06
0.53 3.1000E+02 6.12567E-06
0.53 3.3000E+02 4.80416E-06
0.53 3.5000E+02 3.72354E-06
0.53 3.7000E+02 2.76916E-06
0.53 3.9000E+02 2.28131E-06
0.53 4.3000E+02 2.39680E-06
0.53 4.7000E+02 1.73889E-06
0.53 5.1000E+02 1.23244E-06 


0.54 2.5600E+01   NaN
0.54 2.6600E+01 4.75925E-05
0.54 2.7600E+01 1.57546E-04
0.54 2.8600E+01 5.30592E-04
0.54 2.9600E+01 1.28181E-03
0.54 3.0600E+01 2.02403E-03
0.54 3.1600E+01 2.32955E-03
0.54 3.2600E+01 2.12049E-03
0.54 3.3600E+01 1.71335E-03
0.54 3.4600E+01 1.43712E-03
0.54 4.0000E+01 1.39808E-03
0.54 4.5000E+01 1.19137E-03
0.54 5.0000E+01 1.05719E-03
0.54 5.5000E+01 1.10878E-03
0.54 6.0000E+01 6.41248E-04
0.54 6.5000E+01 4.92304E-04
0.54 7.0000E+01 5.70421E-04
0.54 7.5000E+01 4.38849E-04
0.54 8.0000E+01 3.57817E-04
0.54 8.5000E+01 3.11559E-04
0.54 1.0000E+02 2.20365E-04
0.54 1.1000E+02 1.34428E-04
0.54 1.2000E+02 1.55918E-04
0.54 1.3000E+02 8.54684E-05
0.54 1.4000E+02 6.38428E-05
0.54 1.5000E+02 6.10829E-05
0.54 1.6000E+02 5.21064E-05
0.54 1.7000E+02 4.18529E-05
0.54 1.8000E+02 3.09065E-05
0.54 1.9000E+02 2.71518E-05
0.54 2.1000E+02 2.63619E-05
0.54 2.3000E+02 1.63089E-05
0.54 2.5000E+02 1.09884E-05
0.54 2.7000E+02 9.04081E-06
0.54 2.9000E+02 7.54868E-06
0.54 3.1000E+02 6.32322E-06
0.54 3.3000E+02 5.12986E-06
0.54 3.5000E+02 3.99481E-06
0.54 3.7000E+02 3.11903E-06
0.54 3.9000E+02 2.32608E-06
0.54 4.3000E+02 2.44658E-06
0.54 4.7000E+02 1.83182E-06
0.54 5.1000E+02 1.31508E-06 


0.55 2.5600E+01   NaN
0.55 2.6600E+01 4.39102E-05
0.55 2.7600E+01 1.30750E-04
0.55 2.8600E+01 4.29690E-04
0.55 2.9600E+01 1.10099E-03
0.55 3.0600E+01 1.95604E-03
0.55 3.1600E+01 2.24605E-03
0.55 3.2600E+01 2.21110E-03
0.55 3.3600E+01 1.66433E-03
0.55 3.4600E+01 1.62506E-03
0.55 4.0000E+01 1.65011E-03
0.55 4.5000E+01 1.71146E-03
0.55 5.0000E+01 9.06176E-04
0.55 5.5000E+01 8.87593E-04
0.55 6.0000E+01 7.63489E-04
0.55 6.5000E+01 8.31872E-04
0.55 7.0000E+01 4.93783E-04
0.55 7.5000E+01 5.15609E-04
0.55 8.0000E+01 3.30766E-04
0.55 8.5000E+01 4.54599E-04
0.55 1.0000E+02 2.17990E-04
0.55 1.1000E+02 1.54579E-04
0.55 1.2000E+02 1.42601E-04
0.55 1.3000E+02 1.04096E-04
0.55 1.4000E+02 6.45372E-05
0.55 1.5000E+02 5.90076E-05
0.55 1.6000E+02 5.47777E-05
0.55 1.7000E+02 4.57518E-05
0.55 1.8000E+02 3.46980E-05
0.55 1.9000E+02 2.40753E-05
0.55 2.1000E+02 2.91627E-05
0.55 2.3000E+02 1.84694E-05
0.55 2.5000E+02 1.18987E-05
0.55 2.7000E+02 8.98568E-06
0.55 2.9000E+02 7.61342E-06
0.55 3.1000E+02 6.45867E-06
0.55 3.3000E+02 5.38270E-06
0.55 3.5000E+02 4.22549E-06
0.55 3.7000E+02 3.40936E-06
0.55 3.9000E+02 2.61227E-06
0.55 4.3000E+02 2.51559E-06
0.55 4.7000E+02 1.89864E-06
0.55 5.1000E+02 1.41308E-06 


0.56 2.5600E+01   NaN
0.56 2.6600E+01 3.61419E-05
0.56 2.7600E+01 1.17011E-04
0.56 2.8600E+01 3.57818E-04
0.56 2.9600E+01 9.37174E-04
0.56 3.0600E+01 1.84050E-03
0.56 3.1600E+01 2.58928E-03
0.56 3.2600E+01 2.65973E-03
0.56 3.3600E+01 2.31325E-03
0.56 3.4600E+01 2.14506E-03
0.56 4.0000E+01 2.02813E-03
0.56 4.5000E+01 1.86911E-03
0.56 5.0000E+01 1.16043E-03
0.56 5.5000E+01 7.28174E-04
0.56 6.0000E+01 9.55909E-04
0.56 6.5000E+01 7.14788E-04
0.56 7.0000E+01 4.05760E-04
0.56 7.5000E+01 5.47983E-04
0.56 8.0000E+01 3.88771E-04
0.56 8.5000E+01 3.37981E-04
0.56 1.0000E+02 2.00239E-04
0.56 1.1000E+02 1.77241E-04
0.56 1.2000E+02 1.11845E-04
0.56 1.3000E+02 1.29338E-04
0.56 1.4000E+02 7.27946E-05
0.56 1.5000E+02 5.64690E-05
0.56 1.6000E+02 5.40891E-05
0.56 1.7000E+02 4.81134E-05
0.56 1.8000E+02 4.02135E-05
0.56 1.9000E+02 2.94541E-05
0.56 2.1000E+02 3.05957E-05
0.56 2.3000E+02 2.07343E-05
0.56 2.5000E+02 1.32580E-05
0.56 2.7000E+02 9.27581E-06
0.56 2.9000E+02 7.64212E-06
0.56 3.1000E+02 6.56104E-06
0.56 3.3000E+02 5.53701E-06
0.56 3.5000E+02 4.58698E-06
0.56 3.7000E+02 3.69152E-06
0.56 3.9000E+02 2.91180E-06
0.56 4.3000E+02 1.70899E-06
0.56 4.7000E+02 1.96038E-06
0.56 5.1000E+02 1.49409E-06 


0.57 2.5600E+01   NaN
0.57 2.6600E+01 4.39922E-05
0.57 2.7600E+01 1.06395E-04
0.57 2.8600E+01 3.13179E-04
0.57 2.9600E+01 8.40596E-04
0.57 3.0600E+01 1.62760E-03
0.57 3.1600E+01 2.37284E-03
0.57 3.2600E+01 2.54868E-03
0.57 3.3600E+01 2.28176E-03
0.57 3.4600E+01 1.58870E-03
0.57 4.0000E+01 2.12030E-03
0.57 4.5000E+01 1.51579E-03
0.57 5.0000E+01 1.46956E-03
0.57 5.5000E+01 1.26624E-03
0.57 6.0000E+01 1.06526E-03
0.57 6.5000E+01 5.82343E-04
0.57 7.0000E+01 4.89191E-04
0.57 7.5000E+01 5.02111E-04
0.57 8.0000E+01 4.62468E-04
0.57 8.5000E+01 3.05183E-04
0.57 1.0000E+02 1.79040E-04
0.57 1.1000E+02 1.89318E-04
0.57 1.2000E+02 1.21002E-04
0.57 1.3000E+02 1.45504E-04
0.57 1.4000E+02 8.77867E-05
0.57 1.5000E+02 5.69217E-05
0.57 1.6000E+02 5.18905E-05
0.57 1.7000E+02 4.83841E-05
0.57 1.8000E+02 4.19599E-05
0.57 1.9000E+02 3.33156E-05
0.57 2.1000E+02 2.08931E-05
0.57 2.3000E+02 2.29265E-05
0.57 2.5000E+02 1.49051E-05
0.57 2.7000E+02 9.98163E-06
0.57 2.9000E+02 7.81165E-06
0.57 3.1000E+02 6.51361E-06
0.57 3.3000E+02 5.63222E-06
0.57 3.5000E+02 4.75594E-06
0.57 3.7000E+02 3.94611E-06
0.57 3.9000E+02 3.17156E-06
0.57 4.3000E+02 1.92959E-06
0.57 4.7000E+02 2.00259E-06
0.57 5.1000E+02 1.55900E-06 


0.58 2.5600E+01   NaN
0.58 2.6600E+01 4.67499E-05
0.58 2.7600E+01 8.43391E-05
0.58 2.8600E+01 2.64636E-04
0.58 2.9600E+01 6.72117E-04
0.58 3.0600E+01 1.46462E-03
0.58 3.1600E+01 2.21017E-03
0.58 3.2600E+01 2.72876E-03
0.58 3.3600E+01 2.57749E-03
0.58 3.4600E+01 2.34159E-03
0.58 4.0000E+01 2.21695E-03
0.58 4.5000E+01 1.37442E-03
0.58 5.0000E+01 1.59623E-03
0.58 5.5000E+01 1.08088E-03
0.58 6.0000E+01 9.94701E-04
0.58 6.5000E+01 6.71407E-04
0.58 7.0000E+01 7.67223E-04
0.58 7.5000E+01 4.16583E-04
0.58 8.0000E+01 5.02884E-04
0.58 8.5000E+01 3.52161E-04
0.58 1.0000E+02 1.77161E-04
0.58 1.1000E+02 1.86054E-04
0.58 1.2000E+02 1.38813E-04
0.58 1.3000E+02 1.04081E-04
0.58 1.4000E+02 1.07854E-04
0.58 1.5000E+02 6.33165E-05
0.58 1.6000E+02 5.00077E-05
0.58 1.7000E+02 4.74277E-05
0.58 1.8000E+02 4.31493E-05
0.58 1.9000E+02 3.64493E-05
0.58 2.1000E+02 2.14180E-05
0.58 2.3000E+02 2.53219E-05
0.58 2.5000E+02 1.67043E-05
0.58 2.7000E+02 1.09975E-05
0.58 2.9000E+02 7.92613E-06
0.58 3.1000E+02 6.55223E-06
0.58 3.3000E+02 5.67024E-06
0.58 3.5000E+02 4.86654E-06
0.58 3.7000E+02 4.10823E-06
0.58 3.9000E+02 3.40192E-06
0.58 4.3000E+02 2.18100E-06
0.58 4.7000E+02 1.38421E-06
0.58 5.1000E+02 1.58099E-06 


0.59 2.5600E+01   NaN
0.59 2.6600E+01 6.26431E-05
0.59 2.7600E+01 7.73515E-05
0.59 2.8600E+01 2.36685E-04
0.59 2.9600E+01 5.79769E-04
0.59 3.0600E+01 1.23975E-03
0.59 3.1600E+01 2.17391E-03
0.59 3.2600E+01 2.91652E-03
0.59 3.3600E+01 3.07005E-03
0.59 3.4600E+01 2.50767E-03
0.59 4.0000E+01 2.40070E-03
0.59 4.5000E+01 1.61473E-03
0.59 5.0000E+01 1.34108E-03
0.59 5.5000E+01 8.56418E-04
0.59 6.0000E+01 7.42430E-04
0.59 6.5000E+01 8.40582E-04
0.59 7.0000E+01 6.23677E-04
0.59 7.5000E+01 3.59421E-04
0.59 8.0000E+01 4.83293E-04
0.59 8.5000E+01 4.18322E-04
0.59 1.0000E+02 2.17865E-04
0.59 1.1000E+02 1.75004E-04
0.59 1.2000E+02 1.56801E-04
0.59 1.3000E+02 9.93873E-05
0.59 1.4000E+02 1.26196E-04
0.59 1.5000E+02 7.57243E-05
0.59 1.6000E+02 5.07862E-05
0.59 1.7000E+02 4.57810E-05
0.59 1.8000E+02 4.29799E-05
0.59 1.9000E+02 3.81304E-05
0.59 2.1000E+02 2.42565E-05
0.59 2.3000E+02 2.09706E-05
0.59 2.5000E+02 1.84870E-05
0.59 2.7000E+02 1.23604E-05
0.59 2.9000E+02 8.50696E-06
0.59 3.1000E+02 6.63387E-06
0.59 3.3000E+02 5.68811E-06
0.59 3.5000E+02 4.93237E-06
0.59 3.7000E+02 4.21420E-06
0.59 3.9000E+02 3.55555E-06
0.59 4.3000E+02 2.52328E-06
0.59 4.7000E+02 1.48603E-06
0.59 5.1000E+02 1.61611E-06 


0.60 2.5600E+01   NaN
0.60 2.6600E+01 3.89690E-05
0.60 2.7600E+01 7.15438E-05
0.60 2.8600E+01 1.84827E-04
0.60 2.9600E+01 4.81228E-04
0.60 3.0600E+01 1.07996E-03
0.60 3.1600E+01 1.93263E-03
0.60 3.2600E+01 2.64439E-03
0.60 3.3600E+01 2.76334E-03
0.60 3.4600E+01 2.56955E-03
0.60 4.0000E+01 2.59770E-03
0.60 4.5000E+01 1.76610E-03
0.60 5.0000E+01 1.56321E-03
0.60 5.5000E+01 9.88358E-04
0.60 6.0000E+01 8.34062E-04
0.60 6.5000E+01 9.58783E-04
0.60 7.0000E+01 5.41176E-04
0.60 7.5000E+01 5.19021E-04
0.60 8.0000E+01 4.18998E-04
0.60 8.5000E+01 4.61860E-04
0.60 1.0000E+02 2.95201E-04
0.60 1.1000E+02 1.58390E-04
0.60 1.2000E+02 1.65407E-04
0.60 1.3000E+02 1.12165E-04
0.60 1.4000E+02 9.73855E-05
0.60 1.5000E+02 9.22634E-05
0.60 1.6000E+02 5.63316E-05
0.60 1.7000E+02 4.44393E-05
0.60 1.8000E+02 4.18032E-05
0.60 1.9000E+02 3.87318E-05
0.60 2.1000E+02 2.72581E-05
0.60 2.3000E+02 1.67871E-05
0.60 2.5000E+02 2.01835E-05
0.60 2.7000E+02 1.37576E-05
0.60 2.9000E+02 9.37671E-06
0.60 3.1000E+02 6.86943E-06
0.60 3.3000E+02 5.99172E-06
0.60 3.5000E+02 4.92980E-06
0.60 3.7000E+02 4.29362E-06
0.60 3.9000E+02 3.69244E-06
0.60 4.3000E+02 2.56715E-06
0.60 4.7000E+02 1.67543E-06
0.60 5.1000E+02 1.19495E-06 


0.61 2.5600E+01   NaN
0.61 2.6600E+01   NaN
0.61 2.7600E+01 6.86237E-05
0.61 2.8600E+01 1.58627E-04
0.61 2.9600E+01 4.10640E-04
0.61 3.0600E+01 9.72214E-04
0.61 3.1600E+01 1.76220E-03
0.61 3.2600E+01 2.45854E-03
0.61 3.3600E+01 3.09403E-03
0.61 3.4600E+01 3.11303E-03
0.61 4.0000E+01 2.08851E-03
0.61 4.5000E+01 1.41438E-03
0.61 5.0000E+01 1.88177E-03
0.61 5.5000E+01 1.29025E-03
0.61 6.0000E+01 1.17679E-03
0.61 6.5000E+01 9.44723E-04
0.61 7.0000E+01 6.23933E-04
0.61 7.5000E+01 6.88515E-04
0.61 8.0000E+01 3.46646E-04
0.61 8.5000E+01 4.56782E-04
0.61 1.0000E+02 3.29412E-04
0.61 1.1000E+02 1.50804E-04
0.61 1.2000E+02 1.61636E-04
0.61 1.3000E+02 1.27995E-04
0.61 1.4000E+02 8.44002E-05
0.61 1.5000E+02 1.09148E-04
0.61 1.6000E+02 6.65646E-05
0.61 1.7000E+02 4.56836E-05
0.61 1.8000E+02 4.05219E-05
0.61 1.9000E+02 3.81029E-05
0.61 2.1000E+02 2.99264E-05
0.61 2.3000E+02 1.84383E-05
0.61 2.5000E+02 2.12163E-05
0.61 2.7000E+02 1.52188E-05
0.61 2.9000E+02 1.04080E-05
0.61 3.1000E+02 8.40220E-06
0.61 3.3000E+02 5.80001E-06
0.61 3.5000E+02 4.96184E-06
0.61 3.7000E+02 4.32811E-06
0.61 3.9000E+02 3.76057E-06
0.61 4.3000E+02 2.74159E-06
0.61 4.7000E+02 1.83931E-06
0.61 5.1000E+02 1.15587E-06 


0.62 2.5600E+01   NaN
0.62 2.6600E+01   NaN
0.62 2.7600E+01 6.34830E-05
0.62 2.8600E+01 1.48128E-04
0.62 2.9600E+01 3.66314E-04
0.62 3.0600E+01 8.10818E-04
0.62 3.1600E+01 1.53415E-03
0.62 3.2600E+01 2.44849E-03
0.62 3.3600E+01 3.13244E-03
0.62 3.4600E+01 3.08983E-03
0.62 4.0000E+01 2.22368E-03
0.62 4.5000E+01 1.85434E-03
0.62 5.0000E+01 1.67838E-03
0.62 5.5000E+01 1.50520E-03
0.62 6.0000E+01 9.98394E-04
0.62 6.5000E+01 7.93102E-04
0.62 7.0000E+01 7.78370E-04
0.62 7.5000E+01 5.39430E-04
0.62 8.0000E+01 3.96865E-04
0.62 8.5000E+01 4.04814E-04
0.62 1.0000E+02 2.54151E-04
0.62 1.1000E+02 1.71548E-04
0.62 1.2000E+02 1.49361E-04
0.62 1.3000E+02 1.39921E-04
0.62 1.4000E+02 9.29110E-05
0.62 1.5000E+02 9.43263E-05
0.62 1.6000E+02 8.01632E-05
0.62 1.7000E+02 5.09326E-05
0.62 1.8000E+02 3.97190E-05
0.62 1.9000E+02 3.68756E-05
0.62 2.1000E+02 3.12010E-05
0.62 2.3000E+02 2.06118E-05
0.62 2.5000E+02 1.45230E-05
0.62 2.7000E+02 1.65628E-05
0.62 2.9000E+02 1.15753E-05
0.62 3.1000E+02 8.09046E-06
0.62 3.3000E+02 6.02427E-06
0.62 3.5000E+02 4.97384E-06
0.62 3.7000E+02 4.36310E-06
0.62 3.9000E+02 3.79833E-06
0.62 4.3000E+02 2.83967E-06
0.62 4.7000E+02 1.99469E-06
0.62 5.1000E+02 1.31945E-06 


0.63 2.5600E+01   NaN
0.63 2.6600E+01   NaN
0.63 2.7600E+01 5.78798E-05
0.63 2.8600E+01 1.29099E-04
0.63 2.9600E+01 3.04747E-04
0.63 3.0600E+01 6.84611E-04
0.63 3.1600E+01 1.30363E-03
0.63 3.2600E+01 2.17385E-03
0.63 3.3600E+01 2.84042E-03
0.63 3.4600E+01 3.09588E-03
0.63 4.0000E+01 2.39872E-03
0.63 4.5000E+01 2.17944E-03
0.63 5.0000E+01 1.38041E-03
0.63 5.5000E+01 1.42563E-03
0.63 6.0000E+01 8.08528E-04
0.63 6.5000E+01 6.35182E-04
0.63 7.0000E+01 8.92363E-04
0.63 7.5000E+01 4.93671E-04
0.63 8.0000E+01 6.45697E-04
0.63 8.5000E+01 3.39006E-04
0.63 1.0000E+02 2.45003E-04
0.63 1.1000E+02 2.36954E-04
0.63 1.2000E+02 1.34963E-04
0.63 1.3000E+02 1.43069E-04
0.63 1.4000E+02 1.06309E-04
0.63 1.5000E+02 7.40711E-05
0.63 1.6000E+02 9.59562E-05
0.63 1.7000E+02 5.97339E-05
0.63 1.8000E+02 4.14885E-05
0.63 1.9000E+02 3.60843E-05
0.63 2.1000E+02 3.15192E-05
0.63 2.3000E+02 2.29449E-05
0.63 2.5000E+02 1.42622E-05
0.63 2.7000E+02 1.78237E-05
0.63 2.9000E+02 1.27230E-05
0.63 3.1000E+02 8.97110E-06
0.63 3.3000E+02 6.44890E-06
0.63 3.5000E+02 5.06616E-06
0.63 3.7000E+02 4.33780E-06
0.63 3.9000E+02 3.81563E-06
0.63 4.3000E+02 2.91724E-06
0.63 4.7000E+02 2.13193E-06
0.63 5.1000E+02 1.48845E-06 


0.64 2.5600E+01   NaN
0.64 2.6600E+01   NaN
0.64 2.7600E+01 5.79322E-05
0.64 2.8600E+01 1.10465E-04
0.64 2.9600E+01 2.56822E-04
0.64 3.0600E+01 5.74464E-04
0.64 3.1600E+01 1.17182E-03
0.64 3.2600E+01 2.00194E-03
0.64 3.3600E+01 2.70436E-03
0.64 3.4600E+01 3.44549E-03
0.64 4.0000E+01 1.91655E-03
0.64 4.5000E+01 2.22314E-03
0.64 5.0000E+01 1.41528E-03
0.64 5.5000E+01 1.13685E-03
0.64 6.0000E+01 9.21181E-04
0.64 6.5000E+01 1.00575E-03
0.64 7.0000E+01 8.90144E-04
0.64 7.5000E+01 5.93534E-04
0.64 8.0000E+01 5.82350E-04
0.64 8.5000E+01 3.14356E-04
0.64 1.0000E+02 2.85202E-04
0.64 1.1000E+02 3.09712E-04
0.64 1.2000E+02 1.30824E-04
0.64 1.3000E+02 1.37785E-04
0.64 1.4000E+02 1.18570E-04
0.64 1.5000E+02 7.78271E-05
0.64 1.6000E+02 8.84955E-05
0.64 1.7000E+02 7.12684E-05
0.64 1.8000E+02 4.65800E-05
0.64 1.9000E+02 3.57866E-05
0.64 2.1000E+02 3.09872E-05
0.64 2.3000E+02 2.48101E-05
0.64 2.5000E+02 1.59495E-05
0.64 2.7000E+02 1.37116E-05
0.64 2.9000E+02 1.38538E-05
0.64 3.1000E+02 9.89320E-06
0.64 3.3000E+02 7.07442E-06
0.64 3.5000E+02 5.31039E-06
0.64 3.7000E+02 4.37715E-06
0.64 3.9000E+02 3.82515E-06
0.64 4.3000E+02 2.95819E-06
0.64 4.7000E+02 2.22702E-06
0.64 5.1000E+02 1.58616E-06 


0.65 2.5600E+01   NaN
0.65 2.6600E+01   NaN
0.65 2.7600E+01 6.27591E-05
0.65 2.8600E+01 9.95240E-05
0.65 2.9600E+01 2.19538E-04
0.65 3.0600E+01 4.87293E-04
0.65 3.1600E+01 1.03651E-03
0.65 3.2600E+01 1.77221E-03
0.65 3.3600E+01 2.66104E-03
0.65 3.4600E+01 3.26700E-03
0.65 4.0000E+01 1.73566E-03
0.65 4.5000E+01 2.31441E-03
0.65 5.0000E+01 1.66176E-03
0.65 5.5000E+01 1.61393E-03
0.65 6.0000E+01 1.19781E-03
0.65 6.5000E+01 1.05193E-03
0.65 7.0000E+01 7.70591E-04
0.65 7.5000E+01 7.38836E-04
0.65 8.0000E+01 4.65576E-04
0.65 8.5000E+01 4.64336E-04
0.65 1.0000E+02 3.34557E-04
0.65 1.1000E+02 2.42095E-04
0.65 1.2000E+02 1.47414E-04
0.65 1.3000E+02 1.27371E-04
0.65 1.4000E+02 1.24877E-04
0.65 1.5000E+02 8.90711E-05
0.65 1.6000E+02 6.65982E-05
0.65 1.7000E+02 8.50431E-05
0.65 1.8000E+02 5.45169E-05
0.65 1.9000E+02 3.79910E-05
0.65 2.1000E+02 3.00875E-05
0.65 2.3000E+02 2.58266E-05
0.65 2.5000E+02 1.79271E-05
0.65 2.7000E+02 1.16956E-05
0.65 2.9000E+02 1.49749E-05
0.65 3.1000E+02 1.08275E-05
0.65 3.3000E+02 7.82743E-06
0.65 3.5000E+02 5.70526E-06
0.65 3.7000E+02 4.48839E-06
0.65 3.9000E+02 3.75293E-06
0.65 4.3000E+02 2.96248E-06
0.65 4.7000E+02 2.30540E-06
0.65 5.1000E+02 1.68793E-06 


