0.40 2.5600E+01   NaN
0.40 2.6600E+01   NaN
0.40 2.7600E+01   NaN
0.40 2.8600E+01   NaN
0.40 2.9600E+01   NaN
0.40 3.0600E+01   NaN
0.40 3.1600E+01   NaN
0.40 3.2600E+01   NaN
0.40 3.3600E+01   NaN
0.40 3.4600E+01   NaN
0.40 4.0000E+01   NaN
0.40 4.5000E+01   NaN
0.40 5.0000E+01   NaN
0.40 5.5000E+01   NaN
0.40 6.0000E+01   NaN
0.40 6.5000E+01 1.84752E-05
0.40 7.0000E+01 1.47260E-05
0.40 7.5000E+01 1.38465E-05
0.40 8.0000E+01 3.16447E-06
0.40 8.5000E+01 2.61664E-07
0.40 1.0000E+02 2.74226E-06
0.40 1.1000E+02 5.74194E-06
0.40 1.2000E+02 2.57848E-06
0.40 1.3000E+02 1.99110E-06
0.40 1.4000E+02 1.89327E-06
0.40 1.5000E+02 2.74007E-06
0.40 1.6000E+02 4.92096E-06
0.40 1.7000E+02 1.37844E-06
0.40 1.8000E+02 2.80442E-06
0.40 1.9000E+02 1.45984E-06
0.40 2.1000E+02 1.33865E-06
0.40 2.3000E+02 1.36676E-06
0.40 2.5000E+02 1.06255E-06
0.40 2.7000E+02 9.69749E-07
0.40 2.9000E+02 9.08134E-07
0.40 3.1000E+02 7.28151E-07
0.40 3.3000E+02 7.08957E-07
0.40 3.5000E+02 6.19867E-07
0.40 3.7000E+02 6.15011E-07
0.40 3.9000E+02 5.22250E-07
0.40 4.3000E+02 4.40908E-07
0.40 4.7000E+02 4.24131E-07
0.40 5.1000E+02 3.44427E-07 


0.41 2.5600E+01   NaN
0.41 2.6600E+01   NaN
0.41 2.7600E+01   NaN
0.41 2.8600E+01   NaN
0.41 2.9600E+01   NaN
0.41 3.0600E+01   NaN
0.41 3.1600E+01   NaN
0.41 3.2600E+01   NaN
0.41 3.3600E+01   NaN
0.41 3.4600E+01   NaN
0.41 4.0000E+01   NaN
0.41 4.5000E+01   NaN
0.41 5.0000E+01   NaN
0.41 5.5000E+01   NaN
0.41 6.0000E+01   NaN
0.41 6.5000E+01 2.58890E-06
0.41 7.0000E+01 1.30048E-06
0.41 7.5000E+01 5.82555E-06
0.41 8.0000E+01 1.77201E-06
0.41 8.5000E+01 6.46304E-06
0.41 1.0000E+02 4.04413E-06
0.41 1.1000E+02 1.00465E-06
0.41 1.2000E+02 2.96865E-06
0.41 1.3000E+02 2.52033E-06
0.41 1.4000E+02 2.51443E-06
0.41 1.5000E+02 1.48586E-06
0.41 1.6000E+02 1.10387E-06
0.41 1.7000E+02 1.32003E-06
0.41 1.8000E+02 9.24718E-07
0.41 1.9000E+02 1.44493E-06
0.41 2.1000E+02 4.15858E-06
0.41 2.3000E+02 3.72652E-07
0.41 2.5000E+02 4.88139E-07
0.41 2.7000E+02 4.07258E-08
0.41 2.9000E+02 8.40347E-07
0.41 3.1000E+02 6.23949E-07
0.41 3.3000E+02 5.69804E-07
0.41 3.5000E+02 5.21127E-07
0.41 3.7000E+02 4.53807E-07
0.41 3.9000E+02 4.25954E-07
0.41 4.3000E+02 3.30977E-07
0.41 4.7000E+02 2.97230E-07
0.41 5.1000E+02 2.59279E-07 


0.42 2.5600E+01   NaN
0.42 2.6600E+01   NaN
0.42 2.7600E+01   NaN
0.42 2.8600E+01   NaN
0.42 2.9600E+01   NaN
0.42 3.0600E+01   NaN
0.42 3.1600E+01   NaN
0.42 3.2600E+01   NaN
0.42 3.3600E+01   NaN
0.42 3.4600E+01   NaN
0.42 4.0000E+01   NaN
0.42 4.5000E+01   NaN
0.42 5.0000E+01   NaN
0.42 5.5000E+01   NaN
0.42 6.0000E+01   NaN
0.42 6.5000E+01 8.90079E-07
0.42 7.0000E+01 2.87786E-05
0.42 7.5000E+01 2.35406E-06
0.42 8.0000E+01 9.08053E-06
0.42 8.5000E+01 9.50894E-06
0.42 1.0000E+02 2.49399E-06
0.42 1.1000E+02 1.12420E-06
0.42 1.2000E+02 7.40502E-06
0.42 1.3000E+02 2.24801E-06
0.42 1.4000E+02 1.18363E-06
0.42 1.5000E+02 2.16747E-06
0.42 1.6000E+02 1.07883E-06
0.42 1.7000E+02 9.37644E-07
0.42 1.8000E+02 9.75989E-07
0.42 1.9000E+02 9.21643E-07
0.42 2.1000E+02 9.03471E-07
0.42 2.3000E+02 1.34023E-07
0.42 2.5000E+02 9.31963E-07
0.42 2.7000E+02 6.87135E-07
0.42 2.9000E+02 5.89440E-07
0.42 3.1000E+02 5.56377E-07
0.42 3.3000E+02 4.72948E-07
0.42 3.5000E+02 4.48236E-07
0.42 3.7000E+02 4.04084E-07
0.42 3.9000E+02 3.54617E-07
0.42 4.3000E+02 2.84141E-07
0.42 4.7000E+02 2.36450E-07
0.42 5.1000E+02 1.95892E-07 


0.43 2.5600E+01   NaN
0.43 2.6600E+01   NaN
0.43 2.7600E+01   NaN
0.43 2.8600E+01   NaN
0.43 2.9600E+01   NaN
0.43 3.0600E+01   NaN
0.43 3.1600E+01   NaN
0.43 3.2600E+01   NaN
0.43 3.3600E+01   NaN
0.43 3.4600E+01   NaN
0.43 4.0000E+01   NaN
0.43 4.5000E+01   NaN
0.43 5.0000E+01   NaN
0.43 5.5000E+01   NaN
0.43 6.0000E+01   NaN
0.43 6.5000E+01 1.84472E-07
0.43 7.0000E+01 3.78618E-06
0.43 7.5000E+01 5.09358E-07
0.43 8.0000E+01 1.89375E-06
0.43 8.5000E+01 4.57624E-06
0.43 1.0000E+02 1.25958E-06
0.43 1.1000E+02 1.74330E-06
0.43 1.2000E+02 2.04280E-06
0.43 1.3000E+02 1.83097E-06
0.43 1.4000E+02 1.48534E-06
0.43 1.5000E+02 1.47126E-06
0.43 1.6000E+02 1.33874E-06
0.43 1.7000E+02 1.13088E-06
0.43 1.8000E+02 9.02174E-07
0.43 1.9000E+02 4.81669E-07
0.43 2.1000E+02 7.60662E-07
0.43 2.3000E+02 7.54929E-07
0.43 2.5000E+02 1.30288E-08
0.43 2.7000E+02 6.00904E-07
0.43 2.9000E+02 4.31347E-07
0.43 3.1000E+02 4.28045E-07
0.43 3.3000E+02 4.38761E-07
0.43 3.5000E+02 2.98035E-07
0.43 3.7000E+02 3.20585E-07
0.43 3.9000E+02 2.78935E-07
0.43 4.3000E+02 2.02477E-07
0.43 4.7000E+02 1.61025E-07
0.43 5.1000E+02 1.53315E-07 


0.44 2.5600E+01   NaN
0.44 2.6600E+01   NaN
0.44 2.7600E+01   NaN
0.44 2.8600E+01   NaN
0.44 2.9600E+01   NaN
0.44 3.0600E+01   NaN
0.44 3.1600E+01   NaN
0.44 3.2600E+01   NaN
0.44 3.3600E+01   NaN
0.44 3.4600E+01   NaN
0.44 4.0000E+01   NaN
0.44 4.5000E+01   NaN
0.44 5.0000E+01   NaN
0.44 5.5000E+01   NaN
0.44 6.0000E+01   NaN
0.44 6.5000E+01 6.72399E-08
0.44 7.0000E+01 5.81688E-07
0.44 7.5000E+01 3.39589E-07
0.44 8.0000E+01 4.76619E-06
0.44 8.5000E+01 1.76916E-06
0.44 1.0000E+02 8.93704E-07
0.44 1.1000E+02 1.70017E-06
0.44 1.2000E+02 1.47778E-06
0.44 1.3000E+02 2.22374E-06
0.44 1.4000E+02 2.11312E-06
0.44 1.5000E+02 1.85881E-06
0.44 1.6000E+02 1.77569E-06
0.44 1.7000E+02 1.85558E-06
0.44 1.8000E+02 1.58607E-06
0.44 1.9000E+02 1.26367E-06
0.44 2.1000E+02 9.74424E-07
0.44 2.3000E+02 9.24101E-07
0.44 2.5000E+02 1.01016E-06
0.44 2.7000E+02 4.28699E-07
0.44 2.9000E+02 5.31031E-07
0.44 3.1000E+02 5.01589E-07
0.44 3.3000E+02 4.86704E-07
0.44 3.5000E+02 4.53126E-07
0.44 3.7000E+02 4.07063E-07
0.44 3.9000E+02 3.80471E-07
0.44 4.3000E+02 2.19453E-07
0.44 4.7000E+02 2.46031E-07
0.44 5.1000E+02 2.00213E-07 


0.45 2.5600E+01   NaN
0.45 2.6600E+01   NaN
0.45 2.7600E+01   NaN
0.45 2.8600E+01   NaN
0.45 2.9600E+01   NaN
0.45 3.0600E+01   NaN
0.45 3.1600E+01   NaN
0.45 3.2600E+01   NaN
0.45 3.3600E+01   NaN
0.45 3.4600E+01   NaN
0.45 4.0000E+01   NaN
0.45 4.5000E+01   NaN
0.45 5.0000E+01   NaN
0.45 5.5000E+01   NaN
0.45 6.0000E+01   NaN
0.45 6.5000E+01 9.33043E-07
0.45 7.0000E+01 2.30207E-06
0.45 7.5000E+01 1.08313E-06
0.45 8.0000E+01 1.42077E-05
0.45 8.5000E+01 4.89754E-06
0.45 1.0000E+02 4.26618E-06
0.45 1.1000E+02 1.33339E-05
0.45 1.2000E+02 2.23543E-05
0.45 1.3000E+02 3.12797E-05
0.45 1.4000E+02 3.22686E-05
0.45 1.5000E+02 3.43950E-05
0.45 1.6000E+02 3.54000E-05
0.45 1.7000E+02 3.64328E-05
0.45 1.8000E+02 3.83936E-05
0.45 1.9000E+02 3.59449E-05
0.45 2.1000E+02 2.62303E-05
0.45 2.3000E+02 2.12344E-05
0.45 2.5000E+02 2.29250E-05
0.45 2.7000E+02 2.15032E-05
0.45 2.9000E+02 1.41194E-05
0.45 3.1000E+02 1.32008E-05
0.45 3.3000E+02 1.21910E-05
0.45 3.5000E+02 1.15537E-05
0.45 3.7000E+02 1.08575E-05
0.45 3.9000E+02 1.02849E-05
0.45 4.3000E+02 9.31641E-06
0.45 4.7000E+02 8.06238E-06
0.45 5.1000E+02 7.79928E-06 


0.46 2.5600E+01   NaN
0.46 2.6600E+01   NaN
0.46 2.7600E+01   NaN
0.46 2.8600E+01   NaN
0.46 2.9600E+01   NaN
0.46 3.0600E+01   NaN
0.46 3.1600E+01   NaN
0.46 3.2600E+01   NaN
0.46 3.3600E+01   NaN
0.46 3.4600E+01   NaN
0.46 4.0000E+01   NaN
0.46 4.5000E+01   NaN
0.46 5.0000E+01   NaN
0.46 5.5000E+01   NaN
0.46 6.0000E+01   NaN
0.46 6.5000E+01   NaN
0.46 7.0000E+01 4.02517E-08
0.46 7.5000E+01 3.60008E-06
0.46 8.0000E+01 4.07266E-07
0.46 8.5000E+01 1.73309E-06
0.46 1.0000E+02 1.25053E-05
0.46 1.1000E+02 1.18421E-05
0.46 1.2000E+02 1.42766E-05
0.46 1.3000E+02 1.40007E-05
0.46 1.4000E+02 1.91475E-05
0.46 1.5000E+02 1.61845E-05
0.46 1.6000E+02 1.55683E-05
0.46 1.7000E+02 1.52901E-05
0.46 1.8000E+02 1.57446E-05
0.46 1.9000E+02 1.77438E-05
0.46 2.1000E+02 1.43443E-05
0.46 2.3000E+02 1.14497E-05
0.46 2.5000E+02 8.98262E-06
0.46 2.7000E+02 1.03799E-05
0.46 2.9000E+02 1.04905E-05
0.46 3.1000E+02 7.28234E-06
0.46 3.3000E+02 6.75818E-06
0.46 3.5000E+02 6.23238E-06
0.46 3.7000E+02 5.90641E-06
0.46 3.9000E+02 5.45832E-06
0.46 4.3000E+02 4.85570E-06
0.46 4.7000E+02 4.32872E-06
0.46 5.1000E+02 3.85966E-06 


0.47 2.5600E+01   NaN
0.47 2.6600E+01   NaN
0.47 2.7600E+01   NaN
0.47 2.8600E+01   NaN
0.47 2.9600E+01   NaN
0.47 3.0600E+01   NaN
0.47 3.1600E+01   NaN
0.47 3.2600E+01   NaN
0.47 3.3600E+01   NaN
0.47 3.4600E+01   NaN
0.47 4.0000E+01   NaN
0.47 4.5000E+01   NaN
0.47 5.0000E+01   NaN
0.47 5.5000E+01   NaN
0.47 6.0000E+01   NaN
0.47 6.5000E+01   NaN
0.47 7.0000E+01 3.03266E-06
0.47 7.5000E+01 1.43064E-06
0.47 8.0000E+01 5.12725E-07
0.47 8.5000E+01 3.14962E-06
0.47 1.0000E+02 6.10406E-06
0.47 1.1000E+02 6.02077E-06
0.47 1.2000E+02 5.25729E-06
0.47 1.3000E+02 4.84140E-06
0.47 1.4000E+02 4.73032E-06
0.47 1.5000E+02 5.00022E-06
0.47 1.6000E+02 4.78725E-06
0.47 1.7000E+02 4.53930E-06
0.47 1.8000E+02 4.23923E-06
0.47 1.9000E+02 4.63815E-06
0.47 2.1000E+02 4.48543E-06
0.47 2.3000E+02 3.86773E-06
0.47 2.5000E+02 3.15790E-06
0.47 2.7000E+02 3.06867E-06
0.47 2.9000E+02 3.09353E-06
0.47 3.1000E+02 2.57779E-06
0.47 3.3000E+02 2.12064E-06
0.47 3.5000E+02 2.00729E-06
0.47 3.7000E+02 1.81391E-06
0.47 3.9000E+02 1.68691E-06
0.47 4.3000E+02 1.46975E-06
0.47 4.7000E+02 1.23022E-06
0.47 5.1000E+02 1.17475E-06 


0.48 2.5600E+01   NaN
0.48 2.6600E+01   NaN
0.48 2.7600E+01   NaN
0.48 2.8600E+01   NaN
0.48 2.9600E+01   NaN
0.48 3.0600E+01   NaN
0.48 3.1600E+01   NaN
0.48 3.2600E+01   NaN
0.48 3.3600E+01   NaN
0.48 3.4600E+01   NaN
0.48 4.0000E+01   NaN
0.48 4.5000E+01   NaN
0.48 5.0000E+01   NaN
0.48 5.5000E+01   NaN
0.48 6.0000E+01   NaN
0.48 6.5000E+01   NaN
0.48 7.0000E+01 5.21586E-07
0.48 7.5000E+01 1.81971E-06
0.48 8.0000E+01 1.45707E-06
0.48 8.5000E+01 3.54305E-06
0.48 1.0000E+02 4.17845E-06
0.48 1.1000E+02 4.69539E-06
0.48 1.2000E+02 4.54741E-06
0.48 1.3000E+02 3.77010E-06
0.48 1.4000E+02 3.22146E-06
0.48 1.5000E+02 3.26565E-06
0.48 1.6000E+02 3.62034E-06
0.48 1.7000E+02 3.14541E-06
0.48 1.8000E+02 4.06446E-06
0.48 1.9000E+02 2.70474E-06
0.48 2.1000E+02 2.90924E-06
0.48 2.3000E+02 2.64922E-06
0.48 2.5000E+02 2.27540E-06
0.48 2.7000E+02 1.90123E-06
0.48 2.9000E+02 1.86505E-06
0.48 3.1000E+02 1.83828E-06
0.48 3.3000E+02 1.34795E-06
0.48 3.5000E+02 1.30271E-06
0.48 3.7000E+02 1.21664E-06
0.48 3.9000E+02 1.11514E-06
0.48 4.3000E+02 8.60836E-07
0.48 4.7000E+02 8.08937E-07
0.48 5.1000E+02 7.33751E-07 


0.49 2.5600E+01   NaN
0.49 2.6600E+01   NaN
0.49 2.7600E+01   NaN
0.49 2.8600E+01   NaN
0.49 2.9600E+01   NaN
0.49 3.0600E+01   NaN
0.49 3.1600E+01   NaN
0.49 3.2600E+01   NaN
0.49 3.3600E+01   NaN
0.49 3.4600E+01   NaN
0.49 4.0000E+01   NaN
0.49 4.5000E+01   NaN
0.49 5.0000E+01   NaN
0.49 5.5000E+01   NaN
0.49 6.0000E+01   NaN
0.49 6.5000E+01   NaN
0.49 7.0000E+01 2.14856E-06
0.49 7.5000E+01 2.19701E-06
0.49 8.0000E+01 1.98867E-06
0.49 8.5000E+01 4.64323E-06
0.49 1.0000E+02 4.22539E-06
0.49 1.1000E+02 3.59170E-06
0.49 1.2000E+02 3.35122E-06
0.49 1.3000E+02 3.34244E-06
0.49 1.4000E+02 2.91164E-06
0.49 1.5000E+02 2.60853E-06
0.49 1.6000E+02 2.92774E-06
0.49 1.7000E+02 2.34033E-06
0.49 1.8000E+02 2.49290E-06
0.49 1.9000E+02 2.21399E-06
0.49 2.1000E+02 2.14949E-06
0.49 2.3000E+02 2.14296E-06
0.49 2.5000E+02 1.72341E-06
0.49 2.7000E+02 1.53359E-06
0.49 2.9000E+02 1.34167E-06
0.49 3.1000E+02 1.33195E-06
0.49 3.3000E+02 1.36017E-06
0.49 3.5000E+02 1.00298E-06
0.49 3.7000E+02 8.04894E-07
0.49 3.9000E+02 1.01751E-06
0.49 4.3000E+02 7.12451E-07
0.49 4.7000E+02 5.92449E-07
0.49 5.1000E+02 6.08001E-07 


0.50 2.5600E+01   NaN
0.50 2.6600E+01   NaN
0.50 2.7600E+01   NaN
0.50 2.8600E+01   NaN
0.50 2.9600E+01   NaN
0.50 3.0600E+01   NaN
0.50 3.1600E+01   NaN
0.50 3.2600E+01   NaN
0.50 3.3600E+01   NaN
0.50 3.4600E+01   NaN
0.50 4.0000E+01   NaN
0.50 4.5000E+01   NaN
0.50 5.0000E+01   NaN
0.50 5.5000E+01   NaN
0.50 6.0000E+01   NaN
0.50 6.5000E+01   NaN
0.50 7.0000E+01 2.19928E-07
0.50 7.5000E+01 5.26060E-07
0.50 8.0000E+01 1.92306E-06
0.50 8.5000E+01 3.95313E-06
0.50 1.0000E+02 4.83572E-06
0.50 1.1000E+02 3.60328E-06
0.50 1.2000E+02 3.33380E-06
0.50 1.3000E+02 2.90836E-06
0.50 1.4000E+02 2.46827E-06
0.50 1.5000E+02 2.28128E-06
0.50 1.6000E+02 2.21008E-06
0.50 1.7000E+02 2.15423E-06
0.50 1.8000E+02 2.02676E-06
0.50 1.9000E+02 1.97546E-06
0.50 2.1000E+02 1.62007E-06
0.50 2.3000E+02 2.92457E-07
0.50 2.5000E+02 1.54399E-06
0.50 2.7000E+02 1.33035E-06
0.50 2.9000E+02 1.10932E-06
0.50 3.1000E+02 9.79133E-07
0.50 3.3000E+02 1.01406E-06
0.50 3.5000E+02 9.93967E-07
0.50 3.7000E+02 7.41981E-07
0.50 3.9000E+02 6.74937E-07
0.50 4.3000E+02 5.58912E-07
0.50 4.7000E+02 4.81859E-07
0.50 5.1000E+02 4.25201E-07 


0.51 2.5600E+01   NaN
0.51 2.6600E+01   NaN
0.51 2.7600E+01   NaN
0.51 2.8600E+01   NaN
0.51 2.9600E+01   NaN
0.51 3.0600E+01   NaN
0.51 3.1600E+01   NaN
0.51 3.2600E+01   NaN
0.51 3.3600E+01   NaN
0.51 3.4600E+01   NaN
0.51 4.0000E+01   NaN
0.51 4.5000E+01   NaN
0.51 5.0000E+01   NaN
0.51 5.5000E+01   NaN
0.51 6.0000E+01   NaN
0.51 6.5000E+01   NaN
0.51 7.0000E+01 7.68320E-08
0.51 7.5000E+01 1.19812E-06
0.51 8.0000E+01 1.66616E-06
0.51 8.5000E+01 4.93948E-06
0.51 1.0000E+02 3.56073E-06
0.51 1.1000E+02 3.38906E-06
0.51 1.2000E+02 3.33380E-06
0.51 1.3000E+02 2.61002E-06
0.51 1.4000E+02 1.91630E-06
0.51 1.5000E+02 2.32998E-06
0.51 1.6000E+02 1.91921E-06
0.51 1.7000E+02 2.05225E-06
0.51 1.8000E+02 1.79316E-06
0.51 1.9000E+02 1.67879E-06
0.51 2.1000E+02 1.21920E-06
0.51 2.3000E+02 1.34588E-06
0.51 2.5000E+02 1.29649E-06
0.51 2.7000E+02 1.16356E-06
0.51 2.9000E+02 9.47643E-07
0.51 3.1000E+02 8.35317E-07
0.51 3.3000E+02 7.49279E-07
0.51 3.5000E+02 7.88119E-07
0.51 3.7000E+02 6.91657E-07
0.51 3.9000E+02 5.28516E-07
0.51 4.3000E+02 4.53165E-07
0.51 4.7000E+02 3.70066E-07
0.51 5.1000E+02 3.21238E-07 


0.52 2.5600E+01   NaN
0.52 2.6600E+01   NaN
0.52 2.7600E+01   NaN
0.52 2.8600E+01   NaN
0.52 2.9600E+01   NaN
0.52 3.0600E+01   NaN
0.52 3.1600E+01   NaN
0.52 3.2600E+01   NaN
0.52 3.3600E+01   NaN
0.52 3.4600E+01   NaN
0.52 4.0000E+01   NaN
0.52 4.5000E+01   NaN
0.52 5.0000E+01   NaN
0.52 5.5000E+01   NaN
0.52 6.0000E+01   NaN
0.52 6.5000E+01   NaN
0.52 7.0000E+01 1.28225E-07
0.52 7.5000E+01 1.96281E-06
0.52 8.0000E+01 1.36580E-06
0.52 8.5000E+01 5.52181E-06
0.52 1.0000E+02 2.81638E-06
0.52 1.1000E+02 2.14632E-06
0.52 1.2000E+02 3.12664E-06
0.52 1.3000E+02 2.80703E-06
0.52 1.4000E+02 2.75176E-06
0.52 1.5000E+02 2.42061E-06
0.52 1.6000E+02 2.18306E-06
0.52 1.7000E+02 1.64228E-06
0.52 1.8000E+02 2.23737E-06
0.52 1.9000E+02 1.61445E-06
0.52 2.1000E+02 1.29625E-06
0.52 2.3000E+02 1.08052E-06
0.52 2.5000E+02 1.09471E-06
0.52 2.7000E+02 9.79167E-07
0.52 2.9000E+02 9.24790E-07
0.52 3.1000E+02 7.58636E-07
0.52 3.3000E+02 6.46346E-07
0.52 3.5000E+02 5.92232E-07
0.52 3.7000E+02 6.54724E-07
0.52 3.9000E+02 5.55379E-07
0.52 4.3000E+02 3.98774E-07
0.52 4.7000E+02 3.06390E-07
0.52 5.1000E+02 2.32411E-07 


0.53 2.5600E+01   NaN
0.53 2.6600E+01   NaN
0.53 2.7600E+01   NaN
0.53 2.8600E+01   NaN
0.53 2.9600E+01   NaN
0.53 3.0600E+01   NaN
0.53 3.1600E+01   NaN
0.53 3.2600E+01   NaN
0.53 3.3600E+01   NaN
0.53 3.4600E+01   NaN
0.53 4.0000E+01   NaN
0.53 4.5000E+01   NaN
0.53 5.0000E+01   NaN
0.53 5.5000E+01   NaN
0.53 6.0000E+01   NaN
0.53 6.5000E+01   NaN
0.53 7.0000E+01 1.71636E-09
0.53 7.5000E+01 3.95870E-06
0.53 8.0000E+01 6.35562E-06
0.53 8.5000E+01 5.01640E-06
0.53 1.0000E+02 1.18342E-06
0.53 1.1000E+02 2.58088E-06
0.53 1.2000E+02 3.73694E-06
0.53 1.3000E+02 5.42597E-06
0.53 1.4000E+02 5.02428E-06
0.53 1.5000E+02 4.63924E-06
0.53 1.6000E+02 5.31880E-06
0.53 1.7000E+02 4.34196E-06
0.53 1.8000E+02 3.03287E-06
0.53 1.9000E+02 4.33872E-06
0.53 2.1000E+02 3.09160E-06
0.53 2.3000E+02 2.12563E-06
0.53 2.5000E+02 1.93484E-06
0.53 2.7000E+02 1.80478E-06
0.53 2.9000E+02 1.85225E-06
0.53 3.1000E+02 1.68027E-06
0.53 3.3000E+02 1.39861E-06
0.53 3.5000E+02 1.18459E-06
0.53 3.7000E+02 1.00317E-06
0.53 3.9000E+02 1.08457E-06
0.53 4.3000E+02 9.72462E-07
0.53 4.7000E+02 7.56427E-07
0.53 5.1000E+02 6.17317E-07 


0.54 2.5600E+01   NaN
0.54 2.6600E+01   NaN
0.54 2.7600E+01   NaN
0.54 2.8600E+01   NaN
0.54 2.9600E+01   NaN
0.54 3.0600E+01   NaN
0.54 3.1600E+01   NaN
0.54 3.2600E+01   NaN
0.54 3.3600E+01   NaN
0.54 3.4600E+01   NaN
0.54 4.0000E+01   NaN
0.54 4.5000E+01   NaN
0.54 5.0000E+01   NaN
0.54 5.5000E+01   NaN
0.54 6.0000E+01   NaN
0.54 6.5000E+01   NaN
0.54 7.0000E+01 2.38095E-05
0.54 7.5000E+01 3.18622E-05
0.54 8.0000E+01 5.63995E-05
0.54 8.5000E+01 3.18339E-05
0.54 1.0000E+02 9.89129E-05
0.54 1.1000E+02 1.83576E-04
0.54 1.2000E+02 2.39141E-04
0.54 1.3000E+02 3.65741E-04
0.54 1.4000E+02 4.51192E-04
0.54 1.5000E+02 4.44164E-04
0.54 1.6000E+02 4.89350E-04
0.54 1.7000E+02 5.26933E-04
0.54 1.8000E+02 4.40504E-04
0.54 1.9000E+02 3.11686E-04
0.54 2.1000E+02 3.97758E-04
0.54 2.3000E+02 3.11189E-04
0.54 2.5000E+02 2.45945E-04
0.54 2.7000E+02 2.22331E-04
0.54 2.9000E+02 2.12105E-04
0.54 3.1000E+02 2.02606E-04
0.54 3.3000E+02 1.90575E-04
0.54 3.5000E+02 1.73252E-04
0.54 3.7000E+02 1.51734E-04
0.54 3.9000E+02 1.29872E-04
0.54 4.3000E+02 1.34469E-04
0.54 4.7000E+02 1.18288E-04
0.54 5.1000E+02 1.02884E-04 


0.55 2.5600E+01   NaN
0.55 2.6600E+01   NaN
0.55 2.7600E+01   NaN
0.55 2.8600E+01   NaN
0.55 2.9600E+01   NaN
0.55 3.0600E+01   NaN
0.55 3.1600E+01   NaN
0.55 3.2600E+01   NaN
0.55 3.3600E+01   NaN
0.55 3.4600E+01   NaN
0.55 4.0000E+01   NaN
0.55 4.5000E+01   NaN
0.55 5.0000E+01   NaN
0.55 5.5000E+01   NaN
0.55 6.0000E+01   NaN
0.55 6.5000E+01   NaN
0.55 7.0000E+01 2.00472E-06
0.55 7.5000E+01 6.54382E-07
0.55 8.0000E+01 2.03967E-06
0.55 8.5000E+01 3.73557E-06
0.55 1.0000E+02 1.71042E-05
0.55 1.1000E+02 1.89568E-05
0.55 1.2000E+02 2.30697E-05
0.55 1.3000E+02 1.86862E-05
0.55 1.4000E+02 2.27888E-05
0.55 1.5000E+02 2.29565E-05
0.55 1.6000E+02 2.24702E-05
0.55 1.7000E+02 2.44260E-05
0.55 1.8000E+02 2.54910E-05
0.55 1.9000E+02 1.99286E-05
0.55 2.1000E+02 2.14245E-05
0.55 2.3000E+02 1.91264E-05
0.55 2.5000E+02 1.54960E-05
0.55 2.7000E+02 1.30147E-05
0.55 2.9000E+02 1.19159E-05
0.55 3.1000E+02 1.12472E-05
0.55 3.3000E+02 1.06278E-05
0.55 3.5000E+02 9.60086E-06
0.55 3.7000E+02 8.99371E-06
0.55 3.9000E+02 8.05375E-06
0.55 4.3000E+02 7.07256E-06
0.55 4.7000E+02 6.70869E-06
0.55 5.1000E+02 5.94908E-06 


0.56 2.5600E+01   NaN
0.56 2.6600E+01   NaN
0.56 2.7600E+01   NaN
0.56 2.8600E+01   NaN
0.56 2.9600E+01   NaN
0.56 3.0600E+01   NaN
0.56 3.1600E+01   NaN
0.56 3.2600E+01   NaN
0.56 3.3600E+01   NaN
0.56 3.4600E+01   NaN
0.56 4.0000E+01   NaN
0.56 4.5000E+01   NaN
0.56 5.0000E+01   NaN
0.56 5.5000E+01   NaN
0.56 6.0000E+01   NaN
0.56 6.5000E+01   NaN
0.56 7.0000E+01 8.64004E-07
0.56 7.5000E+01 9.17302E-07
0.56 8.0000E+01 3.34773E-06
0.56 8.5000E+01 4.21428E-06
0.56 1.0000E+02 9.73065E-06
0.56 1.1000E+02 9.75162E-06
0.56 1.2000E+02 8.88735E-06
0.56 1.3000E+02 7.36370E-06
0.56 1.4000E+02 8.50532E-06
0.56 1.5000E+02 8.45502E-06
0.56 1.6000E+02 9.01582E-06
0.56 1.7000E+02 7.99996E-06
0.56 1.8000E+02 8.43522E-06
0.56 1.9000E+02 8.57276E-06
0.56 2.1000E+02 7.19151E-06
0.56 2.3000E+02 6.80725E-06
0.56 2.5000E+02 6.22425E-06
0.56 2.7000E+02 5.10050E-06
0.56 2.9000E+02 4.45879E-06
0.56 3.1000E+02 4.13812E-06
0.56 3.3000E+02 3.83865E-06
0.56 3.5000E+02 3.57689E-06
0.56 3.7000E+02 3.34951E-06
0.56 3.9000E+02 3.05235E-06
0.56 4.3000E+02 2.37646E-06
0.56 4.7000E+02 2.37299E-06
0.56 5.1000E+02 2.10856E-06 


0.57 2.5600E+01   NaN
0.57 2.6600E+01   NaN
0.57 2.7600E+01   NaN
0.57 2.8600E+01   NaN
0.57 2.9600E+01   NaN
0.57 3.0600E+01   NaN
0.57 3.1600E+01   NaN
0.57 3.2600E+01   NaN
0.57 3.3600E+01   NaN
0.57 3.4600E+01   NaN
0.57 4.0000E+01   NaN
0.57 4.5000E+01   NaN
0.57 5.0000E+01   NaN
0.57 5.5000E+01   NaN
0.57 6.0000E+01   NaN
0.57 6.5000E+01   NaN
0.57 7.0000E+01 8.35999E-07
0.57 7.5000E+01 9.84638E-07
0.57 8.0000E+01 3.23916E-06
0.57 8.5000E+01 3.72067E-06
0.57 1.0000E+02 8.98258E-06
0.57 1.1000E+02 7.05120E-06
0.57 1.2000E+02 6.78454E-06
0.57 1.3000E+02 6.09151E-06
0.57 1.4000E+02 5.76007E-06
0.57 1.5000E+02 5.84115E-06
0.57 1.6000E+02 5.63426E-06
0.57 1.7000E+02 5.44690E-06
0.57 1.8000E+02 5.19954E-06
0.57 1.9000E+02 5.60099E-06
0.57 2.1000E+02 4.41609E-06
0.57 2.3000E+02 4.50266E-06
0.57 2.5000E+02 4.32385E-06
0.57 2.7000E+02 3.53784E-06
0.57 2.9000E+02 3.02104E-06
0.57 3.1000E+02 2.61110E-06
0.57 3.3000E+02 2.73172E-06
0.57 3.5000E+02 2.36034E-06
0.57 3.7000E+02 2.18604E-06
0.57 3.9000E+02 2.02078E-06
0.57 4.3000E+02 1.63395E-06
0.57 4.7000E+02 1.48821E-06
0.57 5.1000E+02 1.35710E-06 


0.58 2.5600E+01   NaN
0.58 2.6600E+01   NaN
0.58 2.7600E+01   NaN
0.58 2.8600E+01   NaN
0.58 2.9600E+01   NaN
0.58 3.0600E+01   NaN
0.58 3.1600E+01   NaN
0.58 3.2600E+01   NaN
0.58 3.3600E+01   NaN
0.58 3.4600E+01   NaN
0.58 4.0000E+01   NaN
0.58 4.5000E+01   NaN
0.58 5.0000E+01   NaN
0.58 5.5000E+01   NaN
0.58 6.0000E+01   NaN
0.58 6.5000E+01   NaN
0.58 7.0000E+01 1.31386E-06
0.58 7.5000E+01 9.89093E-07
0.58 8.0000E+01 1.99903E-06
0.58 8.5000E+01 5.44606E-06
0.58 1.0000E+02 8.94893E-06
0.58 1.1000E+02 5.95796E-06
0.58 1.2000E+02 6.14445E-06
0.58 1.3000E+02 7.30518E-06
0.58 1.4000E+02 4.54988E-06
0.58 1.5000E+02 4.82631E-06
0.58 1.6000E+02 4.39060E-06
0.58 1.7000E+02 4.92021E-06
0.58 1.8000E+02 4.03686E-06
0.58 1.9000E+02 4.05494E-06
0.58 2.1000E+02 3.87119E-06
0.58 2.3000E+02 3.49751E-06
0.58 2.5000E+02 3.19096E-06
0.58 2.7000E+02 3.00677E-06
0.58 2.9000E+02 2.47134E-06
0.58 3.1000E+02 2.10135E-06
0.58 3.3000E+02 1.92738E-06
0.58 3.5000E+02 1.79028E-06
0.58 3.7000E+02 1.67041E-06
0.58 3.9000E+02 1.54928E-06
0.58 4.3000E+02 1.27724E-06
0.58 4.7000E+02 9.77506E-07
0.58 5.1000E+02 1.01579E-06 


0.59 2.5600E+01   NaN
0.59 2.6600E+01   NaN
0.59 2.7600E+01   NaN
0.59 2.8600E+01   NaN
0.59 2.9600E+01   NaN
0.59 3.0600E+01   NaN
0.59 3.1600E+01   NaN
0.59 3.2600E+01   NaN
0.59 3.3600E+01   NaN
0.59 3.4600E+01   NaN
0.59 4.0000E+01   NaN
0.59 4.5000E+01   NaN
0.59 5.0000E+01   NaN
0.59 5.5000E+01   NaN
0.59 6.0000E+01   NaN
0.59 6.5000E+01   NaN
0.59 7.0000E+01 2.45835E-07
0.59 7.5000E+01 1.71973E-06
0.59 8.0000E+01 1.90576E-06
0.59 8.5000E+01 7.06233E-06
0.59 1.0000E+02 8.60262E-06
0.59 1.1000E+02 6.89680E-06
0.59 1.2000E+02 6.04847E-06
0.59 1.3000E+02 4.88395E-06
0.59 1.4000E+02 3.84617E-06
0.59 1.5000E+02 4.12413E-06
0.59 1.6000E+02 3.85002E-06
0.59 1.7000E+02 3.70400E-06
0.59 1.8000E+02 3.51023E-06
0.59 1.9000E+02 3.15188E-06
0.59 2.1000E+02 3.34651E-06
0.59 2.3000E+02 2.45362E-06
0.59 2.5000E+02 2.59355E-06
0.59 2.7000E+02 2.52768E-06
0.59 2.9000E+02 2.14864E-06
0.59 3.1000E+02 1.79526E-06
0.59 3.3000E+02 1.57027E-06
0.59 3.5000E+02 1.41913E-06
0.59 3.7000E+02 1.34025E-06
0.59 3.9000E+02 1.19353E-06
0.59 4.3000E+02 1.00105E-06
0.59 4.7000E+02 8.21446E-07
0.59 5.1000E+02 7.56572E-07 


0.60 2.5600E+01   NaN
0.60 2.6600E+01   NaN
0.60 2.7600E+01   NaN
0.60 2.8600E+01   NaN
0.60 2.9600E+01   NaN
0.60 3.0600E+01   NaN
0.60 3.1600E+01   NaN
0.60 3.2600E+01   NaN
0.60 3.3600E+01   NaN
0.60 3.4600E+01   NaN
0.60 4.0000E+01   NaN
0.60 4.5000E+01   NaN
0.60 5.0000E+01   NaN
0.60 5.5000E+01   NaN
0.60 6.0000E+01   NaN
0.60 6.5000E+01   NaN
0.60 7.0000E+01 6.38500E-07
0.60 7.5000E+01 1.88348E-06
0.60 8.0000E+01 2.95283E-06
0.60 8.5000E+01 6.62230E-06
0.60 1.0000E+02 4.55069E-06
0.60 1.1000E+02 5.58088E-06
0.60 1.2000E+02 5.40713E-06
0.60 1.3000E+02 4.16178E-06
0.60 1.4000E+02 4.93987E-06
0.60 1.5000E+02 3.57705E-06
0.60 1.6000E+02 3.55829E-06
0.60 1.7000E+02 3.08080E-06
0.60 1.8000E+02 3.32737E-06
0.60 1.9000E+02 2.70403E-06
0.60 2.1000E+02 2.79883E-06
0.60 2.3000E+02 2.34122E-06
0.60 2.5000E+02 2.19370E-06
0.60 2.7000E+02 2.17102E-06
0.60 2.9000E+02 1.89790E-06
0.60 3.1000E+02 1.59514E-06
0.60 3.3000E+02 1.33552E-06
0.60 3.5000E+02 1.15136E-06
0.60 3.7000E+02 1.04603E-06
0.60 3.9000E+02 9.77419E-07
0.60 4.3000E+02 8.46359E-07
0.60 4.7000E+02 6.82487E-07
0.60 5.1000E+02 4.83361E-07 


0.61 2.5600E+01   NaN
0.61 2.6600E+01   NaN
0.61 2.7600E+01   NaN
0.61 2.8600E+01   NaN
0.61 2.9600E+01   NaN
0.61 3.0600E+01   NaN
0.61 3.1600E+01   NaN
0.61 3.2600E+01   NaN
0.61 3.3600E+01   NaN
0.61 3.4600E+01   NaN
0.61 4.0000E+01   NaN
0.61 4.5000E+01   NaN
0.61 5.0000E+01   NaN
0.61 5.5000E+01   NaN
0.61 6.0000E+01   NaN
0.61 6.5000E+01   NaN
0.61 7.0000E+01 1.00297E-06
0.61 7.5000E+01 1.87571E-06
0.61 8.0000E+01 1.33321E-06
0.61 8.5000E+01 6.10253E-06
0.61 1.0000E+02 5.80990E-06
0.61 1.1000E+02 4.92287E-06
0.61 1.2000E+02 4.54616E-06
0.61 1.3000E+02 4.64230E-06
0.61 1.4000E+02 5.24877E-06
0.61 1.5000E+02 3.56124E-06
0.61 1.6000E+02 3.46683E-06
0.61 1.7000E+02 3.12825E-06
0.61 1.8000E+02 2.84652E-06
0.61 1.9000E+02 2.67231E-06
0.61 2.1000E+02 2.36922E-06
0.61 2.3000E+02 2.42251E-06
0.61 2.5000E+02 1.70302E-06
0.61 2.7000E+02 1.76278E-06
0.61 2.9000E+02 1.73181E-06
0.61 3.1000E+02 1.48441E-06
0.61 3.3000E+02 1.26826E-06
0.61 3.5000E+02 1.04095E-06
0.61 3.7000E+02 9.00959E-07
0.61 3.9000E+02 7.98540E-07
0.61 4.3000E+02 6.88544E-07
0.61 4.7000E+02 6.05130E-07
0.61 5.1000E+02 4.23729E-07 


0.62 2.5600E+01   NaN
0.62 2.6600E+01   NaN
0.62 2.7600E+01   NaN
0.62 2.8600E+01   NaN
0.62 2.9600E+01   NaN
0.62 3.0600E+01   NaN
0.62 3.1600E+01   NaN
0.62 3.2600E+01   NaN
0.62 3.3600E+01   NaN
0.62 3.4600E+01   NaN
0.62 4.0000E+01   NaN
0.62 4.5000E+01   NaN
0.62 5.0000E+01   NaN
0.62 5.5000E+01   NaN
0.62 6.0000E+01   NaN
0.62 6.5000E+01   NaN
0.62 7.0000E+01 1.21273E-06
0.62 7.5000E+01 1.68509E-06
0.62 8.0000E+01 2.38720E-06
0.62 8.5000E+01 8.03141E-06
0.62 1.0000E+02 3.66941E-06
0.62 1.1000E+02 4.71601E-06
0.62 1.2000E+02 4.83055E-06
0.62 1.3000E+02 7.03647E-06
0.62 1.4000E+02 5.70223E-06
0.62 1.5000E+02 7.23057E-06
0.62 1.6000E+02 5.27090E-06
0.62 1.7000E+02 5.06604E-06
0.62 1.8000E+02 4.38615E-06
0.62 1.9000E+02 4.38342E-06
0.62 2.1000E+02 2.81683E-06
0.62 2.3000E+02 3.21680E-06
0.62 2.5000E+02 2.59093E-06
0.62 2.7000E+02 2.20218E-06
0.62 2.9000E+02 2.20911E-06
0.62 3.1000E+02 2.15725E-06
0.62 3.3000E+02 1.92964E-06
0.62 3.5000E+02 1.62974E-06
0.62 3.7000E+02 1.36578E-06
0.62 3.9000E+02 1.17043E-06
0.62 4.3000E+02 9.34535E-07
0.62 4.7000E+02 7.97886E-07
0.62 5.1000E+02 7.02879E-07 


0.63 2.5600E+01   NaN
0.63 2.6600E+01   NaN
0.63 2.7600E+01   NaN
0.63 2.8600E+01   NaN
0.63 2.9600E+01   NaN
0.63 3.0600E+01   NaN
0.63 3.1600E+01   NaN
0.63 3.2600E+01   NaN
0.63 3.3600E+01   NaN
0.63 3.4600E+01   NaN
0.63 4.0000E+01   NaN
0.63 4.5000E+01   NaN
0.63 5.0000E+01   NaN
0.63 5.5000E+01   NaN
0.63 6.0000E+01   NaN
0.63 6.5000E+01   NaN
0.63 7.0000E+01 4.72402E-06
0.63 7.5000E+01 6.91796E-06
0.63 8.0000E+01 1.91565E-06
0.63 8.5000E+01 2.08418E-05
0.63 1.0000E+02 1.79211E-06
0.63 1.1000E+02 1.30572E-05
0.63 1.2000E+02 3.40391E-05
0.63 1.3000E+02 4.92280E-05
0.63 1.4000E+02 5.57355E-05
0.63 1.5000E+02 5.98344E-05
0.63 1.6000E+02 6.50215E-05
0.63 1.7000E+02 5.67048E-05
0.63 1.8000E+02 5.59189E-05
0.63 1.9000E+02 5.21823E-05
0.63 2.1000E+02 3.98469E-05
0.63 2.3000E+02 3.26236E-05
0.63 2.5000E+02 3.61674E-05
0.63 2.7000E+02 2.37449E-05
0.63 2.9000E+02 2.39620E-05
0.63 3.1000E+02 2.39901E-05
0.63 3.3000E+02 2.36384E-05
0.63 3.5000E+02 2.24199E-05
0.63 3.7000E+02 2.04431E-05
0.63 3.9000E+02 1.83922E-05
0.63 4.3000E+02 1.47963E-05
0.63 4.7000E+02 1.28266E-05
0.63 5.1000E+02 1.18416E-05 


0.64 2.5600E+01   NaN
0.64 2.6600E+01   NaN
0.64 2.7600E+01   NaN
0.64 2.8600E+01   NaN
0.64 2.9600E+01   NaN
0.64 3.0600E+01   NaN
0.64 3.1600E+01   NaN
0.64 3.2600E+01   NaN
0.64 3.3600E+01   NaN
0.64 3.4600E+01   NaN
0.64 4.0000E+01   NaN
0.64 4.5000E+01   NaN
0.64 5.0000E+01   NaN
0.64 5.5000E+01   NaN
0.64 6.0000E+01   NaN
0.64 6.5000E+01   NaN
0.64 7.0000E+01 1.23850E-05
0.64 7.5000E+01 1.96108E-05
0.64 8.0000E+01 3.18622E-05
0.64 8.5000E+01 3.53758E-06
0.64 1.0000E+02 8.11841E-05
0.64 1.1000E+02 1.09372E-04
0.64 1.2000E+02 1.46049E-04
0.64 1.3000E+02 1.69680E-04
0.64 1.4000E+02 2.28840E-04
0.64 1.5000E+02 2.13467E-04
0.64 1.6000E+02 2.70311E-04
0.64 1.7000E+02 2.38838E-04
0.64 1.8000E+02 2.28248E-04
0.64 1.9000E+02 2.26778E-04
0.64 2.1000E+02 1.98949E-04
0.64 2.3000E+02 1.48000E-04
0.64 2.5000E+02 1.47419E-04
0.64 2.7000E+02 1.44925E-04
0.64 2.9000E+02 1.08782E-04
0.64 3.1000E+02 1.03493E-04
0.64 3.3000E+02 1.00999E-04
0.64 3.5000E+02 9.81827E-05
0.64 3.7000E+02 9.32439E-05
0.64 3.9000E+02 8.64053E-05
0.64 4.3000E+02 7.22111E-05
0.64 4.7000E+02 6.14028E-05
0.64 5.1000E+02 5.57479E-05 


0.65 2.5600E+01   NaN
0.65 2.6600E+01   NaN
0.65 2.7600E+01   NaN
0.65 2.8600E+01   NaN
0.65 2.9600E+01   NaN
0.65 3.0600E+01   NaN
0.65 3.1600E+01   NaN
0.65 3.2600E+01   NaN
0.65 3.3600E+01   NaN
0.65 3.4600E+01   NaN
0.65 4.0000E+01   NaN
0.65 4.5000E+01   NaN
0.65 5.0000E+01   NaN
0.65 5.5000E+01   NaN
0.65 6.0000E+01   NaN
0.65 6.5000E+01   NaN
0.65 7.0000E+01 9.91826E-07
0.65 7.5000E+01 4.42731E-06
0.65 8.0000E+01 7.83794E-06
0.65 8.5000E+01 8.74497E-07
0.65 1.0000E+02 2.17409E-05
0.65 1.1000E+02 2.28861E-05
0.65 1.2000E+02 2.02081E-05
0.65 1.3000E+02 1.99855E-05
0.65 1.4000E+02 2.31571E-05
0.65 1.5000E+02 2.20722E-05
0.65 1.6000E+02 2.35688E-05
0.65 1.7000E+02 2.45678E-05
0.65 1.8000E+02 2.30422E-05
0.65 1.9000E+02 2.29910E-05
0.65 2.1000E+02 2.16897E-05
0.65 2.3000E+02 1.76768E-05
0.65 2.5000E+02 1.49577E-05
0.65 2.7000E+02 1.53813E-05
0.65 2.9000E+02 1.21409E-05
0.65 3.1000E+02 1.07019E-05
0.65 3.3000E+02 1.02975E-05
0.65 3.5000E+02 9.97892E-06
0.65 3.7000E+02 9.61675E-06
0.65 3.9000E+02 9.18131E-06
0.65 4.3000E+02 7.76653E-06
0.65 4.7000E+02 6.59205E-06
0.65 5.1000E+02 5.83532E-06 


