0.40 2.5600E+01   NaN
0.40 2.6600E+01 2.08999E-05
0.40 2.7600E+01 1.16824E-04
0.40 2.8600E+01 2.70752E-04
0.40 2.9600E+01 8.27976E-04
0.40 3.0600E+01 1.69862E-03
0.40 3.1600E+01 2.59311E-03
0.40 3.2600E+01 2.72469E-03
0.40 3.3600E+01 2.14490E-03
0.40 3.4600E+01 1.56326E-03
0.40 4.0000E+01 2.35284E-03
0.40 4.5000E+01 1.01697E-03
0.40 5.0000E+01 1.19012E-03
0.40 5.5000E+01 7.89506E-04
0.40 6.0000E+01 8.26489E-04
0.40 6.5000E+01 5.15154E-04
0.40 7.0000E+01 7.45246E-04
0.40 7.5000E+01 5.07767E-04
0.40 8.0000E+01 3.71484E-04
0.40 8.5000E+01 3.98564E-04
0.40 1.0000E+02 1.41398E-04
0.40 1.1000E+02 2.57743E-04
0.40 1.2000E+02 1.45410E-04
0.40 1.3000E+02 7.82987E-05
0.40 1.4000E+02 7.21648E-05
0.40 1.5000E+02 6.51693E-05
0.40 1.6000E+02 7.00263E-05
0.40 1.7000E+02 4.87787E-05
0.40 1.8000E+02 3.68856E-05
0.40 1.9000E+02 2.98557E-05
0.40 2.1000E+02 1.87448E-05
0.40 2.3000E+02 2.26616E-05
0.40 2.5000E+02 1.66712E-05
0.40 2.7000E+02 1.22641E-05
0.40 2.9000E+02 9.22125E-06
0.40 3.1000E+02 6.70511E-06
0.40 3.3000E+02 5.33603E-06
0.40 3.5000E+02 4.22771E-06
0.40 3.7000E+02 3.52919E-06
0.40 3.9000E+02 2.96726E-06
0.40 4.3000E+02 2.17066E-06
0.40 4.7000E+02 1.56454E-06
0.40 5.1000E+02 1.25014E-06 


0.41 2.5600E+01   NaN
0.41 2.6600E+01 1.72744E-05
0.41 2.7600E+01 6.14821E-05
0.41 2.8600E+01 1.60653E-04
0.41 2.9600E+01 6.75980E-04
0.41 3.0600E+01 1.41965E-03
0.41 3.1600E+01 2.25765E-03
0.41 3.2600E+01 2.95706E-03
0.41 3.3600E+01 2.98023E-03
0.41 3.4600E+01 2.47051E-03
0.41 4.0000E+01 2.31895E-03
0.41 4.5000E+01 1.59690E-03
0.41 5.0000E+01 1.42150E-03
0.41 5.5000E+01 1.21803E-03
0.41 6.0000E+01 8.63702E-04
0.41 6.5000E+01 6.49575E-04
0.41 7.0000E+01 5.96092E-04
0.41 7.5000E+01 7.56973E-04
0.41 8.0000E+01 3.82503E-04
0.41 8.5000E+01 3.83273E-04
0.41 1.0000E+02 2.22785E-04
0.41 1.1000E+02 1.40493E-04
0.41 1.2000E+02 1.65494E-04
0.41 1.3000E+02 1.12902E-04
0.41 1.4000E+02 7.87664E-05
0.41 1.5000E+02 5.99898E-05
0.41 1.6000E+02 5.46217E-05
0.41 1.7000E+02 4.94750E-05
0.41 1.8000E+02 4.30216E-05
0.41 1.9000E+02 2.75160E-05
0.41 2.1000E+02 2.22150E-05
0.41 2.3000E+02 2.24372E-05
0.41 2.5000E+02 1.84734E-05
0.41 2.7000E+02 1.30351E-05
0.41 2.9000E+02 1.00544E-05
0.41 3.1000E+02 7.54943E-06
0.41 3.3000E+02 5.77813E-06
0.41 3.5000E+02 4.44811E-06
0.41 3.7000E+02 3.52474E-06
0.41 3.9000E+02 3.07285E-06
0.41 4.3000E+02 2.32163E-06
0.41 4.7000E+02 1.74070E-06
0.41 5.1000E+02 1.32288E-06 


0.42 2.5600E+01   NaN
0.42 2.6600E+01 1.81417E-05
0.42 2.7600E+01 1.19164E-04
0.42 2.8600E+01 1.57903E-04
0.42 2.9600E+01 5.11790E-04
0.42 3.0600E+01 1.19058E-03
0.42 3.1600E+01 1.99567E-03
0.42 3.2600E+01 2.68268E-03
0.42 3.3600E+01 3.25593E-03
0.42 3.4600E+01 2.52547E-03
0.42 4.0000E+01 1.70475E-03
0.42 4.5000E+01 1.31881E-03
0.42 5.0000E+01 1.59078E-03
0.42 5.5000E+01 1.46393E-03
0.42 6.0000E+01 5.06310E-04
0.42 6.5000E+01 6.85220E-04
0.42 7.0000E+01 6.89741E-04
0.42 7.5000E+01 5.29970E-04
0.42 8.0000E+01 4.77230E-04
0.42 8.5000E+01 3.56092E-04
0.42 1.0000E+02 2.74596E-04
0.42 1.1000E+02 1.45884E-04
0.42 1.2000E+02 1.96123E-04
0.42 1.3000E+02 1.29144E-04
0.42 1.4000E+02 8.35621E-05
0.42 1.5000E+02 6.44222E-05
0.42 1.6000E+02 5.34533E-05
0.42 1.7000E+02 4.82214E-05
0.42 1.8000E+02 4.39336E-05
0.42 1.9000E+02 3.77842E-05
0.42 2.1000E+02 2.44618E-05
0.42 2.3000E+02 1.51576E-05
0.42 2.5000E+02 1.90858E-05
0.42 2.7000E+02 1.46536E-05
0.42 2.9000E+02 1.13246E-05
0.42 3.1000E+02 8.53642E-06
0.42 3.3000E+02 6.48908E-06
0.42 3.5000E+02 4.97226E-06
0.42 3.7000E+02 3.97046E-06
0.42 3.9000E+02 3.35352E-06
0.42 4.3000E+02 2.29889E-06
0.42 4.7000E+02 1.76310E-06
0.42 5.1000E+02 1.39062E-06 


0.43 2.5600E+01   NaN
0.43 2.6600E+01   NaN
0.43 2.7600E+01 4.73493E-05
0.43 2.8600E+01 1.40491E-04
0.43 2.9600E+01 3.93228E-04
0.43 3.0600E+01 9.87668E-04
0.43 3.1600E+01 1.76507E-03
0.43 3.2600E+01 2.71414E-03
0.43 3.3600E+01 3.05814E-03
0.43 3.4600E+01 3.13440E-03
0.43 4.0000E+01 2.69138E-03
0.43 4.5000E+01 1.43647E-03
0.43 5.0000E+01 1.49932E-03
0.43 5.5000E+01 1.16830E-03
0.43 6.0000E+01 1.06071E-03
0.43 6.5000E+01 6.19400E-04
0.43 7.0000E+01 7.31114E-04
0.43 7.5000E+01 5.26821E-04
0.43 8.0000E+01 6.97039E-04
0.43 8.5000E+01 4.02484E-04
0.43 1.0000E+02 2.94005E-04
0.43 1.1000E+02 1.88412E-04
0.43 1.2000E+02 1.27050E-04
0.43 1.3000E+02 1.66294E-04
0.43 1.4000E+02 1.06467E-04
0.43 1.5000E+02 7.39309E-05
0.43 1.6000E+02 5.44633E-05
0.43 1.7000E+02 4.74829E-05
0.43 1.8000E+02 4.40144E-05
0.43 1.9000E+02 3.89850E-05
0.43 2.1000E+02 2.82796E-05
0.43 2.3000E+02 1.79187E-05
0.43 2.5000E+02 1.28307E-05
0.43 2.7000E+02 1.56043E-05
0.43 2.9000E+02 1.22273E-05
0.43 3.1000E+02 9.46793E-06
0.43 3.3000E+02 7.26595E-06
0.43 3.5000E+02 5.55267E-06
0.43 3.7000E+02 4.34892E-06
0.43 3.9000E+02 3.47804E-06
0.43 4.3000E+02 2.77067E-06
0.43 4.7000E+02 1.86084E-06
0.43 5.1000E+02 1.42762E-06 


0.44 2.5600E+01   NaN
0.44 2.6600E+01   NaN
0.44 2.7600E+01 5.95282E-05
0.44 2.8600E+01 1.15832E-04
0.44 2.9600E+01 2.55884E-04
0.44 3.0600E+01 6.20415E-04
0.44 3.1600E+01 1.49722E-03
0.44 3.2600E+01 2.39396E-03
0.44 3.3600E+01 2.82766E-03
0.44 3.4600E+01 2.89969E-03
0.44 4.0000E+01 1.73891E-03
0.44 4.5000E+01 2.06189E-03
0.44 5.0000E+01 1.00658E-03
0.44 5.5000E+01 1.56756E-03
0.44 6.0000E+01 1.66047E-03
0.44 6.5000E+01 5.95713E-04
0.44 7.0000E+01 7.36706E-04
0.44 7.5000E+01 5.94744E-04
0.44 8.0000E+01 5.43701E-04
0.44 8.5000E+01 5.55284E-04
0.44 1.0000E+02 2.46202E-04
0.44 1.1000E+02 2.21701E-04
0.44 1.2000E+02 1.40924E-04
0.44 1.3000E+02 1.44170E-04
0.44 1.4000E+02 1.29742E-04
0.44 1.5000E+02 8.58715E-05
0.44 1.6000E+02 6.04902E-05
0.44 1.7000E+02 4.75618E-05
0.44 1.8000E+02 4.29927E-05
0.44 1.9000E+02 3.92166E-05
0.44 2.1000E+02 3.05661E-05
0.44 2.3000E+02 1.96963E-05
0.44 2.5000E+02 1.27925E-05
0.44 2.7000E+02 1.56132E-05
0.44 2.9000E+02 1.29585E-05
0.44 3.1000E+02 1.00186E-05
0.44 3.3000E+02 7.95148E-06
0.44 3.5000E+02 6.22715E-06
0.44 3.7000E+02 4.83815E-06
0.44 3.9000E+02 3.80845E-06
0.44 4.3000E+02 2.65501E-06
0.44 4.7000E+02 1.92070E-06
0.44 5.1000E+02 1.49996E-06 


0.45 2.5600E+01   NaN
0.45 2.6600E+01   NaN
0.45 2.7600E+01 2.92732E-05
0.45 2.8600E+01 1.14083E-04
0.45 2.9600E+01 2.18512E-04
0.45 3.0600E+01 5.60798E-04
0.45 3.1600E+01 1.20551E-03
0.45 3.2600E+01 2.15054E-03
0.45 3.3600E+01 3.04882E-03
0.45 3.4600E+01 3.49160E-03
0.45 4.0000E+01 2.37447E-03
0.45 4.5000E+01 2.33949E-03
0.45 5.0000E+01 1.77994E-03
0.45 5.5000E+01 1.65625E-03
0.45 6.0000E+01 1.02576E-03
0.45 6.5000E+01 6.99555E-04
0.45 7.0000E+01 6.76664E-04
0.45 7.5000E+01 7.06258E-04
0.45 8.0000E+01 4.75408E-04
0.45 8.5000E+01 4.57282E-04
0.45 1.0000E+02 2.28028E-04
0.45 1.1000E+02 2.31418E-04
0.45 1.2000E+02 1.66304E-04
0.45 1.3000E+02 1.04683E-04
0.45 1.4000E+02 1.48598E-04
0.45 1.5000E+02 1.02193E-04
0.45 1.6000E+02 7.14221E-05
0.45 1.7000E+02 5.18127E-05
0.45 1.8000E+02 4.24162E-05
0.45 1.9000E+02 3.83412E-05
0.45 2.1000E+02 3.17159E-05
0.45 2.3000E+02 2.34044E-05
0.45 2.5000E+02 1.53872E-05
0.45 2.7000E+02 1.09881E-05
0.45 2.9000E+02 1.36040E-05
0.45 3.1000E+02 1.08909E-05
0.45 3.3000E+02 8.59569E-06
0.45 3.5000E+02 6.76040E-06
0.45 3.7000E+02 5.65504E-06
0.45 3.9000E+02 4.16885E-06
0.45 4.3000E+02 2.82851E-06
0.45 4.7000E+02 2.02818E-06
0.45 5.1000E+02 2.29788E-06 


0.46 2.5600E+01   NaN
0.46 2.6600E+01   NaN
0.46 2.7600E+01 4.42812E-05
0.46 2.8600E+01 7.00061E-05
0.46 2.9600E+01 1.35732E-04
0.46 3.0600E+01 5.35284E-04
0.46 3.1600E+01 1.00023E-03
0.46 3.2600E+01 1.81539E-03
0.46 3.3600E+01 2.72363E-03
0.46 3.4600E+01 3.25785E-03
0.46 4.0000E+01 2.01311E-03
0.46 4.5000E+01 2.48625E-03
0.46 5.0000E+01 1.73219E-03
0.46 5.5000E+01 1.48331E-03
0.46 6.0000E+01 1.26139E-03
0.46 6.5000E+01 1.17748E-03
0.46 7.0000E+01 5.55083E-04
0.46 7.5000E+01 7.19491E-04
0.46 8.0000E+01 5.76456E-04
0.46 8.5000E+01 4.58115E-04
0.46 1.0000E+02 2.33260E-04
0.46 1.1000E+02 2.19684E-04
0.46 1.2000E+02 1.91701E-04
0.46 1.3000E+02 1.26290E-04
0.46 1.4000E+02 1.68848E-04
0.46 1.5000E+02 1.15681E-04
0.46 1.6000E+02 8.46148E-05
0.46 1.7000E+02 5.90857E-05
0.46 1.8000E+02 4.40687E-05
0.46 1.9000E+02 3.87175E-05
0.46 2.1000E+02 3.16176E-05
0.46 2.3000E+02 2.51465E-05
0.46 2.5000E+02 1.69004E-05
0.46 2.7000E+02 1.24582E-05
0.46 2.9000E+02 9.48987E-06
0.46 3.1000E+02 1.16732E-05
0.46 3.3000E+02 9.25079E-06
0.46 3.5000E+02 7.37950E-06
0.46 3.7000E+02 5.81741E-06
0.46 3.9000E+02 4.65603E-06
0.46 4.3000E+02 3.00353E-06
0.46 4.7000E+02 2.09510E-06
0.46 5.1000E+02 1.58545E-06 


0.47 2.5600E+01   NaN
0.47 2.6600E+01   NaN
0.47 2.7600E+01 3.67088E-05
0.47 2.8600E+01 6.65203E-05
0.47 2.9600E+01 1.28635E-04
0.47 3.0600E+01 2.95898E-04
0.47 3.1600E+01 7.65833E-04
0.47 3.2600E+01 1.50941E-03
0.47 3.3600E+01 2.39442E-03
0.47 3.4600E+01 3.30318E-03
0.47 4.0000E+01 1.76378E-03
0.47 4.5000E+01 2.47362E-03
0.47 5.0000E+01 1.38099E-03
0.47 5.5000E+01 1.20050E-03
0.47 6.0000E+01 1.48183E-03
0.47 6.5000E+01 9.11122E-04
0.47 7.0000E+01 6.37627E-04
0.47 7.5000E+01 6.30245E-04
0.47 8.0000E+01 6.67315E-04
0.47 8.5000E+01 4.65031E-04
0.47 1.0000E+02 2.90821E-04
0.47 1.1000E+02 1.97598E-04
0.47 1.2000E+02 1.98595E-04
0.47 1.3000E+02 1.48915E-04
0.47 1.4000E+02 9.64333E-05
0.47 1.5000E+02 1.26869E-04
0.47 1.6000E+02 9.79458E-05
0.47 1.7000E+02 7.09583E-05
0.47 1.8000E+02 4.94420E-05
0.47 1.9000E+02 3.88566E-05
0.47 2.1000E+02 3.13579E-05
0.47 2.3000E+02 2.61181E-05
0.47 2.5000E+02 1.96926E-05
0.47 2.7000E+02 1.36633E-05
0.47 2.9000E+02 8.96132E-06
0.47 3.1000E+02 1.13366E-05
0.47 3.3000E+02 9.79194E-06
0.47 3.5000E+02 7.94438E-06
0.47 3.7000E+02 6.38287E-06
0.47 3.9000E+02 5.11202E-06
0.47 4.3000E+02 3.30900E-06
0.47 4.7000E+02 1.73468E-06
0.47 5.1000E+02 1.64150E-06 


0.48 2.5600E+01   NaN
0.48 2.6600E+01   NaN
0.48 2.7600E+01   NaN
0.48 2.8600E+01 4.77541E-05
0.48 2.9600E+01 1.44247E-04
0.48 3.0600E+01 2.61969E-04
0.48 3.1600E+01 5.97780E-04
0.48 3.2600E+01 1.24169E-03
0.48 3.3600E+01 1.93427E-03
0.48 3.4600E+01 2.87949E-03
0.48 4.0000E+01 2.89796E-03
0.48 4.5000E+01 2.31880E-03
0.48 5.0000E+01 1.97914E-03
0.48 5.5000E+01 1.39120E-03
0.48 6.0000E+01 1.58246E-03
0.48 6.5000E+01 8.61411E-04
0.48 7.0000E+01 1.02799E-03
0.48 7.5000E+01 5.19252E-04
0.48 8.0000E+01 6.59905E-04
0.48 8.5000E+01 5.66984E-04
0.48 1.0000E+02 3.90443E-04
0.48 1.1000E+02 1.93888E-04
0.48 1.2000E+02 1.67024E-04
0.48 1.3000E+02 1.69006E-04
0.48 1.4000E+02 1.16927E-04
0.48 1.5000E+02 8.51941E-05
0.48 1.6000E+02 1.10039E-04
0.48 1.7000E+02 8.11075E-05
0.48 1.8000E+02 5.10521E-05
0.48 1.9000E+02 4.28201E-05
0.48 2.1000E+02 3.07596E-05
0.48 2.3000E+02 2.61605E-05
0.48 2.5000E+02 2.10383E-05
0.48 2.7000E+02 1.54626E-05
0.48 2.9000E+02 1.06796E-05
0.48 3.1000E+02 7.21280E-06
0.48 3.3000E+02 9.96352E-06
0.48 3.5000E+02 8.36022E-06
0.48 3.7000E+02 6.66357E-06
0.48 3.9000E+02 5.34066E-06
0.48 4.3000E+02 4.11459E-06
0.48 4.7000E+02 2.52608E-06
0.48 5.1000E+02 1.74477E-06 


0.49 2.5600E+01   NaN
0.49 2.6600E+01   NaN
0.49 2.7600E+01   NaN
0.49 2.8600E+01 4.68119E-05
0.49 2.9600E+01 1.18014E-04
0.49 3.0600E+01 2.11658E-04
0.49 3.1600E+01 4.80772E-04
0.49 3.2600E+01 9.45858E-04
0.49 3.3600E+01 1.73861E-03
0.49 3.4600E+01 2.51663E-03
0.49 4.0000E+01 2.27872E-03
0.49 4.5000E+01 2.23446E-03
0.49 5.0000E+01 2.27671E-03
0.49 5.5000E+01 1.59562E-03
0.49 6.0000E+01 1.39073E-03
0.49 6.5000E+01 1.17664E-03
0.49 7.0000E+01 8.69055E-04
0.49 7.5000E+01 5.68891E-04
0.49 8.0000E+01 5.65721E-04
0.49 8.5000E+01 6.12734E-04
0.49 1.0000E+02 4.61814E-04
0.49 1.1000E+02 2.22318E-04
0.49 1.2000E+02 1.76070E-04
0.49 1.3000E+02 1.72819E-04
0.49 1.4000E+02 1.32901E-04
0.49 1.5000E+02 8.74408E-05
0.49 1.6000E+02 1.07053E-04
0.49 1.7000E+02 9.85142E-05
0.49 1.8000E+02 6.77874E-05
0.49 1.9000E+02 5.04545E-05
0.49 2.1000E+02 3.16903E-05
0.49 2.3000E+02 2.60557E-05
0.49 2.5000E+02 2.15500E-05
0.49 2.7000E+02 1.67975E-05
0.49 2.9000E+02 1.23789E-05
0.49 3.1000E+02 8.33188E-06
0.49 3.3000E+02 6.45148E-06
0.49 3.5000E+02 8.55393E-06
0.49 3.7000E+02 7.22793E-06
0.49 3.9000E+02 5.03441E-06
0.49 4.3000E+02 4.00301E-06
0.49 4.7000E+02 2.71293E-06
0.49 5.1000E+02 2.11806E-06 


0.50 2.5600E+01   NaN
0.50 2.6600E+01   NaN
0.50 2.7600E+01   NaN
0.50 2.8600E+01 5.10411E-05
0.50 2.9600E+01 8.24378E-05
0.50 3.0600E+01 1.85692E-04
0.50 3.1600E+01 3.74555E-04
0.50 3.2600E+01 7.04653E-04
0.50 3.3600E+01 1.46353E-03
0.50 3.4600E+01 2.21093E-03
0.50 4.0000E+01 3.08349E-03
0.50 4.5000E+01 1.91447E-03
0.50 5.0000E+01 2.34470E-03
0.50 5.5000E+01 1.61732E-03
0.50 6.0000E+01 1.11726E-03
0.50 6.5000E+01 1.40684E-03
0.50 7.0000E+01 7.72159E-04
0.50 7.5000E+01 8.26140E-04
0.50 8.0000E+01 4.78399E-04
0.50 8.5000E+01 5.91850E-04
0.50 1.0000E+02 3.26736E-04
0.50 1.1000E+02 2.92888E-04
0.50 1.2000E+02 1.66317E-04
0.50 1.3000E+02 1.66680E-04
0.50 1.4000E+02 1.46702E-04
0.50 1.5000E+02 1.03183E-04
0.50 1.6000E+02 7.26278E-05
0.50 1.7000E+02 1.00808E-04
0.50 1.8000E+02 8.02716E-05
0.50 1.9000E+02 5.91684E-05
0.50 2.1000E+02 3.33720E-05
0.50 2.3000E+02 2.66498E-05
0.50 2.5000E+02 2.16700E-05
0.50 2.7000E+02 1.77761E-05
0.50 2.9000E+02 1.37164E-05
0.50 3.1000E+02 1.03126E-05
0.50 3.3000E+02 6.75573E-06
0.50 3.5000E+02 7.73821E-06
0.50 3.7000E+02 7.41259E-06
0.50 3.9000E+02 6.28319E-06
0.50 4.3000E+02 4.30355E-06
0.50 4.7000E+02 2.91386E-06
0.50 5.1000E+02 1.99561E-06 


0.51 2.5600E+01   NaN
0.51 2.6600E+01   NaN
0.51 2.7600E+01   NaN
0.51 2.8600E+01 5.34006E-05
0.51 2.9600E+01 8.11104E-05
0.51 3.0600E+01 1.50958E-04
0.51 3.1600E+01 2.94619E-04
0.51 3.2600E+01 5.51397E-04
0.51 3.3600E+01 1.03021E-03
0.51 3.4600E+01 1.86955E-03
0.51 4.0000E+01 3.84055E-03
0.51 4.5000E+01 2.37384E-03
0.51 5.0000E+01 2.28077E-03
0.51 5.5000E+01 1.51882E-03
0.51 6.0000E+01 1.22673E-03
0.51 6.5000E+01 1.37675E-03
0.51 7.0000E+01 9.62119E-04
0.51 7.5000E+01 1.11381E-03
0.51 8.0000E+01 5.08810E-04
0.51 8.5000E+01 5.09795E-04
0.51 1.0000E+02 3.22496E-04
0.51 1.1000E+02 3.76088E-04
0.51 1.2000E+02 1.78754E-04
0.51 1.3000E+02 1.54316E-04
0.51 1.4000E+02 1.52147E-04
0.51 1.5000E+02 1.19614E-04
0.51 1.6000E+02 8.15349E-05
0.51 1.7000E+02 6.95434E-05
0.51 1.8000E+02 8.95439E-05
0.51 1.9000E+02 6.79806E-05
0.51 2.1000E+02 3.77819E-05
0.51 2.3000E+02 2.53330E-05
0.51 2.5000E+02 2.14284E-05
0.51 2.7000E+02 1.81537E-05
0.51 2.9000E+02 1.45982E-05
0.51 3.1000E+02 1.09603E-05
0.51 3.3000E+02 7.82240E-06
0.51 3.5000E+02 5.42100E-06
0.51 3.7000E+02 7.47343E-06
0.51 3.9000E+02 6.50556E-06
0.51 4.3000E+02 4.64273E-06
0.51 4.7000E+02 3.17844E-06
0.51 5.1000E+02 2.18205E-06 


0.52 2.5600E+01   NaN
0.52 2.6600E+01   NaN
0.52 2.7600E+01   NaN
0.52 2.8600E+01 8.94620E-05
0.52 2.9600E+01 1.52018E-04
0.52 3.0600E+01 1.19144E-04
0.52 3.1600E+01 2.37056E-04
0.52 3.2600E+01 4.51678E-04
0.52 3.3600E+01 8.77117E-04
0.52 3.4600E+01 1.52757E-03
0.52 4.0000E+01 3.71391E-03
0.52 4.5000E+01 1.96384E-03
0.52 5.0000E+01 2.55593E-03
0.52 5.5000E+01 2.01869E-03
0.52 6.0000E+01 1.87291E-03
0.52 6.5000E+01 1.19713E-03
0.52 7.0000E+01 1.23064E-03
0.52 7.5000E+01 7.16559E-04
0.52 8.0000E+01 7.55443E-04
0.52 8.5000E+01 4.37803E-04
0.52 1.0000E+02 3.88659E-04
0.52 1.1000E+02 4.82663E-04
0.52 1.2000E+02 2.21512E-04
0.52 1.3000E+02 1.44440E-04
0.52 1.4000E+02 1.45680E-04
0.52 1.5000E+02 1.29842E-04
0.52 1.6000E+02 9.62971E-05
0.52 1.7000E+02 6.60022E-05
0.52 1.8000E+02 8.67297E-05
0.52 1.9000E+02 7.64031E-05
0.52 2.1000E+02 4.42198E-05
0.52 2.3000E+02 2.69845E-05
0.52 2.5000E+02 2.11663E-05
0.52 2.7000E+02 1.85605E-05
0.52 2.9000E+02 1.51751E-05
0.52 3.1000E+02 1.19779E-05
0.52 3.3000E+02 8.97237E-06
0.52 3.5000E+02 6.37326E-06
0.52 3.7000E+02 4.63524E-06
0.52 3.9000E+02 6.63380E-06
0.52 4.3000E+02 4.85171E-06
0.52 4.7000E+02 3.43393E-06
0.52 5.1000E+02 2.32223E-06 


0.53 2.5600E+01   NaN
0.53 2.6600E+01   NaN
0.53 2.7600E+01   NaN
0.53 2.8600E+01   NaN
0.53 2.9600E+01 6.93456E-05
0.53 3.0600E+01 9.77798E-05
0.53 3.1600E+01 2.10447E-04
0.53 3.2600E+01 3.80228E-04
0.53 3.3600E+01 7.21287E-04
0.53 3.4600E+01 1.25231E-03
0.53 4.0000E+01 4.09574E-03
0.53 4.5000E+01 2.04035E-03
0.53 5.0000E+01 2.66617E-03
0.53 5.5000E+01 2.22139E-03
0.53 6.0000E+01 1.26066E-03
0.53 6.5000E+01 9.82345E-04
0.53 7.0000E+01 1.35103E-03
0.53 7.5000E+01 7.98650E-04
0.53 8.0000E+01 1.09127E-03
0.53 8.5000E+01 4.76182E-04
0.53 1.0000E+02 4.68011E-04
0.53 1.1000E+02 2.71074E-04
0.53 1.2000E+02 2.88119E-04
0.53 1.3000E+02 1.50701E-04
0.53 1.4000E+02 1.35084E-04
0.53 1.5000E+02 1.31672E-04
0.53 1.6000E+02 1.08946E-04
0.53 1.7000E+02 7.77342E-05
0.53 1.8000E+02 5.61413E-05
0.53 1.9000E+02 8.10544E-05
0.53 2.1000E+02 5.12568E-05
0.53 2.3000E+02 2.97223E-05
0.53 2.5000E+02 2.10468E-05
0.53 2.7000E+02 1.78121E-05
0.53 2.9000E+02 1.53787E-05
0.53 3.1000E+02 1.27223E-05
0.53 3.3000E+02 9.91674E-06
0.53 3.5000E+02 7.44018E-06
0.53 3.7000E+02 5.28342E-06
0.53 3.9000E+02 4.34194E-06
0.53 4.3000E+02 5.05130E-06
0.53 4.7000E+02 3.64241E-06
0.53 5.1000E+02 2.59586E-06 


0.54 2.5600E+01   NaN
0.54 2.6600E+01   NaN
0.54 2.7600E+01   NaN
0.54 2.8600E+01   NaN
0.54 2.9600E+01 7.04132E-05
0.54 3.0600E+01 9.55625E-05
0.54 3.1600E+01 1.76620E-04
0.54 3.2600E+01 2.68032E-04
0.54 3.3600E+01 6.00060E-04
0.54 3.4600E+01 9.89449E-04
0.54 4.0000E+01 4.59304E-03
0.54 4.5000E+01 3.29141E-03
0.54 5.0000E+01 2.18026E-03
0.54 5.5000E+01 2.23421E-03
0.54 6.0000E+01 1.24747E-03
0.54 6.5000E+01 1.07539E-03
0.54 7.0000E+01 1.26369E-03
0.54 7.5000E+01 1.05283E-03
0.54 8.0000E+01 6.84089E-04
0.54 8.5000E+01 7.01194E-04
0.54 1.0000E+02 4.93479E-04
0.54 1.1000E+02 2.84644E-04
0.54 1.2000E+02 3.55131E-04
0.54 1.3000E+02 1.81005E-04
0.54 1.4000E+02 1.26138E-04
0.54 1.5000E+02 1.27090E-04
0.54 1.6000E+02 1.13366E-04
0.54 1.7000E+02 9.00892E-05
0.54 1.8000E+02 6.28023E-05
0.54 1.9000E+02 5.38338E-05
0.54 2.1000E+02 5.78534E-05
0.54 2.3000E+02 3.41810E-05
0.54 2.5000E+02 2.19316E-05
0.54 2.7000E+02 1.78046E-05
0.54 2.9000E+02 1.52136E-05
0.54 3.1000E+02 1.30017E-05
0.54 3.3000E+02 1.06284E-05
0.54 3.5000E+02 8.24786E-06
0.54 3.7000E+02 6.15217E-06
0.54 3.9000E+02 4.38170E-06
0.54 4.3000E+02 5.13645E-06
0.54 4.7000E+02 3.85653E-06
0.54 5.1000E+02 2.77460E-06 


0.55 2.5600E+01   NaN
0.55 2.6600E+01   NaN
0.55 2.7600E+01   NaN
0.55 2.8600E+01   NaN
0.55 2.9600E+01 6.82120E-05
0.55 3.0600E+01 9.32712E-05
0.55 3.1600E+01 1.45825E-04
0.55 3.2600E+01 2.52549E-04
0.55 3.3600E+01 4.70217E-04
0.55 3.4600E+01 8.01584E-04
0.55 4.0000E+01 3.94505E-03
0.55 4.5000E+01 2.47507E-03
0.55 5.0000E+01 2.24753E-03
0.55 5.5000E+01 2.23925E-03
0.55 6.0000E+01 1.72910E-03
0.55 6.5000E+01 1.66995E-03
0.55 7.0000E+01 1.06956E-03
0.55 7.5000E+01 1.23555E-03
0.55 8.0000E+01 6.92890E-04
0.55 8.5000E+01 9.84470E-04
0.55 1.0000E+02 4.64667E-04
0.55 1.1000E+02 3.47740E-04
0.55 1.2000E+02 2.98063E-04
0.55 1.3000E+02 2.29698E-04
0.55 1.4000E+02 1.29255E-04
0.55 1.5000E+02 1.18191E-04
0.55 1.6000E+02 1.14511E-04
0.55 1.7000E+02 9.92648E-05
0.55 1.8000E+02 7.41250E-05
0.55 1.9000E+02 5.32166E-05
0.55 2.1000E+02 6.41932E-05
0.55 2.3000E+02 3.95663E-05
0.55 2.5000E+02 2.41265E-05
0.55 2.7000E+02 1.76738E-05
0.55 2.9000E+02 1.51702E-05
0.55 3.1000E+02 1.31369E-05
0.55 3.3000E+02 1.10581E-05
0.55 3.5000E+02 8.73359E-06
0.55 3.7000E+02 6.93356E-06
0.55 3.9000E+02 5.13159E-06
0.55 4.3000E+02 5.12610E-06
0.55 4.7000E+02 4.01702E-06
0.55 5.1000E+02 2.96325E-06 


0.56 2.5600E+01   NaN
0.56 2.6600E+01   NaN
0.56 2.7600E+01   NaN
0.56 2.8600E+01   NaN
0.56 2.9600E+01 9.85802E-05
0.56 3.0600E+01 7.77985E-05
0.56 3.1600E+01 1.22891E-04
0.56 3.2600E+01 2.29250E-04
0.56 3.3600E+01 3.72512E-04
0.56 3.4600E+01 6.86266E-04
0.56 4.0000E+01 4.24546E-03
0.56 4.5000E+01 3.13048E-03
0.56 5.0000E+01 2.36983E-03
0.56 5.5000E+01 2.45511E-03
0.56 6.0000E+01 2.06826E-03
0.56 6.5000E+01 1.18784E-03
0.56 7.0000E+01 9.18931E-04
0.56 7.5000E+01 1.23530E-03
0.56 8.0000E+01 9.16558E-04
0.56 8.5000E+01 6.41612E-04
0.56 1.0000E+02 4.07412E-04
0.56 1.1000E+02 4.04265E-04
0.56 1.2000E+02 2.23764E-04
0.56 1.3000E+02 2.91475E-04
0.56 1.4000E+02 1.52069E-04
0.56 1.5000E+02 1.10845E-04
0.56 1.6000E+02 1.10890E-04
0.56 1.7000E+02 1.02460E-04
0.56 1.8000E+02 8.38154E-05
0.56 1.9000E+02 6.09301E-05
0.56 2.1000E+02 6.75588E-05
0.56 2.3000E+02 4.50582E-05
0.56 2.5000E+02 2.75234E-05
0.56 2.7000E+02 1.83765E-05
0.56 2.9000E+02 1.49904E-05
0.56 3.1000E+02 1.30821E-05
0.56 3.3000E+02 1.12548E-05
0.56 3.5000E+02 9.41491E-06
0.56 3.7000E+02 7.55731E-06
0.56 3.9000E+02 5.81790E-06
0.56 4.3000E+02 3.16802E-06
0.56 4.7000E+02 4.10220E-06
0.56 5.1000E+02 3.09417E-06 


0.57 2.5600E+01   NaN
0.57 2.6600E+01   NaN
0.57 2.7600E+01   NaN
0.57 2.8600E+01   NaN
0.57 2.9600E+01   NaN
0.57 3.0600E+01 7.99656E-05
0.57 3.1600E+01 1.12104E-04
0.57 3.2600E+01 1.87343E-04
0.57 3.3600E+01 3.06894E-04
0.57 3.4600E+01 5.43245E-04
0.57 4.0000E+01 3.78029E-03
0.57 4.5000E+01 4.14772E-03
0.57 5.0000E+01 2.00829E-03
0.57 5.5000E+01 2.69421E-03
0.57 6.0000E+01 2.12475E-03
0.57 6.5000E+01 1.10082E-03
0.57 7.0000E+01 1.14007E-03
0.57 7.5000E+01 1.09922E-03
0.57 8.0000E+01 1.10798E-03
0.57 8.5000E+01 6.34658E-04
0.57 1.0000E+02 3.54031E-04
0.57 1.1000E+02 4.21042E-04
0.57 1.2000E+02 2.61405E-04
0.57 1.3000E+02 3.21123E-04
0.57 1.4000E+02 1.91269E-04
0.57 1.5000E+02 1.12919E-04
0.57 1.6000E+02 1.03289E-04
0.57 1.7000E+02 1.00538E-04
0.57 1.8000E+02 9.00740E-05
0.57 1.9000E+02 7.06762E-05
0.57 2.1000E+02 4.04783E-05
0.57 2.3000E+02 5.00242E-05
0.57 2.5000E+02 3.15083E-05
0.57 2.7000E+02 1.99836E-05
0.57 2.9000E+02 1.48764E-05
0.57 3.1000E+02 1.29677E-05
0.57 3.3000E+02 1.12788E-05
0.57 3.5000E+02 9.66233E-06
0.57 3.7000E+02 8.05613E-06
0.57 3.9000E+02 6.42282E-06
0.57 4.3000E+02 3.67198E-06
0.57 4.7000E+02 4.17362E-06
0.57 5.1000E+02 3.24532E-06 


0.58 2.5600E+01   NaN
0.58 2.6600E+01   NaN
0.58 2.7600E+01   NaN
0.58 2.8600E+01   NaN
0.58 2.9600E+01   NaN
0.58 3.0600E+01 8.25022E-05
0.58 3.1600E+01 1.13509E-04
0.58 3.2600E+01 1.55868E-04
0.58 3.3600E+01 2.58905E-04
0.58 3.4600E+01 4.30426E-04
0.58 4.0000E+01 3.28980E-03
0.58 4.5000E+01 4.12314E-03
0.58 5.0000E+01 1.95042E-03
0.58 5.5000E+01 2.19474E-03
0.58 6.0000E+01 2.12296E-03
0.58 6.5000E+01 1.54428E-03
0.58 7.0000E+01 1.56342E-03
0.58 7.5000E+01 9.18680E-04
0.58 8.0000E+01 1.15198E-03
0.58 8.5000E+01 8.17577E-04
0.58 1.0000E+02 3.56159E-04
0.58 1.1000E+02 3.96941E-04
0.58 1.2000E+02 3.13030E-04
0.58 1.3000E+02 2.08213E-04
0.58 1.4000E+02 2.41565E-04
0.58 1.5000E+02 1.30858E-04
0.58 1.6000E+02 9.75874E-05
0.58 1.7000E+02 9.56961E-05
0.58 1.8000E+02 9.08037E-05
0.58 1.9000E+02 7.82886E-05
0.58 2.1000E+02 4.23667E-05
0.58 2.3000E+02 5.54568E-05
0.58 2.5000E+02 3.59345E-05
0.58 2.7000E+02 2.26801E-05
0.58 2.9000E+02 1.55986E-05
0.58 3.1000E+02 1.28014E-05
0.58 3.3000E+02 1.12104E-05
0.58 3.5000E+02 9.78114E-06
0.58 3.7000E+02 8.34946E-06
0.58 3.9000E+02 6.91221E-06
0.58 4.3000E+02 4.24293E-06
0.58 4.7000E+02 2.56981E-06
0.58 5.1000E+02 3.32291E-06 


0.59 2.5600E+01   NaN
0.59 2.6600E+01   NaN
0.59 2.7600E+01   NaN
0.59 2.8600E+01   NaN
0.59 2.9600E+01   NaN
0.59 3.0600E+01 9.37912E-05
0.59 3.1600E+01 9.54460E-05
0.59 3.2600E+01 1.25884E-04
0.59 3.3600E+01 2.37925E-04
0.59 3.4600E+01 3.54531E-04
0.59 4.0000E+01 3.00432E-03
0.59 4.5000E+01 4.20726E-03
0.59 5.0000E+01 2.91609E-03
0.59 5.5000E+01 2.09694E-03
0.59 6.0000E+01 2.13505E-03
0.59 6.5000E+01 1.91984E-03
0.59 7.0000E+01 1.09621E-03
0.59 7.5000E+01 8.44183E-04
0.59 8.0000E+01 1.06225E-03
0.59 8.5000E+01 9.97687E-04
0.59 1.0000E+02 4.63259E-04
0.59 1.1000E+02 3.58092E-04
0.59 1.2000E+02 3.56103E-04
0.59 1.3000E+02 2.04921E-04
0.59 1.4000E+02 2.82404E-04
0.59 1.5000E+02 1.63227E-04
0.59 1.6000E+02 9.98308E-05
0.59 1.7000E+02 9.03854E-05
0.59 1.8000E+02 8.79507E-05
0.59 1.9000E+02 8.14664E-05
0.59 2.1000E+02 4.99553E-05
0.59 2.3000E+02 4.29000E-05
0.59 2.5000E+02 4.00453E-05
0.59 2.7000E+02 2.58455E-05
0.59 2.9000E+02 1.69660E-05
0.59 3.1000E+02 1.28640E-05
0.59 3.3000E+02 1.10823E-05
0.59 3.5000E+02 9.74368E-06
0.59 3.7000E+02 8.47289E-06
0.59 3.9000E+02 7.21992E-06
0.59 4.3000E+02 5.01542E-06
0.59 4.7000E+02 2.73622E-06
0.59 5.1000E+02 3.34720E-06 


0.60 2.5600E+01   NaN
0.60 2.6600E+01   NaN
0.60 2.7600E+01   NaN
0.60 2.8600E+01   NaN
0.60 2.9600E+01   NaN
0.60 3.0600E+01 1.24131E-04
0.60 3.1600E+01 8.64252E-05
0.60 3.2600E+01 1.24188E-04
0.60 3.3600E+01 1.90804E-04
0.60 3.4600E+01 2.96353E-04
0.60 4.0000E+01 2.60585E-03
0.60 4.5000E+01 4.83623E-03
0.60 5.0000E+01 2.75253E-03
0.60 5.5000E+01 2.28519E-03
0.60 6.0000E+01 2.53701E-03
0.60 6.5000E+01 2.05403E-03
0.60 7.0000E+01 1.06276E-03
0.60 7.5000E+01 1.18113E-03
0.60 8.0000E+01 9.10485E-04
0.60 8.5000E+01 1.07150E-03
0.60 1.0000E+02 6.48928E-04
0.60 1.1000E+02 3.11159E-04
0.60 1.2000E+02 3.64624E-04
0.60 1.3000E+02 2.45318E-04
0.60 1.4000E+02 1.95555E-04
0.60 1.5000E+02 2.04202E-04
0.60 1.6000E+02 1.15559E-04
0.60 1.7000E+02 8.63416E-05
0.60 1.8000E+02 8.31287E-05
0.60 1.9000E+02 8.03522E-05
0.60 2.1000E+02 5.74886E-05
0.60 2.3000E+02 3.20783E-05
0.60 2.5000E+02 4.37890E-05
0.60 2.7000E+02 2.92169E-05
0.60 2.9000E+02 1.90970E-05
0.60 3.1000E+02 1.34127E-05
0.60 3.3000E+02 1.09073E-05
0.60 3.5000E+02 9.66964E-06
0.60 3.7000E+02 8.51648E-06
0.60 3.9000E+02 7.40202E-06
0.60 4.3000E+02 5.17202E-06
0.60 4.7000E+02 3.19162E-06
0.60 5.1000E+02 2.27064E-06 


0.61 2.5600E+01   NaN
0.61 2.6600E+01   NaN
0.61 2.7600E+01   NaN
0.61 2.8600E+01   NaN
0.61 2.9600E+01   NaN
0.61 3.0600E+01   NaN
0.61 3.1600E+01 9.01058E-05
0.61 3.2600E+01 1.27529E-04
0.61 3.3600E+01 1.60515E-04
0.61 3.4600E+01 2.69382E-04
0.61 4.0000E+01 2.28642E-03
0.61 4.5000E+01 4.59775E-03
0.61 5.0000E+01 2.69644E-03
0.61 5.5000E+01 2.15648E-03
0.61 6.0000E+01 2.44574E-03
0.61 6.5000E+01 2.05956E-03
0.61 7.0000E+01 1.42032E-03
0.61 7.5000E+01 1.31724E-03
0.61 8.0000E+01 7.87240E-04
0.61 8.5000E+01 1.01154E-03
0.61 1.0000E+02 6.73778E-04
0.61 1.1000E+02 2.96520E-04
0.61 1.2000E+02 3.40652E-04
0.61 1.3000E+02 2.87955E-04
0.61 1.4000E+02 1.68999E-04
0.61 1.5000E+02 2.43565E-04
0.61 1.6000E+02 1.42401E-04
0.61 1.7000E+02 8.98724E-05
0.61 1.8000E+02 7.92177E-05
0.61 1.9000E+02 7.69322E-05
0.61 2.1000E+02 6.32382E-05
0.61 2.3000E+02 3.70051E-05
0.61 2.5000E+02 4.57172E-05
0.61 2.7000E+02 3.27555E-05
0.61 2.9000E+02 2.17053E-05
0.61 3.1000E+02 1.30040E-05
0.61 3.3000E+02 1.11700E-05
0.61 3.5000E+02 9.57190E-06
0.61 3.7000E+02 8.48860E-06
0.61 3.9000E+02 7.46153E-06
0.61 4.3000E+02 5.52783E-06
0.61 4.7000E+02 3.57214E-06
0.61 5.1000E+02 2.11538E-06 


0.62 2.5600E+01   NaN
0.62 2.6600E+01   NaN
0.62 2.7600E+01   NaN
0.62 2.8600E+01   NaN
0.62 2.9600E+01   NaN
0.62 3.0600E+01   NaN
0.62 3.1600E+01 9.95643E-05
0.62 3.2600E+01 1.07682E-04
0.62 3.3600E+01 1.46400E-04
0.62 3.4600E+01 2.31889E-04
0.62 4.0000E+01 1.97004E-03
0.62 4.5000E+01 4.33839E-03
0.62 5.0000E+01 3.81831E-03
0.62 5.5000E+01 1.82992E-03
0.62 6.0000E+01 2.05626E-03
0.62 6.5000E+01 2.06642E-03
0.62 7.0000E+01 1.74778E-03
0.62 7.5000E+01 9.32673E-04
0.62 8.0000E+01 9.18964E-04
0.62 8.5000E+01 8.76290E-04
0.62 1.0000E+02 4.79384E-04
0.62 1.1000E+02 3.56968E-04
0.62 1.2000E+02 3.00952E-04
0.62 1.3000E+02 3.13147E-04
0.62 1.4000E+02 1.98444E-04
0.62 1.5000E+02 1.93675E-04
0.62 1.6000E+02 1.76478E-04
0.62 1.7000E+02 1.04081E-04
0.62 1.8000E+02 7.68722E-05
0.62 1.9000E+02 7.25085E-05
0.62 2.1000E+02 6.57147E-05
0.62 2.3000E+02 4.23225E-05
0.62 2.5000E+02 2.78440E-05
0.62 2.7000E+02 3.57583E-05
0.62 2.9000E+02 2.43847E-05
0.62 3.1000E+02 1.63713E-05
0.62 3.3000E+02 1.16892E-05
0.62 3.5000E+02 9.55130E-06
0.62 3.7000E+02 8.36473E-06
0.62 3.9000E+02 7.45286E-06
0.62 4.3000E+02 5.69854E-06
0.62 4.7000E+02 3.88270E-06
0.62 5.1000E+02 2.48336E-06 


0.63 2.5600E+01   NaN
0.63 2.6600E+01   NaN
0.63 2.7600E+01   NaN
0.63 2.8600E+01   NaN
0.63 2.9600E+01   NaN
0.63 3.0600E+01   NaN
0.63 3.1600E+01 1.18559E-04
0.63 3.2600E+01 9.79702E-05
0.63 3.3600E+01 1.34782E-04
0.63 3.4600E+01 1.91268E-04
0.63 4.0000E+01 1.59673E-03
0.63 4.5000E+01 4.64354E-03
0.63 5.0000E+01 4.33833E-03
0.63 5.5000E+01 2.13619E-03
0.63 6.0000E+01 1.98742E-03
0.63 6.5000E+01 2.21271E-03
0.63 7.0000E+01 1.85059E-03
0.63 7.5000E+01 9.76858E-04
0.63 8.0000E+01 1.35696E-03
0.63 8.5000E+01 7.51123E-04
0.63 1.0000E+02 5.15443E-04
0.63 1.1000E+02 5.18832E-04
0.63 1.2000E+02 2.63568E-04
0.63 1.3000E+02 3.10302E-04
0.63 1.4000E+02 2.36186E-04
0.63 1.5000E+02 1.45260E-04
0.63 1.6000E+02 2.13344E-04
0.63 1.7000E+02 1.27075E-04
0.63 1.8000E+02 8.15337E-05
0.63 1.9000E+02 6.96805E-05
0.63 2.1000E+02 6.49276E-05
0.63 2.3000E+02 4.81332E-05
0.63 2.5000E+02 2.74399E-05
0.63 2.7000E+02 3.84769E-05
0.63 2.9000E+02 2.72154E-05
0.63 3.1000E+02 1.84913E-05
0.63 3.3000E+02 1.27473E-05
0.63 3.5000E+02 9.74503E-06
0.63 3.7000E+02 8.33052E-06
0.63 3.9000E+02 7.39816E-06
0.63 4.3000E+02 5.80075E-06
0.63 4.7000E+02 4.24315E-06
0.63 5.1000E+02 2.79989E-06 


0.64 2.5600E+01   NaN
0.64 2.6600E+01   NaN
0.64 2.7600E+01   NaN
0.64 2.8600E+01   NaN
0.64 2.9600E+01   NaN
0.64 3.0600E+01   NaN
0.64 3.1600E+01 1.36170E-04
0.64 3.2600E+01 9.99426E-05
0.64 3.3600E+01 1.37594E-04
0.64 3.4600E+01 1.69000E-04
0.64 4.0000E+01 1.33366E-03
0.64 4.5000E+01 4.20295E-03
0.64 5.0000E+01 4.16239E-03
0.64 5.5000E+01 3.22807E-03
0.64 6.0000E+01 2.15015E-03
0.64 6.5000E+01 2.52578E-03
0.64 7.0000E+01 1.82296E-03
0.64 7.5000E+01 1.32426E-03
0.64 8.0000E+01 1.04196E-03
0.64 8.5000E+01 7.30077E-04
0.64 1.0000E+02 6.60499E-04
0.64 1.1000E+02 6.59116E-04
0.64 1.2000E+02 2.57525E-04
0.64 1.3000E+02 2.86119E-04
0.64 1.4000E+02 2.65327E-04
0.64 1.5000E+02 1.61701E-04
0.64 1.6000E+02 1.84305E-04
0.64 1.7000E+02 1.56099E-04
0.64 1.8000E+02 9.51587E-05
0.64 1.9000E+02 6.91211E-05
0.64 2.1000E+02 6.22575E-05
0.64 2.3000E+02 5.22811E-05
0.64 2.5000E+02 3.18923E-05
0.64 2.7000E+02 2.71711E-05
0.64 2.9000E+02 2.97334E-05
0.64 3.1000E+02 2.07453E-05
0.64 3.3000E+02 1.42569E-05
0.64 3.5000E+02 1.02989E-05
0.64 3.7000E+02 8.36674E-06
0.64 3.9000E+02 7.33080E-06
0.64 4.3000E+02 5.82292E-06
0.64 4.7000E+02 4.46751E-06
0.64 5.1000E+02 3.10167E-06 


0.65 2.5600E+01   NaN
0.65 2.6600E+01   NaN
0.65 2.7600E+01   NaN
0.65 2.8600E+01   NaN
0.65 2.9600E+01   NaN
0.65 3.0600E+01   NaN
0.65 3.1600E+01   NaN
0.65 3.2600E+01 1.07599E-04
0.65 3.3600E+01 1.16190E-04
0.65 3.4600E+01 1.52933E-04
0.65 4.0000E+01 1.11884E-03
0.65 4.5000E+01 3.64870E-03
0.65 5.0000E+01 4.37866E-03
0.65 5.5000E+01 2.58131E-03
0.65 6.0000E+01 2.08188E-03
0.65 6.5000E+01 2.17673E-03
0.65 7.0000E+01 1.81907E-03
0.65 7.5000E+01 1.60268E-03
0.65 8.0000E+01 8.24923E-04
0.65 8.5000E+01 1.03536E-03
0.65 1.0000E+02 7.94353E-04
0.65 1.1000E+02 4.62220E-04
0.65 1.2000E+02 3.02540E-04
0.65 1.3000E+02 2.53634E-04
0.65 1.4000E+02 2.73902E-04
0.65 1.5000E+02 1.94935E-04
0.65 1.6000E+02 1.29605E-04
0.65 1.7000E+02 1.88631E-04
0.65 1.8000E+02 1.15585E-04
0.65 1.9000E+02 7.49704E-05
0.65 2.1000E+02 5.88138E-05
0.65 2.3000E+02 5.37863E-05
0.65 2.5000E+02 3.68207E-05
0.65 2.7000E+02 2.19777E-05
0.65 2.9000E+02 3.22035E-05
0.65 3.1000E+02 2.29644E-05
0.65 3.3000E+02 1.60160E-05
0.65 3.5000E+02 1.12778E-05
0.65 3.7000E+02 8.61448E-06
0.65 3.9000E+02 7.28355E-06
0.65 4.3000E+02 5.81116E-06
0.65 4.7000E+02 4.57254E-06
0.65 5.1000E+02 3.34458E-06 


