0.40 2.5600E+01 6.84667E-05
0.40 2.6600E+01 1.29935E-04
0.40 2.7600E+01 9.32099E-05
0.40 2.8600E+01 1.59916E-04
0.40 2.9600E+01 2.13568E-04
0.40 3.0600E+01 2.67319E-04
0.40 3.1600E+01 1.67682E-04
0.40 3.2600E+01 1.79220E-04
0.40 3.3600E+01 3.10068E-04
0.40 3.4600E+01 4.49195E-04
0.40 4.0000E+01 2.76141E-04
0.40 4.5000E+01 1.53241E-04
0.40 5.0000E+01 2.58335E-04
0.40 5.5000E+01 9.48046E-05
0.40 6.0000E+01 2.27279E-04
0.40 6.5000E+01 1.94736E-04
0.40 7.0000E+01 1.90169E-04
0.40 7.5000E+01 1.33459E-04
0.40 8.0000E+01 1.59252E-04
0.40 8.5000E+01 1.17308E-04
0.40 1.0000E+02 1.19845E-04
0.40 1.1000E+02 8.33757E-05
0.40 1.2000E+02 8.14451E-05
0.40 1.3000E+02 8.78250E-05
0.40 1.4000E+02 6.65517E-05
0.40 1.5000E+02 5.69770E-05
0.40 1.6000E+02 6.49568E-05
0.40 1.7000E+02 5.16638E-05
0.40 1.8000E+02 4.45088E-05
0.40 1.9000E+02 4.17475E-05
0.40 2.1000E+02 4.12519E-05
0.40 2.3000E+02 3.47508E-05
0.40 2.5000E+02 2.81526E-05
0.40 2.7000E+02 2.49515E-05
0.40 2.9000E+02 2.26667E-05
0.40 3.1000E+02 2.03233E-05
0.40 3.3000E+02 1.81608E-05
0.40 3.5000E+02 1.65313E-05
0.40 3.7000E+02 1.49171E-05
0.40 3.9000E+02 1.36366E-05
0.40 4.3000E+02 1.16039E-05
0.40 4.7000E+02 9.82990E-06
0.40 5.1000E+02 8.48159E-06 


0.41 2.5600E+01 1.10106E-04
0.41 2.6600E+01 2.17475E-04
0.41 2.7600E+01 1.64123E-04
0.41 2.8600E+01 2.60988E-04
0.41 2.9600E+01 3.15442E-04
0.41 3.0600E+01 2.41084E-04
0.41 3.1600E+01 3.86888E-04
0.41 3.2600E+01 2.09653E-04
0.41 3.3600E+01 2.28171E-04
0.41 3.4600E+01 1.60269E-04
0.41 4.0000E+01 2.72668E-04
0.41 4.5000E+01 2.63667E-04
0.41 5.0000E+01 3.05727E-04
0.41 5.5000E+01 1.92818E-04
0.41 6.0000E+01 1.24561E-04
0.41 6.5000E+01 2.12188E-04
0.41 7.0000E+01 1.56777E-04
0.41 7.5000E+01 1.76094E-04
0.41 8.0000E+01 1.62379E-04
0.41 8.5000E+01 1.51557E-04
0.41 1.0000E+02 1.09861E-04
0.41 1.1000E+02 1.07742E-04
0.41 1.2000E+02 1.14421E-04
0.41 1.3000E+02 8.15123E-05
0.41 1.4000E+02 6.25869E-05
0.41 1.5000E+02 6.79832E-05
0.41 1.6000E+02 6.19071E-05
0.41 1.7000E+02 5.41635E-05
0.41 1.8000E+02 5.07286E-05
0.41 1.9000E+02 5.26507E-05
0.41 2.1000E+02 4.32661E-05
0.41 2.3000E+02 2.79636E-05
0.41 2.5000E+02 2.85598E-05
0.41 2.7000E+02 3.56404E-05
0.41 2.9000E+02 2.37033E-05
0.41 3.1000E+02 2.14774E-05
0.41 3.3000E+02 1.92795E-05
0.41 3.5000E+02 1.75511E-05
0.41 3.7000E+02 1.57082E-05
0.41 3.9000E+02 1.45806E-05
0.41 4.3000E+02 1.22980E-05
0.41 4.7000E+02 1.05121E-05
0.41 5.1000E+02 9.06589E-06 


0.42 2.5600E+01 1.29765E-04
0.42 2.6600E+01 1.67262E-04
0.42 2.7600E+01 2.11153E-04
0.42 2.8600E+01 1.45146E-04
0.42 2.9600E+01 2.75765E-04
0.42 3.0600E+01 3.76698E-04
0.42 3.1600E+01 2.94446E-04
0.42 3.2600E+01 2.51130E-04
0.42 3.3600E+01 2.43628E-04
0.42 3.4600E+01 4.15830E-04
0.42 4.0000E+01 2.75231E-04
0.42 4.5000E+01 2.10823E-04
0.42 5.0000E+01 4.78036E-04
0.42 5.5000E+01 1.80811E-04
0.42 6.0000E+01 2.11833E-04
0.42 6.5000E+01 1.76117E-04
0.42 7.0000E+01 1.68468E-04
0.42 7.5000E+01 1.77854E-04
0.42 8.0000E+01 1.43457E-04
0.42 8.5000E+01 1.51544E-04
0.42 1.0000E+02 1.14146E-04
0.42 1.1000E+02 1.37165E-04
0.42 1.2000E+02 9.38625E-05
0.42 1.3000E+02 8.70585E-05
0.42 1.4000E+02 7.72706E-05
0.42 1.5000E+02 6.90867E-05
0.42 1.6000E+02 6.49170E-05
0.42 1.7000E+02 6.03255E-05
0.42 1.8000E+02 5.44858E-05
0.42 1.9000E+02 4.95892E-05
0.42 2.1000E+02 4.32306E-05
0.42 2.3000E+02 3.84845E-05
0.42 2.5000E+02 3.04852E-05
0.42 2.7000E+02 2.81831E-05
0.42 2.9000E+02 2.46736E-05
0.42 3.1000E+02 2.26409E-05
0.42 3.3000E+02 2.04958E-05
0.42 3.5000E+02 1.85389E-05
0.42 3.7000E+02 1.67979E-05
0.42 3.9000E+02 1.49563E-05
0.42 4.3000E+02 1.30939E-05
0.42 4.7000E+02 1.11681E-05
0.42 5.1000E+02 9.67175E-06 


0.43 2.5600E+01 1.48019E-04
0.43 2.6600E+01 2.08729E-04
0.43 2.7600E+01 1.51516E-04
0.43 2.8600E+01 2.75864E-04
0.43 2.9600E+01 2.29375E-04
0.43 3.0600E+01 2.32627E-04
0.43 3.1600E+01 3.01362E-04
0.43 3.2600E+01 2.05681E-04
0.43 3.3600E+01 2.58164E-04
0.43 3.4600E+01 3.34160E-04
0.43 4.0000E+01 2.81029E-04
0.43 4.5000E+01 1.16194E-04
0.43 5.0000E+01 3.51238E-04
0.43 5.5000E+01 2.73012E-04
0.43 6.0000E+01 2.68861E-04
0.43 6.5000E+01 2.66946E-04
0.43 7.0000E+01 1.83018E-04
0.43 7.5000E+01 1.63161E-04
0.43 8.0000E+01 1.75249E-04
0.43 8.5000E+01 1.69371E-04
0.43 1.0000E+02 1.17937E-04
0.43 1.1000E+02 1.17232E-04
0.43 1.2000E+02 1.06173E-04
0.43 1.3000E+02 8.45324E-05
0.43 1.4000E+02 8.53758E-05
0.43 1.5000E+02 7.70231E-05
0.43 1.6000E+02 6.98420E-05
0.43 1.7000E+02 6.32758E-05
0.43 1.8000E+02 6.00840E-05
0.43 1.9000E+02 5.23275E-05
0.43 2.1000E+02 4.57066E-05
0.43 2.3000E+02 4.10745E-05
0.43 2.5000E+02 3.56854E-05
0.43 2.7000E+02 2.97755E-05
0.43 2.9000E+02 2.66514E-05
0.43 3.1000E+02 2.40108E-05
0.43 3.3000E+02 2.14351E-05
0.43 3.5000E+02 1.94551E-05
0.43 3.7000E+02 1.78386E-05
0.43 3.9000E+02 1.63622E-05
0.43 4.3000E+02 1.37492E-05
0.43 4.7000E+02 1.18662E-05
0.43 5.1000E+02 1.02220E-05 


0.44 2.5600E+01 1.13071E-04
0.44 2.6600E+01 2.25687E-04
0.44 2.7600E+01 2.00376E-04
0.44 2.8600E+01 2.27110E-04
0.44 2.9600E+01 4.27252E-04
0.44 3.0600E+01 3.65332E-04
0.44 3.1600E+01 3.48286E-04
0.44 3.2600E+01 2.58478E-04
0.44 3.3600E+01 3.37320E-04
0.44 3.4600E+01 2.36014E-04
0.44 4.0000E+01 2.47270E-04
0.44 4.5000E+01 3.03914E-04
0.44 5.0000E+01 2.86241E-04
0.44 5.5000E+01 2.32903E-04
0.44 6.0000E+01 1.96594E-04
0.44 6.5000E+01 2.38760E-04
0.44 7.0000E+01 2.01840E-04
0.44 7.5000E+01 2.01933E-04
0.44 8.0000E+01 1.66044E-04
0.44 8.5000E+01 1.66012E-04
0.44 1.0000E+02 1.37797E-04
0.44 1.1000E+02 1.20840E-04
0.44 1.2000E+02 1.14375E-04
0.44 1.3000E+02 9.31988E-05
0.44 1.4000E+02 8.53365E-05
0.44 1.5000E+02 8.03035E-05
0.44 1.6000E+02 7.35724E-05
0.44 1.7000E+02 6.66248E-05
0.44 1.8000E+02 6.13677E-05
0.44 1.9000E+02 5.61992E-05
0.44 2.1000E+02 4.79280E-05
0.44 2.3000E+02 4.07308E-05
0.44 2.5000E+02 3.73731E-05
0.44 2.7000E+02 3.03587E-05
0.44 2.9000E+02 2.79531E-05
0.44 3.1000E+02 2.59986E-05
0.44 3.3000E+02 2.26914E-05
0.44 3.5000E+02 2.05603E-05
0.44 3.7000E+02 1.88368E-05
0.44 3.9000E+02 1.72939E-05
0.44 4.3000E+02 1.44292E-05
0.44 4.7000E+02 1.24946E-05
0.44 5.1000E+02 1.08843E-05 


0.45 2.5600E+01 1.57713E-04
0.45 2.6600E+01 2.03470E-04
0.45 2.7600E+01 2.00135E-04
0.45 2.8600E+01 3.15510E-04
0.45 2.9600E+01 2.36944E-04
0.45 3.0600E+01 2.38012E-04
0.45 3.1600E+01 2.98788E-04
0.45 3.2600E+01 2.72786E-04
0.45 3.3600E+01 3.34540E-04
0.45 3.4600E+01 3.27021E-04
0.45 4.0000E+01 3.58498E-04
0.45 4.5000E+01 2.98624E-04
0.45 5.0000E+01 3.54912E-04
0.45 5.5000E+01 2.62286E-04
0.45 6.0000E+01 2.20411E-04
0.45 6.5000E+01 2.48655E-04
0.45 7.0000E+01 2.23007E-04
0.45 7.5000E+01 1.99548E-04
0.45 8.0000E+01 2.04332E-04
0.45 8.5000E+01 1.81370E-04
0.45 1.0000E+02 1.49426E-04
0.45 1.1000E+02 1.26889E-04
0.45 1.2000E+02 1.18478E-04
0.45 1.3000E+02 1.17416E-04
0.45 1.4000E+02 7.56782E-05
0.45 1.5000E+02 8.37770E-05
0.45 1.6000E+02 7.70353E-05
0.45 1.7000E+02 7.61887E-05
0.45 1.8000E+02 6.43728E-05
0.45 1.9000E+02 5.94574E-05
0.45 2.1000E+02 5.02948E-05
0.45 2.3000E+02 4.38737E-05
0.45 2.5000E+02 3.93762E-05
0.45 2.7000E+02 4.15856E-05
0.45 2.9000E+02 2.95243E-05
0.45 3.1000E+02 2.60837E-05
0.45 3.3000E+02 2.40342E-05
0.45 3.5000E+02 2.17818E-05
0.45 3.7000E+02 2.03017E-05
0.45 3.9000E+02 1.81243E-05
0.45 4.3000E+02 1.52760E-05
0.45 4.7000E+02 1.32019E-05
0.45 5.1000E+02 9.28940E-06 


0.46 2.5600E+01 1.67653E-04
0.46 2.6600E+01 1.59596E-04
0.46 2.7600E+01 2.91689E-04
0.46 2.8600E+01 2.06837E-04
0.46 2.9600E+01 3.61533E-04
0.46 3.0600E+01 3.47307E-04
0.46 3.1600E+01 3.90563E-04
0.46 3.2600E+01 4.84637E-04
0.46 3.3600E+01 2.89206E-04
0.46 3.4600E+01 3.91093E-04
0.46 4.0000E+01 3.33216E-04
0.46 4.5000E+01 2.80973E-04
0.46 5.0000E+01 2.21419E-04
0.46 5.5000E+01 2.71119E-04
0.46 6.0000E+01 2.76450E-04
0.46 6.5000E+01 2.47443E-04
0.46 7.0000E+01 2.43356E-04
0.46 7.5000E+01 2.08437E-04
0.46 8.0000E+01 2.05792E-04
0.46 8.5000E+01 1.95902E-04
0.46 1.0000E+02 1.58728E-04
0.46 1.1000E+02 1.36448E-04
0.46 1.2000E+02 1.19249E-04
0.46 1.3000E+02 1.11241E-04
0.46 1.4000E+02 7.21742E-05
0.46 1.5000E+02 7.86659E-05
0.46 1.6000E+02 7.91065E-05
0.46 1.7000E+02 7.47493E-05
0.46 1.8000E+02 6.84188E-05
0.46 1.9000E+02 5.78365E-05
0.46 2.1000E+02 5.39100E-05
0.46 2.3000E+02 4.63283E-05
0.46 2.5000E+02 4.13011E-05
0.46 2.7000E+02 3.89537E-05
0.46 2.9000E+02 3.28369E-05
0.46 3.1000E+02 2.72132E-05
0.46 3.3000E+02 2.51276E-05
0.46 3.5000E+02 2.27698E-05
0.46 3.7000E+02 2.07311E-05
0.46 3.9000E+02 1.90123E-05
0.46 4.3000E+02 1.60944E-05
0.46 4.7000E+02 1.38759E-05
0.46 5.1000E+02 1.20367E-05 


0.47 2.5600E+01 1.55568E-04
0.47 2.6600E+01 2.00326E-04
0.47 2.7600E+01 2.62024E-04
0.47 2.8600E+01 2.33429E-04
0.47 2.9600E+01 3.11194E-04
0.47 3.0600E+01 2.75267E-04
0.47 3.1600E+01 3.06376E-04
0.47 3.2600E+01 2.69815E-04
0.47 3.3600E+01 3.29965E-04
0.47 3.4600E+01 3.66731E-04
0.47 4.0000E+01 3.06336E-04
0.47 4.5000E+01 3.83899E-04
0.47 5.0000E+01 2.94739E-04
0.47 5.5000E+01 3.17147E-04
0.47 6.0000E+01 2.77671E-04
0.47 6.5000E+01 2.24256E-04
0.47 7.0000E+01 2.59663E-04
0.47 7.5000E+01 2.26460E-04
0.47 8.0000E+01 2.07480E-04
0.47 8.5000E+01 2.05111E-04
0.47 1.0000E+02 1.66262E-04
0.47 1.1000E+02 1.42877E-04
0.47 1.2000E+02 1.25194E-04
0.47 1.3000E+02 1.15869E-04
0.47 1.4000E+02 1.09363E-04
0.47 1.5000E+02 8.57143E-05
0.47 1.6000E+02 8.34513E-05
0.47 1.7000E+02 8.14539E-05
0.47 1.8000E+02 7.04836E-05
0.47 1.9000E+02 6.57213E-05
0.47 2.1000E+02 5.61650E-05
0.47 2.3000E+02 4.88644E-05
0.47 2.5000E+02 4.27000E-05
0.47 2.7000E+02 3.85075E-05
0.47 2.9000E+02 3.46331E-05
0.47 3.1000E+02 2.83289E-05
0.47 3.3000E+02 2.65651E-05
0.47 3.5000E+02 2.39938E-05
0.47 3.7000E+02 2.19474E-05
0.47 3.9000E+02 2.01173E-05
0.47 4.3000E+02 1.70599E-05
0.47 4.7000E+02 1.46427E-05
0.47 5.1000E+02 1.25930E-05 


0.48 2.5600E+01 1.89594E-04
0.48 2.6600E+01 1.43599E-04
0.48 2.7600E+01 3.30461E-04
0.48 2.8600E+01 3.80652E-04
0.48 2.9600E+01 3.79854E-04
0.48 3.0600E+01 3.04132E-04
0.48 3.1600E+01 2.74130E-04
0.48 3.2600E+01 4.13550E-04
0.48 3.3600E+01 4.83387E-04
0.48 3.4600E+01 3.26298E-04
0.48 4.0000E+01 3.58245E-04
0.48 4.5000E+01 4.06796E-04
0.48 5.0000E+01 3.56658E-04
0.48 5.5000E+01 3.77175E-04
0.48 6.0000E+01 2.77649E-04
0.48 6.5000E+01 2.83163E-04
0.48 7.0000E+01 2.59337E-04
0.48 7.5000E+01 2.46272E-04
0.48 8.0000E+01 2.15244E-04
0.48 8.5000E+01 2.07494E-04
0.48 1.0000E+02 1.71630E-04
0.48 1.1000E+02 1.55081E-04
0.48 1.2000E+02 1.25263E-04
0.48 1.3000E+02 1.18717E-04
0.48 1.4000E+02 1.13589E-04
0.48 1.5000E+02 1.01119E-04
0.48 1.6000E+02 6.17035E-05
0.48 1.7000E+02 8.03100E-05
0.48 1.8000E+02 6.70928E-05
0.48 1.9000E+02 6.91794E-05
0.48 2.1000E+02 5.91124E-05
0.48 2.3000E+02 5.12683E-05
0.48 2.5000E+02 4.46029E-05
0.48 2.7000E+02 3.98238E-05
0.48 2.9000E+02 3.62401E-05
0.48 3.1000E+02 3.25159E-05
0.48 3.3000E+02 2.81989E-05
0.48 3.5000E+02 2.52047E-05
0.48 3.7000E+02 2.27740E-05
0.48 3.9000E+02 2.08897E-05
0.48 4.3000E+02 1.81389E-05
0.48 4.7000E+02 1.55674E-05
0.48 5.1000E+02 1.33401E-05 


0.49 2.5600E+01 1.70923E-04
0.49 2.6600E+01 1.54865E-04
0.49 2.7600E+01 2.87014E-04
0.49 2.8600E+01 2.43806E-04
0.49 2.9600E+01 3.54661E-04
0.49 3.0600E+01 4.41603E-04
0.49 3.1600E+01 4.45276E-04
0.49 3.2600E+01 3.96401E-04
0.49 3.3600E+01 3.23620E-04
0.49 3.4600E+01 3.65924E-04
0.49 4.0000E+01 4.11868E-04
0.49 4.5000E+01 3.44035E-04
0.49 5.0000E+01 3.30059E-04
0.49 5.5000E+01 3.01999E-04
0.49 6.0000E+01 3.05003E-04
0.49 6.5000E+01 3.01817E-04
0.49 7.0000E+01 2.42954E-04
0.49 7.5000E+01 2.71489E-04
0.49 8.0000E+01 2.32078E-04
0.49 8.5000E+01 2.13820E-04
0.49 1.0000E+02 1.64638E-04
0.49 1.1000E+02 1.62501E-04
0.49 1.2000E+02 1.42163E-04
0.49 1.3000E+02 1.23998E-04
0.49 1.4000E+02 1.14669E-04
0.49 1.5000E+02 1.09176E-04
0.49 1.6000E+02 8.65815E-05
0.49 1.7000E+02 8.55826E-05
0.49 1.8000E+02 7.82563E-05
0.49 1.9000E+02 7.26840E-05
0.49 2.1000E+02 6.20566E-05
0.49 2.3000E+02 5.22961E-05
0.49 2.5000E+02 4.72921E-05
0.49 2.7000E+02 4.14021E-05
0.49 2.9000E+02 3.79909E-05
0.49 3.1000E+02 3.39368E-05
0.49 3.3000E+02 3.03492E-05
0.49 3.5000E+02 2.65676E-05
0.49 3.7000E+02 2.45313E-05
0.49 3.9000E+02 2.68617E-05
0.49 4.3000E+02 1.87122E-05
0.49 4.7000E+02 1.59855E-05
0.49 5.1000E+02 1.44168E-05 


0.50 2.5600E+01 1.68762E-04
0.50 2.6600E+01 2.59584E-04
0.50 2.7600E+01 2.81868E-04
0.50 2.8600E+01 3.45089E-04
0.50 2.9600E+01 2.83096E-04
0.50 3.0600E+01 4.01506E-04
0.50 3.1600E+01 3.24192E-04
0.50 3.2600E+01 3.25588E-04
0.50 3.3600E+01 4.36438E-04
0.50 3.4600E+01 5.52034E-04
0.50 4.0000E+01 3.70712E-04
0.50 4.5000E+01 4.17203E-04
0.50 5.0000E+01 3.34667E-04
0.50 5.5000E+01 2.63523E-04
0.50 6.0000E+01 3.43051E-04
0.50 6.5000E+01 2.88544E-04
0.50 7.0000E+01 2.82173E-04
0.50 7.5000E+01 2.70746E-04
0.50 8.0000E+01 2.53189E-04
0.50 8.5000E+01 2.22085E-04
0.50 1.0000E+02 1.81562E-04
0.50 1.1000E+02 1.63720E-04
0.50 1.2000E+02 1.50623E-04
0.50 1.3000E+02 1.31431E-04
0.50 1.4000E+02 1.17094E-04
0.50 1.5000E+02 1.04120E-04
0.50 1.6000E+02 1.01828E-04
0.50 1.7000E+02 8.43416E-05
0.50 1.8000E+02 8.06242E-05
0.50 1.9000E+02 7.59720E-05
0.50 2.1000E+02 6.52317E-05
0.50 2.3000E+02 4.92370E-05
0.50 2.5000E+02 4.97278E-05
0.50 2.7000E+02 4.31048E-05
0.50 2.9000E+02 3.87514E-05
0.50 3.1000E+02 3.46235E-05
0.50 3.3000E+02 3.21015E-05
0.50 3.5000E+02 2.78144E-05
0.50 3.7000E+02 2.53106E-05
0.50 3.9000E+02 2.30234E-05
0.50 4.3000E+02 1.96136E-05
0.50 4.7000E+02 1.68370E-05
0.50 5.1000E+02 1.46742E-05 


0.51 2.5600E+01 1.45056E-04
0.51 2.6600E+01 1.97031E-04
0.51 2.7600E+01 3.36230E-04
0.51 2.8600E+01 3.77483E-04
0.51 2.9600E+01 3.17278E-04
0.51 3.0600E+01 3.59517E-04
0.51 3.1600E+01 3.82139E-04
0.51 3.2600E+01 3.45889E-04
0.51 3.3600E+01 5.10529E-04
0.51 3.4600E+01 3.24523E-04
0.51 4.0000E+01 4.22300E-04
0.51 4.5000E+01 4.49554E-04
0.51 5.0000E+01 3.78897E-04
0.51 5.5000E+01 3.89738E-04
0.51 6.0000E+01 3.89373E-04
0.51 6.5000E+01 2.94986E-04
0.51 7.0000E+01 3.09633E-04
0.51 7.5000E+01 2.28611E-04
0.51 8.0000E+01 2.72516E-04
0.51 8.5000E+01 2.38893E-04
0.51 1.0000E+02 2.04640E-04
0.51 1.1000E+02 1.69843E-04
0.51 1.2000E+02 1.58702E-04
0.51 1.3000E+02 1.39891E-04
0.51 1.4000E+02 1.23456E-04
0.51 1.5000E+02 1.13130E-04
0.51 1.6000E+02 1.06231E-04
0.51 1.7000E+02 9.74050E-05
0.51 1.8000E+02 8.72386E-05
0.51 1.9000E+02 7.81768E-05
0.51 2.1000E+02 6.80913E-05
0.51 2.3000E+02 5.89586E-05
0.51 2.5000E+02 5.13981E-05
0.51 2.7000E+02 4.52834E-05
0.51 2.9000E+02 4.03901E-05
0.51 3.1000E+02 3.66302E-05
0.51 3.3000E+02 3.30001E-05
0.51 3.5000E+02 3.05132E-05
0.51 3.7000E+02 2.63210E-05
0.51 3.9000E+02 2.42179E-05
0.51 4.3000E+02 2.04742E-05
0.51 4.7000E+02 1.76177E-05
0.51 5.1000E+02 1.52499E-05 


0.52 2.5600E+01 1.46443E-04
0.52 2.6600E+01 2.53415E-04
0.52 2.7600E+01 2.01894E-04
0.52 2.8600E+01 3.19920E-04
0.52 2.9600E+01 2.96817E-04
0.52 3.0600E+01 4.59018E-04
0.52 3.1600E+01 5.27947E-04
0.52 3.2600E+01 4.26591E-04
0.52 3.3600E+01 3.63845E-04
0.52 3.4600E+01 5.01632E-04
0.52 4.0000E+01 5.34526E-04
0.52 4.5000E+01 4.05519E-04
0.52 5.0000E+01 5.50924E-04
0.52 5.5000E+01 3.87510E-04
0.52 6.0000E+01 3.53147E-04
0.52 6.5000E+01 3.25037E-04
0.52 7.0000E+01 3.07577E-04
0.52 7.5000E+01 2.69424E-04
0.52 8.0000E+01 2.82439E-04
0.52 8.5000E+01 2.58458E-04
0.52 1.0000E+02 2.12933E-04
0.52 1.1000E+02 1.46423E-04
0.52 1.2000E+02 1.64427E-04
0.52 1.3000E+02 1.47618E-04
0.52 1.4000E+02 1.29894E-04
0.52 1.5000E+02 1.16291E-04
0.52 1.6000E+02 1.09707E-04
0.52 1.7000E+02 1.02478E-04
0.52 1.8000E+02 8.41445E-05
0.52 1.9000E+02 8.04943E-05
0.52 2.1000E+02 7.17052E-05
0.52 2.3000E+02 6.21492E-05
0.52 2.5000E+02 5.43719E-05
0.52 2.7000E+02 4.62302E-05
0.52 2.9000E+02 4.19031E-05
0.52 3.1000E+02 3.77987E-05
0.52 3.3000E+02 3.47073E-05
0.52 3.5000E+02 3.17339E-05
0.52 3.7000E+02 2.88833E-05
0.52 3.9000E+02 2.52951E-05
0.52 4.3000E+02 2.13909E-05
0.52 4.7000E+02 1.83814E-05
0.52 5.1000E+02 1.59898E-05 


0.53 2.5600E+01 1.34502E-04
0.53 2.6600E+01 2.90918E-04
0.53 2.7600E+01 1.99336E-04
0.53 2.8600E+01 5.18186E-04
0.53 2.9600E+01 3.23509E-04
0.53 3.0600E+01 3.19201E-04
0.53 3.1600E+01 4.65219E-04
0.53 3.2600E+01 3.70776E-04
0.53 3.3600E+01 3.65088E-04
0.53 3.4600E+01 5.34396E-04
0.53 4.0000E+01 5.29275E-04
0.53 4.5000E+01 3.88710E-04
0.53 5.0000E+01 3.90286E-04
0.53 5.5000E+01 3.62525E-04
0.53 6.0000E+01 3.31209E-04
0.53 6.5000E+01 3.65394E-04
0.53 7.0000E+01 3.02012E-04
0.53 7.5000E+01 3.13190E-04
0.53 8.0000E+01 2.30447E-04
0.53 8.5000E+01 2.77905E-04
0.53 1.0000E+02 2.12161E-04
0.53 1.1000E+02 1.87767E-04
0.53 1.2000E+02 1.68180E-04
0.53 1.3000E+02 1.55168E-04
0.53 1.4000E+02 1.37557E-04
0.53 1.5000E+02 1.21732E-04
0.53 1.6000E+02 1.11738E-04
0.53 1.7000E+02 1.05677E-04
0.53 1.8000E+02 9.74588E-05
0.53 1.9000E+02 8.16121E-05
0.53 2.1000E+02 7.38853E-05
0.53 2.3000E+02 6.49392E-05
0.53 2.5000E+02 5.68017E-05
0.53 2.7000E+02 4.87374E-05
0.53 2.9000E+02 4.38580E-05
0.53 3.1000E+02 3.92916E-05
0.53 3.3000E+02 3.57236E-05
0.53 3.5000E+02 3.28769E-05
0.53 3.7000E+02 3.05257E-05
0.53 3.9000E+02 2.73383E-05
0.53 4.3000E+02 2.23524E-05
0.53 4.7000E+02 1.91370E-05
0.53 5.1000E+02 1.67533E-05 


0.54 2.5600E+01 1.26078E-04
0.54 2.6600E+01 2.83372E-04
0.54 2.7600E+01 2.85525E-04
0.54 2.8600E+01 3.47931E-04
0.54 2.9600E+01 4.52497E-04
0.54 3.0600E+01 3.68083E-04
0.54 3.1600E+01 4.44649E-04
0.54 3.2600E+01 4.77675E-04
0.54 3.3600E+01 6.03027E-04
0.54 3.4600E+01 4.16841E-04
0.54 4.0000E+01 3.11210E-04
0.54 4.5000E+01 5.74166E-04
0.54 5.0000E+01 3.95617E-04
0.54 5.5000E+01 3.72525E-04
0.54 6.0000E+01 3.91751E-04
0.54 6.5000E+01 4.14677E-04
0.54 7.0000E+01 3.17908E-04
0.54 7.5000E+01 3.21104E-04
0.54 8.0000E+01 2.73084E-04
0.54 8.5000E+01 2.82678E-04
0.54 1.0000E+02 2.16238E-04
0.54 1.1000E+02 2.06855E-04
0.54 1.2000E+02 1.64445E-04
0.54 1.3000E+02 1.61103E-04
0.54 1.4000E+02 1.45046E-04
0.54 1.5000E+02 1.29064E-04
0.54 1.6000E+02 1.20878E-04
0.54 1.7000E+02 1.08305E-04
0.54 1.8000E+02 1.02236E-04
0.54 1.9000E+02 9.13135E-05
0.54 2.1000E+02 7.62298E-05
0.54 2.3000E+02 6.74291E-05
0.54 2.5000E+02 5.91195E-05
0.54 2.7000E+02 5.22455E-05
0.54 2.9000E+02 4.60650E-05
0.54 3.1000E+02 4.09410E-05
0.54 3.3000E+02 3.70148E-05
0.54 3.5000E+02 3.38402E-05
0.54 3.7000E+02 3.12745E-05
0.54 3.9000E+02 2.87595E-05
0.54 4.3000E+02 2.33060E-05
0.54 4.7000E+02 2.00811E-05
0.54 5.1000E+02 1.74034E-05 


0.55 2.5600E+01 1.03766E-04
0.55 2.6600E+01 2.85660E-04
0.55 2.7600E+01 2.33118E-04
0.55 2.8600E+01 3.59711E-04
0.55 2.9600E+01 4.99635E-04
0.55 3.0600E+01 4.58189E-04
0.55 3.1600E+01 5.46023E-04
0.55 3.2600E+01 5.98401E-04
0.55 3.3600E+01 4.17508E-04
0.55 3.4600E+01 3.87492E-04
0.55 4.0000E+01 5.96932E-04
0.55 4.5000E+01 5.27576E-04
0.55 5.0000E+01 4.85280E-04
0.55 5.5000E+01 4.26751E-04
0.55 6.0000E+01 4.29470E-04
0.55 6.5000E+01 3.43532E-04
0.55 7.0000E+01 3.52038E-04
0.55 7.5000E+01 3.11949E-04
0.55 8.0000E+01 3.13352E-04
0.55 8.5000E+01 2.38242E-04
0.55 1.0000E+02 2.27686E-04
0.55 1.1000E+02 2.11995E-04
0.55 1.2000E+02 1.70069E-04
0.55 1.3000E+02 1.64969E-04
0.55 1.4000E+02 1.51950E-04
0.55 1.5000E+02 1.35681E-04
0.55 1.6000E+02 1.21010E-04
0.55 1.7000E+02 1.11633E-04
0.55 1.8000E+02 1.04082E-04
0.55 1.9000E+02 1.03108E-04
0.55 2.1000E+02 7.81046E-05
0.55 2.3000E+02 6.99742E-05
0.55 2.5000E+02 6.15335E-05
0.55 2.7000E+02 5.44546E-05
0.55 2.9000E+02 4.81751E-05
0.55 3.1000E+02 4.27400E-05
0.55 3.3000E+02 3.84753E-05
0.55 3.5000E+02 3.53411E-05
0.55 3.7000E+02 3.23922E-05
0.55 3.9000E+02 2.98148E-05
0.55 4.3000E+02 2.47941E-05
0.55 4.7000E+02 2.08876E-05
0.55 5.1000E+02 1.81296E-05 


0.56 2.5600E+01 1.04525E-04
0.56 2.6600E+01 3.09429E-04
0.56 2.7600E+01 3.32754E-04
0.56 2.8600E+01 4.40646E-04
0.56 2.9600E+01 4.23648E-04
0.56 3.0600E+01 3.89291E-04
0.56 3.1600E+01 4.03349E-04
0.56 3.2600E+01 4.55268E-04
0.56 3.3600E+01 4.83897E-04
0.56 3.4600E+01 7.20352E-04
0.56 4.0000E+01 5.32898E-04
0.56 4.5000E+01 4.60101E-04
0.56 5.0000E+01 5.11922E-04
0.56 5.5000E+01 5.82534E-04
0.56 6.0000E+01 4.16327E-04
0.56 6.5000E+01 3.45167E-04
0.56 7.0000E+01 3.91710E-04
0.56 7.5000E+01 3.17534E-04
0.56 8.0000E+01 3.26445E-04
0.56 8.5000E+01 2.73577E-04
0.56 1.0000E+02 2.43334E-04
0.56 1.1000E+02 2.12447E-04
0.56 1.2000E+02 1.96156E-04
0.56 1.3000E+02 1.65513E-04
0.56 1.4000E+02 1.57502E-04
0.56 1.5000E+02 1.42418E-04
0.56 1.6000E+02 1.27398E-04
0.56 1.7000E+02 1.14315E-04
0.56 1.8000E+02 9.73354E-05
0.56 1.9000E+02 1.01272E-04
0.56 2.1000E+02 7.89703E-05
0.56 2.3000E+02 7.20308E-05
0.56 2.5000E+02 6.36196E-05
0.56 2.7000E+02 5.66104E-05
0.56 2.9000E+02 5.03832E-05
0.56 3.1000E+02 4.49523E-05
0.56 3.3000E+02 4.00638E-05
0.56 3.5000E+02 3.63291E-05
0.56 3.7000E+02 3.32732E-05
0.56 3.9000E+02 3.07750E-05
0.56 4.3000E+02 2.62811E-05
0.56 4.7000E+02 2.16757E-05
0.56 5.1000E+02 1.88844E-05 


0.57 2.5600E+01 9.67587E-05
0.57 2.6600E+01 2.95702E-04
0.57 2.7600E+01 3.74684E-04
0.57 2.8600E+01 2.82286E-04
0.57 2.9600E+01 5.72654E-04
0.57 3.0600E+01 4.56483E-04
0.57 3.1600E+01 4.25328E-04
0.57 3.2600E+01 5.78607E-04
0.57 3.3600E+01 6.43797E-04
0.57 3.4600E+01 4.91285E-04
0.57 4.0000E+01 4.73170E-04
0.57 4.5000E+01 5.07479E-04
0.57 5.0000E+01 4.60982E-04
0.57 5.5000E+01 4.64522E-04
0.57 6.0000E+01 3.95078E-04
0.57 6.5000E+01 4.08194E-04
0.57 7.0000E+01 4.35107E-04
0.57 7.5000E+01 3.44001E-04
0.57 8.0000E+01 3.21705E-04
0.57 8.5000E+01 3.16045E-04
0.57 1.0000E+02 2.60434E-04
0.57 1.1000E+02 2.16503E-04
0.57 1.2000E+02 2.06936E-04
0.57 1.3000E+02 1.56809E-04
0.57 1.4000E+02 1.61512E-04
0.57 1.5000E+02 1.48958E-04
0.57 1.6000E+02 1.33857E-04
0.57 1.7000E+02 1.20034E-04
0.57 1.8000E+02 1.09504E-04
0.57 1.9000E+02 1.03535E-04
0.57 2.1000E+02 8.90213E-05
0.57 2.3000E+02 7.39924E-05
0.57 2.5000E+02 6.62460E-05
0.57 2.7000E+02 6.16767E-05
0.57 2.9000E+02 5.23243E-05
0.57 3.1000E+02 4.68643E-05
0.57 3.3000E+02 4.20210E-05
0.57 3.5000E+02 3.78057E-05
0.57 3.7000E+02 3.44324E-05
0.57 3.9000E+02 3.16954E-05
0.57 4.3000E+02 2.73057E-05
0.57 4.7000E+02 2.25647E-05
0.57 5.1000E+02 1.95862E-05 


0.58 2.5600E+01 8.41281E-05
0.58 2.6600E+01 3.14453E-04
0.58 2.7600E+01 3.20604E-04
0.58 2.8600E+01 3.92626E-04
0.58 2.9600E+01 5.10195E-04
0.58 3.0600E+01 5.83783E-04
0.58 3.1600E+01 5.03291E-04
0.58 3.2600E+01 6.09544E-04
0.58 3.3600E+01 6.42931E-04
0.58 3.4600E+01 4.89971E-04
0.58 4.0000E+01 5.37461E-04
0.58 4.5000E+01 6.12975E-04
0.58 5.0000E+01 4.19056E-04
0.58 5.5000E+01 4.36747E-04
0.58 6.0000E+01 4.19418E-04
0.58 6.5000E+01 4.45618E-04
0.58 7.0000E+01 3.46317E-04
0.58 7.5000E+01 3.79346E-04
0.58 8.0000E+01 3.20953E-04
0.58 8.5000E+01 3.30445E-04
0.58 1.0000E+02 2.75681E-04
0.58 1.1000E+02 2.27149E-04
0.58 1.2000E+02 2.10429E-04
0.58 1.3000E+02 1.84119E-04
0.58 1.4000E+02 1.63847E-04
0.58 1.5000E+02 1.54341E-04
0.58 1.6000E+02 1.40360E-04
0.58 1.7000E+02 1.26100E-04
0.58 1.8000E+02 1.13804E-04
0.58 1.9000E+02 1.05102E-04
0.58 2.1000E+02 9.44765E-05
0.58 2.3000E+02 7.57680E-05
0.58 2.5000E+02 6.85541E-05
0.58 2.7000E+02 6.11433E-05
0.58 2.9000E+02 5.45802E-05
0.58 3.1000E+02 4.89058E-05
0.58 3.3000E+02 4.38573E-05
0.58 3.5000E+02 3.93862E-05
0.58 3.7000E+02 3.57353E-05
0.58 3.9000E+02 3.27412E-05
0.58 4.3000E+02 2.81802E-05
0.58 4.7000E+02 2.42285E-05
0.58 5.1000E+02 2.03770E-05 


0.59 2.5600E+01 7.39211E-05
0.59 2.6600E+01 3.06630E-04
0.59 2.7600E+01 4.28999E-04
0.59 2.8600E+01 4.15420E-04
0.59 2.9600E+01 4.10667E-04
0.59 3.0600E+01 5.65072E-04
0.59 3.1600E+01 5.16645E-04
0.59 3.2600E+01 4.57946E-04
0.59 3.3600E+01 3.67860E-04
0.59 3.4600E+01 6.53922E-04
0.59 4.0000E+01 6.85906E-04
0.59 4.5000E+01 6.45923E-04
0.59 5.0000E+01 5.32190E-04
0.59 5.5000E+01 5.07840E-04
0.59 6.0000E+01 4.98270E-04
0.59 6.5000E+01 4.34302E-04
0.59 7.0000E+01 3.70273E-04
0.59 7.5000E+01 4.19908E-04
0.59 8.0000E+01 3.38711E-04
0.59 8.5000E+01 3.26403E-04
0.59 1.0000E+02 2.85822E-04
0.59 1.1000E+02 2.42008E-04
0.59 1.2000E+02 2.11487E-04
0.59 1.3000E+02 2.00385E-04
0.59 1.4000E+02 1.57500E-04
0.59 1.5000E+02 1.58163E-04
0.59 1.6000E+02 1.46883E-04
0.59 1.7000E+02 1.32976E-04
0.59 1.8000E+02 1.19593E-04
0.59 1.9000E+02 1.07971E-04
0.59 2.1000E+02 9.80439E-05
0.59 2.3000E+02 8.04017E-05
0.59 2.5000E+02 7.04863E-05
0.59 2.7000E+02 6.32179E-05
0.59 2.9000E+02 5.66411E-05
0.59 3.1000E+02 5.06915E-05
0.59 3.3000E+02 4.56963E-05
0.59 3.5000E+02 4.11004E-05
0.59 3.7000E+02 3.72734E-05
0.59 3.9000E+02 3.39353E-05
0.59 4.3000E+02 2.91715E-05
0.59 4.7000E+02 2.52018E-05
0.59 5.1000E+02 2.12082E-05 


0.60 2.5600E+01 6.23782E-05
0.60 2.6600E+01 2.44261E-04
0.60 2.7600E+01 4.31037E-04
0.60 2.8600E+01 3.01955E-04
0.60 2.9600E+01 5.43695E-04
0.60 3.0600E+01 5.16902E-04
0.60 3.1600E+01 4.87035E-04
0.60 3.2600E+01 4.95646E-04
0.60 3.3600E+01 7.34163E-04
0.60 3.4600E+01 7.34711E-04
0.60 4.0000E+01 7.82262E-04
0.60 4.5000E+01 5.17582E-04
0.60 5.0000E+01 6.31559E-04
0.60 5.5000E+01 5.60435E-04
0.60 6.0000E+01 5.99267E-04
0.60 6.5000E+01 4.11960E-04
0.60 7.0000E+01 4.31879E-04
0.60 7.5000E+01 4.34805E-04
0.60 8.0000E+01 3.72534E-04
0.60 8.5000E+01 3.24115E-04
0.60 1.0000E+02 2.75407E-04
0.60 1.1000E+02 2.57753E-04
0.60 1.2000E+02 2.16674E-04
0.60 1.3000E+02 2.07069E-04
0.60 1.4000E+02 1.74108E-04
0.60 1.5000E+02 1.60603E-04
0.60 1.6000E+02 1.51136E-04
0.60 1.7000E+02 1.38820E-04
0.60 1.8000E+02 1.25449E-04
0.60 1.9000E+02 1.13563E-04
0.60 2.1000E+02 9.87836E-05
0.60 2.3000E+02 8.77375E-05
0.60 2.5000E+02 7.22667E-05
0.60 2.7000E+02 6.52489E-05
0.60 2.9000E+02 5.86431E-05
0.60 3.1000E+02 5.26758E-05
0.60 3.3000E+02 4.73141E-05
0.60 3.5000E+02 4.28776E-05
0.60 3.7000E+02 3.87885E-05
0.60 3.9000E+02 3.52431E-05
0.60 4.3000E+02 2.99757E-05
0.60 4.7000E+02 2.60934E-05
0.60 5.1000E+02 2.25090E-05 


0.61 2.5600E+01 5.38330E-05
0.61 2.6600E+01 2.68131E-04
0.61 2.7600E+01 4.32143E-04
0.61 2.8600E+01 3.92895E-04
0.61 2.9600E+01 4.94569E-04
0.61 3.0600E+01 7.19556E-04
0.61 3.1600E+01 6.36748E-04
0.61 3.2600E+01 5.72381E-04
0.61 3.3600E+01 6.19255E-04
0.61 3.4600E+01 5.85848E-04
0.61 4.0000E+01 4.95887E-04
0.61 4.5000E+01 5.38542E-04
0.61 5.0000E+01 5.35957E-04
0.61 5.5000E+01 5.38821E-04
0.61 6.0000E+01 4.63616E-04
0.61 6.5000E+01 4.29740E-04
0.61 7.0000E+01 4.60411E-04
0.61 7.5000E+01 3.58438E-04
0.61 8.0000E+01 4.09212E-04
0.61 8.5000E+01 3.39503E-04
0.61 1.0000E+02 2.57107E-04
0.61 1.1000E+02 2.71373E-04
0.61 1.2000E+02 2.27562E-04
0.61 1.3000E+02 2.07763E-04
0.61 1.4000E+02 1.92698E-04
0.61 1.5000E+02 1.57402E-04
0.61 1.6000E+02 1.54913E-04
0.61 1.7000E+02 1.43766E-04
0.61 1.8000E+02 1.31528E-04
0.61 1.9000E+02 1.18949E-04
0.61 2.1000E+02 1.01678E-04
0.61 2.3000E+02 9.02298E-05
0.61 2.5000E+02 7.33635E-05
0.61 2.7000E+02 6.72671E-05
0.61 2.9000E+02 6.05735E-05
0.61 3.1000E+02 5.50061E-05
0.61 3.3000E+02 4.94697E-05
0.61 3.5000E+02 4.46409E-05
0.61 3.7000E+02 4.03935E-05
0.61 3.9000E+02 3.66243E-05
0.61 4.3000E+02 3.09049E-05
0.61 4.7000E+02 2.69380E-05
0.61 5.1000E+02 2.36223E-05 


0.62 2.5600E+01 5.78364E-05
0.62 2.6600E+01 2.59173E-04
0.62 2.7600E+01 4.65690E-04
0.62 2.8600E+01 5.41452E-04
0.62 2.9600E+01 2.86412E-04
0.62 3.0600E+01 5.80572E-04
0.62 3.1600E+01 6.82161E-04
0.62 3.2600E+01 6.13838E-04
0.62 3.3600E+01 4.97666E-04
0.62 3.4600E+01 6.39162E-04
0.62 4.0000E+01 7.15872E-04
0.62 4.5000E+01 7.33752E-04
0.62 5.0000E+01 5.49252E-04
0.62 5.5000E+01 4.82604E-04
0.62 6.0000E+01 4.54798E-04
0.62 6.5000E+01 4.86827E-04
0.62 7.0000E+01 4.51276E-04
0.62 7.5000E+01 3.96069E-04
0.62 8.0000E+01 4.48487E-04
0.62 8.5000E+01 3.67202E-04
0.62 1.0000E+02 2.94517E-04
0.62 1.1000E+02 2.80439E-04
0.62 1.2000E+02 2.41359E-04
0.62 1.3000E+02 2.10094E-04
0.62 1.4000E+02 2.00887E-04
0.62 1.5000E+02 1.66019E-04
0.62 1.6000E+02 1.56753E-04
0.62 1.7000E+02 1.48131E-04
0.62 1.8000E+02 1.36865E-04
0.62 1.9000E+02 1.24516E-04
0.62 2.1000E+02 1.04152E-04
0.62 2.3000E+02 9.33842E-05
0.62 2.5000E+02 8.13698E-05
0.62 2.7000E+02 6.90003E-05
0.62 2.9000E+02 6.24325E-05
0.62 3.1000E+02 5.64338E-05
0.62 3.3000E+02 5.11486E-05
0.62 3.5000E+02 4.63157E-05
0.62 3.7000E+02 4.18428E-05
0.62 3.9000E+02 3.82254E-05
0.62 4.3000E+02 3.21178E-05
0.62 4.7000E+02 2.79785E-05
0.62 5.1000E+02 2.42805E-05 


0.63 2.5600E+01 5.00645E-05
0.63 2.6600E+01 2.34760E-04
0.63 2.7600E+01 4.62179E-04
0.63 2.8600E+01 3.99574E-04
0.63 2.9600E+01 5.72715E-04
0.63 3.0600E+01 4.97546E-04
0.63 3.1600E+01 6.21209E-04
0.63 3.2600E+01 5.51571E-04
0.63 3.3600E+01 5.82783E-04
0.63 3.4600E+01 7.95937E-04
0.63 4.0000E+01 7.74432E-04
0.63 4.5000E+01 6.39417E-04
0.63 5.0000E+01 6.38208E-04
0.63 5.5000E+01 4.61843E-04
0.63 6.0000E+01 5.30210E-04
0.63 6.5000E+01 6.04264E-04
0.63 7.0000E+01 4.30996E-04
0.63 7.5000E+01 4.50994E-04
0.63 8.0000E+01 3.71993E-04
0.63 8.5000E+01 4.00834E-04
0.63 1.0000E+02 3.24762E-04
0.63 1.1000E+02 2.83175E-04
0.63 1.2000E+02 2.55468E-04
0.63 1.3000E+02 2.17169E-04
0.63 1.4000E+02 2.03942E-04
0.63 1.5000E+02 1.85662E-04
0.63 1.6000E+02 1.55526E-04
0.63 1.7000E+02 1.51625E-04
0.63 1.8000E+02 1.41585E-04
0.63 1.9000E+02 1.30089E-04
0.63 2.1000E+02 1.08380E-04
0.63 2.3000E+02 9.50675E-05
0.63 2.5000E+02 8.56679E-05
0.63 2.7000E+02 7.02704E-05
0.63 2.9000E+02 6.43000E-05
0.63 3.1000E+02 5.81866E-05
0.63 3.3000E+02 5.28459E-05
0.63 3.5000E+02 4.80470E-05
0.63 3.7000E+02 4.35659E-05
0.63 3.9000E+02 3.97138E-05
0.63 4.3000E+02 3.32946E-05
0.63 4.7000E+02 2.85788E-05
0.63 5.1000E+02 2.50193E-05 


0.64 2.5600E+01 4.36587E-05
0.64 2.6600E+01 2.11789E-04
0.64 2.7600E+01 4.47661E-04
0.64 2.8600E+01 4.96092E-04
0.64 2.9600E+01 4.83555E-04
0.64 3.0600E+01 6.46065E-04
0.64 3.1600E+01 6.47716E-04
0.64 3.2600E+01 7.07150E-04
0.64 3.3600E+01 6.68772E-04
0.64 3.4600E+01 5.93250E-04
0.64 4.0000E+01 6.36021E-04
0.64 4.5000E+01 5.78115E-04
0.64 5.0000E+01 7.23158E-04
0.64 5.5000E+01 7.38572E-04
0.64 6.0000E+01 5.90958E-04
0.64 6.5000E+01 5.22653E-04
0.64 7.0000E+01 4.42075E-04
0.64 7.5000E+01 4.73929E-04
0.64 8.0000E+01 3.77985E-04
0.64 8.5000E+01 4.36705E-04
0.64 1.0000E+02 3.34307E-04
0.64 1.1000E+02 2.51221E-04
0.64 1.2000E+02 2.67980E-04
0.64 1.3000E+02 2.28349E-04
0.64 1.4000E+02 2.05254E-04
0.64 1.5000E+02 1.95298E-04
0.64 1.6000E+02 1.60538E-04
0.64 1.7000E+02 1.54068E-04
0.64 1.8000E+02 1.45338E-04
0.64 1.9000E+02 1.35254E-04
0.64 2.1000E+02 1.13337E-04
0.64 2.3000E+02 9.71675E-05
0.64 2.5000E+02 8.82508E-05
0.64 2.7000E+02 7.54065E-05
0.64 2.9000E+02 6.60437E-05
0.64 3.1000E+02 5.99005E-05
0.64 3.3000E+02 5.44992E-05
0.64 3.5000E+02 4.96475E-05
0.64 3.7000E+02 4.52751E-05
0.64 3.9000E+02 4.12957E-05
0.64 4.3000E+02 3.45765E-05
0.64 4.7000E+02 2.95119E-05
0.64 5.1000E+02 2.58864E-05 


0.65 2.5600E+01 3.80452E-05
0.65 2.6600E+01 1.82839E-04
0.65 2.7600E+01 4.71592E-04
0.65 2.8600E+01 6.01604E-04
0.65 2.9600E+01 3.87441E-04
0.65 3.0600E+01 6.13481E-04
0.65 3.1600E+01 8.31840E-04
0.65 3.2600E+01 7.72357E-04
0.65 3.3600E+01 6.37110E-04
0.65 3.4600E+01 5.69951E-04
0.65 4.0000E+01 5.64159E-04
0.65 4.5000E+01 6.48891E-04
0.65 5.0000E+01 7.13843E-04
0.65 5.5000E+01 6.64135E-04
0.65 6.0000E+01 5.59855E-04
0.65 6.5000E+01 4.90042E-04
0.65 7.0000E+01 4.92035E-04
0.65 7.5000E+01 4.61091E-04
0.65 8.0000E+01 4.28904E-04
0.65 8.5000E+01 4.39143E-04
0.65 1.0000E+02 3.31688E-04
0.65 1.1000E+02 2.78561E-04
0.65 1.2000E+02 2.76536E-04
0.65 1.3000E+02 2.41336E-04
0.65 1.4000E+02 2.09314E-04
0.65 1.5000E+02 1.99082E-04
0.65 1.6000E+02 1.79568E-04
0.65 1.7000E+02 1.53697E-04
0.65 1.8000E+02 1.48485E-04
0.65 1.9000E+02 1.39399E-04
0.65 2.1000E+02 1.18291E-04
0.65 2.3000E+02 1.00161E-04
0.65 2.5000E+02 9.00204E-05
0.65 2.7000E+02 8.05980E-05
0.65 2.9000E+02 6.76019E-05
0.65 3.1000E+02 6.16163E-05
0.65 3.3000E+02 5.60613E-05
0.65 3.5000E+02 5.11901E-05
0.65 3.7000E+02 4.68016E-05
0.65 3.9000E+02 4.26163E-05
0.65 4.3000E+02 3.58702E-05
0.65 4.7000E+02 3.05652E-05
0.65 5.1000E+02 2.65838E-05 


