0.40 2.5600E+01 2.38391E-04
0.40 2.6600E+01 4.24532E-04
0.40 2.7600E+01 3.11472E-04
0.40 2.8600E+01 3.32874E-04
0.40 2.9600E+01 4.37926E-04
0.40 3.0600E+01 5.86719E-04
0.40 3.1600E+01 3.63925E-04
0.40 3.2600E+01 4.17880E-04
0.40 3.3600E+01 7.50481E-04
0.40 3.4600E+01 3.73717E-04
0.40 4.0000E+01 5.10291E-04
0.40 4.5000E+01 2.81545E-04
0.40 5.0000E+01 2.69210E-04
0.40 5.5000E+01 1.14503E-04
0.40 6.0000E+01 2.43619E-04
0.40 6.5000E+01 2.08390E-04
0.40 7.0000E+01 1.29183E-04
0.40 7.5000E+01 8.17340E-05
0.40 8.0000E+01 3.35328E-05
0.40 8.5000E+01 5.54421E-05
0.40 1.0000E+02 8.74116E-05
0.40 1.1000E+02 2.28567E-05
0.40 1.2000E+02 2.64969E-05
0.40 1.3000E+02 2.61240E-05
0.40 1.4000E+02 1.48184E-05
0.40 1.5000E+02 1.27641E-05
0.40 1.6000E+02 4.38252E-06
0.40 1.7000E+02 8.39028E-06
0.40 1.8000E+02 8.36766E-06
0.40 1.9000E+02 5.93827E-06
0.40 2.1000E+02 4.37485E-06
0.40 2.3000E+02 3.21947E-06
0.40 2.5000E+02 2.39994E-06
0.40 2.7000E+02 2.04596E-06
0.40 2.9000E+02 1.60530E-06
0.40 3.1000E+02 1.36761E-06
0.40 3.3000E+02 1.07888E-06
0.40 3.5000E+02 9.34105E-07
0.40 3.7000E+02 8.33759E-07
0.40 3.9000E+02 6.55887E-07
0.40 4.3000E+02 5.03034E-07
0.40 4.7000E+02 3.43169E-07
0.40 5.1000E+02 2.51535E-07 


0.41 2.5600E+01 3.50365E-04
0.41 2.6600E+01 4.73585E-04
0.41 2.7600E+01 4.79159E-04
0.41 2.8600E+01 5.03456E-04
0.41 2.9600E+01 4.63965E-04
0.41 3.0600E+01 5.64824E-04
0.41 3.1600E+01 5.31996E-04
0.41 3.2600E+01 5.13233E-04
0.41 3.3600E+01 7.25175E-04
0.41 3.4600E+01 5.59325E-04
0.41 4.0000E+01 5.18335E-04
0.41 4.5000E+01 2.84863E-04
0.41 5.0000E+01 3.75825E-04
0.41 5.5000E+01 2.34410E-04
0.41 6.0000E+01 1.03200E-04
0.41 6.5000E+01 2.09726E-04
0.41 7.0000E+01 9.81164E-05
0.41 7.5000E+01 4.94618E-05
0.41 8.0000E+01 8.39944E-05
0.41 8.5000E+01 1.85209E-05
0.41 1.0000E+02 5.90517E-05
0.41 1.1000E+02 4.89847E-05
0.41 1.2000E+02 3.79094E-05
0.41 1.3000E+02 2.26331E-05
0.41 1.4000E+02 1.40879E-05
0.41 1.5000E+02 1.44552E-05
0.41 1.6000E+02 1.26484E-05
0.41 1.7000E+02 9.65716E-06
0.41 1.8000E+02 7.60054E-06
0.41 1.9000E+02 6.02593E-06
0.41 2.1000E+02 5.17396E-06
0.41 2.3000E+02 4.66316E-06
0.41 2.5000E+02 2.40887E-06
0.41 2.7000E+02 6.71259E-07
0.41 2.9000E+02 2.41444E-06
0.41 3.1000E+02 1.39980E-06
0.41 3.3000E+02 1.16402E-06
0.41 3.5000E+02 9.97157E-07
0.41 3.7000E+02 9.24669E-07
0.41 3.9000E+02 7.29171E-07
0.41 4.3000E+02 5.28880E-07
0.41 4.7000E+02 3.90946E-07
0.41 5.1000E+02 2.89144E-07 


0.42 2.5600E+01 3.04806E-04
0.42 2.6600E+01 3.85935E-04
0.42 2.7600E+01 4.60417E-04
0.42 2.8600E+01 6.06523E-04
0.42 2.9600E+01 5.09744E-04
0.42 3.0600E+01 5.62340E-04
0.42 3.1600E+01 5.43380E-04
0.42 3.2600E+01 5.53350E-04
0.42 3.3600E+01 6.25209E-04
0.42 3.4600E+01 4.82770E-04
0.42 4.0000E+01 4.06786E-04
0.42 4.5000E+01 1.37635E-04
0.42 5.0000E+01 4.97371E-04
0.42 5.5000E+01 1.18212E-04
0.42 6.0000E+01 1.88686E-04
0.42 6.5000E+01 2.01699E-04
0.42 7.0000E+01 1.02537E-04
0.42 7.5000E+01 8.83399E-05
0.42 8.0000E+01 7.35905E-05
0.42 8.5000E+01 4.02472E-05
0.42 1.0000E+02 3.88060E-05
0.42 1.1000E+02 5.57009E-05
0.42 1.2000E+02 1.81247E-05
0.42 1.3000E+02 2.90816E-05
0.42 1.4000E+02 2.18700E-05
0.42 1.5000E+02 1.47563E-05
0.42 1.6000E+02 1.25861E-05
0.42 1.7000E+02 1.06457E-05
0.42 1.8000E+02 7.96823E-06
0.42 1.9000E+02 6.98838E-06
0.42 2.1000E+02 5.78537E-06
0.42 2.3000E+02 3.99975E-06
0.42 2.5000E+02 3.06312E-06
0.42 2.7000E+02 1.96713E-06
0.42 2.9000E+02 1.71859E-06
0.42 3.1000E+02 1.45701E-06
0.42 3.3000E+02 1.22069E-06
0.42 3.5000E+02 1.00290E-06
0.42 3.7000E+02 8.86355E-07
0.42 3.9000E+02 6.44742E-07
0.42 4.3000E+02 5.59034E-07
0.42 4.7000E+02 4.07704E-07
0.42 5.1000E+02 3.07379E-07 


0.43 2.5600E+01 2.96099E-04
0.43 2.6600E+01 5.98433E-04
0.43 2.7600E+01 4.71207E-04
0.43 2.8600E+01 6.45420E-04
0.43 2.9600E+01 5.94073E-04
0.43 3.0600E+01 5.91378E-04
0.43 3.1600E+01 4.96903E-04
0.43 3.2600E+01 6.46245E-04
0.43 3.3600E+01 5.66512E-04
0.43 3.4600E+01 7.62198E-04
0.43 4.0000E+01 5.06282E-04
0.43 4.5000E+01 2.36240E-04
0.43 5.0000E+01 4.22658E-04
0.43 5.5000E+01 1.99170E-04
0.43 6.0000E+01 1.82433E-04
0.43 6.5000E+01 2.40279E-04
0.43 7.0000E+01 1.29056E-04
0.43 7.5000E+01 1.00985E-04
0.43 8.0000E+01 6.50467E-05
0.43 8.5000E+01 5.96244E-05
0.43 1.0000E+02 3.26243E-05
0.43 1.1000E+02 4.25001E-05
0.43 1.2000E+02 3.14727E-05
0.43 1.3000E+02 2.26271E-05
0.43 1.4000E+02 1.89617E-05
0.43 1.5000E+02 1.67949E-05
0.43 1.6000E+02 1.34584E-05
0.43 1.7000E+02 1.15887E-05
0.43 1.8000E+02 1.01353E-05
0.43 1.9000E+02 7.60568E-06
0.43 2.1000E+02 5.32491E-06
0.43 2.3000E+02 5.55335E-06
0.43 2.5000E+02 3.07247E-06
0.43 2.7000E+02 2.06201E-06
0.43 2.9000E+02 1.74823E-06
0.43 3.1000E+02 1.31241E-06
0.43 3.3000E+02 1.28237E-06
0.43 3.5000E+02 1.07342E-06
0.43 3.7000E+02 9.14058E-07
0.43 3.9000E+02 7.79067E-07
0.43 4.3000E+02 8.67196E-07
0.43 4.7000E+02 4.17400E-07
0.43 5.1000E+02 3.23716E-07 


0.44 2.5600E+01 3.16679E-04
0.44 2.6600E+01 5.17510E-04
0.44 2.7600E+01 5.68547E-04
0.44 2.8600E+01 6.13565E-04
0.44 2.9600E+01 8.20877E-04
0.44 3.0600E+01 7.10925E-04
0.44 3.1600E+01 7.63225E-04
0.44 3.2600E+01 4.67991E-04
0.44 3.3600E+01 5.06979E-04
0.44 3.4600E+01 4.87323E-04
0.44 4.0000E+01 4.25742E-04
0.44 4.5000E+01 3.58949E-04
0.44 5.0000E+01 3.62538E-04
0.44 5.5000E+01 2.06121E-04
0.44 6.0000E+01 1.24683E-04
0.44 6.5000E+01 1.71629E-04
0.44 7.0000E+01 1.52301E-04
0.44 7.5000E+01 1.16864E-04
0.44 8.0000E+01 8.36358E-05
0.44 8.5000E+01 7.19971E-05
0.44 1.0000E+02 5.46751E-05
0.44 1.1000E+02 3.72641E-05
0.44 1.2000E+02 3.50396E-05
0.44 1.3000E+02 2.64564E-05
0.44 1.4000E+02 1.69829E-05
0.44 1.5000E+02 1.64814E-05
0.44 1.6000E+02 1.39635E-05
0.44 1.7000E+02 1.22387E-05
0.44 1.8000E+02 9.84432E-06
0.44 1.9000E+02 8.17061E-06
0.44 2.1000E+02 5.69938E-06
0.44 2.3000E+02 4.03981E-06
0.44 2.5000E+02 3.64609E-06
0.44 2.7000E+02 2.21638E-06
0.44 2.9000E+02 1.80955E-06
0.44 3.1000E+02 1.18665E-06
0.44 3.3000E+02 1.32978E-06
0.44 3.5000E+02 1.06102E-06
0.44 3.7000E+02 9.73391E-07
0.44 3.9000E+02 7.93443E-07
0.44 4.3000E+02 6.61769E-07
0.44 4.7000E+02 4.55488E-07
0.44 5.1000E+02 3.69190E-07 


0.45 2.5600E+01 4.21230E-04
0.45 2.6600E+01 5.51686E-04
0.45 2.7600E+01 4.88491E-04
0.45 2.8600E+01 7.78859E-04
0.45 2.9600E+01 6.38204E-04
0.45 3.0600E+01 5.39827E-04
0.45 3.1600E+01 7.25260E-04
0.45 3.2600E+01 6.07607E-04
0.45 3.3600E+01 6.30873E-04
0.45 3.4600E+01 5.31438E-04
0.45 4.0000E+01 5.70275E-04
0.45 4.5000E+01 3.31873E-04
0.45 5.0000E+01 3.69027E-04
0.45 5.5000E+01 2.16693E-04
0.45 6.0000E+01 1.83624E-04
0.45 6.5000E+01 2.11900E-04
0.45 7.0000E+01 1.43748E-04
0.45 7.5000E+01 1.10526E-04
0.45 8.0000E+01 1.10609E-04
0.45 8.5000E+01 8.37388E-05
0.45 1.0000E+02 5.91761E-05
0.45 1.1000E+02 4.01881E-05
0.45 1.2000E+02 3.17569E-05
0.45 1.3000E+02 2.37950E-05
0.45 1.4000E+02 1.90373E-05
0.45 1.5000E+02 1.61389E-05
0.45 1.6000E+02 1.47178E-05
0.45 1.7000E+02 1.13143E-05
0.45 1.8000E+02 1.06103E-05
0.45 1.9000E+02 8.78878E-06
0.45 2.1000E+02 6.14212E-06
0.45 2.3000E+02 4.59648E-06
0.45 2.5000E+02 4.10582E-06
0.45 2.7000E+02 1.70415E-06
0.45 2.9000E+02 1.89742E-06
0.45 3.1000E+02 1.56524E-06
0.45 3.3000E+02 1.32193E-06
0.45 3.5000E+02 1.13446E-06
0.45 3.7000E+02 9.45385E-07
0.45 3.9000E+02 7.84808E-07
0.45 4.3000E+02 6.96543E-07
0.45 4.7000E+02 5.08879E-07
0.45 5.1000E+02 1.34960E-06 


0.46 2.5600E+01 4.05171E-04
0.46 2.6600E+01 5.25149E-04
0.46 2.7600E+01 6.97251E-04
0.46 2.8600E+01 5.67282E-04
0.46 2.9600E+01 7.96624E-04
0.46 3.0600E+01 6.28672E-04
0.46 3.1600E+01 8.26215E-04
0.46 3.2600E+01 8.42272E-04
0.46 3.3600E+01 5.72606E-04
0.46 3.4600E+01 7.46998E-04
0.46 4.0000E+01 5.03642E-04
0.46 4.5000E+01 3.82301E-04
0.46 5.0000E+01 2.92207E-04
0.46 5.5000E+01 2.68012E-04
0.46 6.0000E+01 2.12181E-04
0.46 6.5000E+01 1.60007E-04
0.46 7.0000E+01 1.62643E-04
0.46 7.5000E+01 1.16106E-04
0.46 8.0000E+01 1.06228E-04
0.46 8.5000E+01 8.54277E-05
0.46 1.0000E+02 6.45593E-05
0.46 1.1000E+02 4.46170E-05
0.46 1.2000E+02 3.32636E-05
0.46 1.3000E+02 3.19096E-05
0.46 1.4000E+02 1.28627E-05
0.46 1.5000E+02 1.79119E-05
0.46 1.6000E+02 1.58097E-05
0.46 1.7000E+02 1.25500E-05
0.46 1.8000E+02 1.07964E-05
0.46 1.9000E+02 1.44552E-05
0.46 2.1000E+02 6.10251E-06
0.46 2.3000E+02 4.66499E-06
0.46 2.5000E+02 3.17884E-07
0.46 2.7000E+02 3.46286E-06
0.46 2.9000E+02 2.25418E-06
0.46 3.1000E+02 1.67054E-06
0.46 3.3000E+02 1.37701E-06
0.46 3.5000E+02 1.18266E-06
0.46 3.7000E+02 1.14912E-06
0.46 3.9000E+02 8.69229E-07
0.46 4.3000E+02 6.29555E-07
0.46 4.7000E+02 4.85786E-07
0.46 5.1000E+02 3.69978E-07 


0.47 2.5600E+01 4.63493E-04
0.47 2.6600E+01 5.19750E-04
0.47 2.7600E+01 6.35258E-04
0.47 2.8600E+01 6.15374E-04
0.47 2.9600E+01 6.85398E-04
0.47 3.0600E+01 5.47705E-04
0.47 3.1600E+01 6.72945E-04
0.47 3.2600E+01 6.15622E-04
0.47 3.3600E+01 6.71148E-04
0.47 3.4600E+01 6.60589E-04
0.47 4.0000E+01 4.44503E-04
0.47 4.5000E+01 5.33617E-04
0.47 5.0000E+01 3.61724E-04
0.47 5.5000E+01 3.23636E-04
0.47 6.0000E+01 2.16044E-04
0.47 6.5000E+01 1.95096E-04
0.47 7.0000E+01 1.84446E-04
0.47 7.5000E+01 1.30924E-04
0.47 8.0000E+01 9.89288E-05
0.47 8.5000E+01 1.04099E-04
0.47 1.0000E+02 6.36136E-05
0.47 1.1000E+02 5.34970E-05
0.47 1.2000E+02 3.49556E-05
0.47 1.3000E+02 2.96763E-05
0.47 1.4000E+02 2.59171E-05
0.47 1.5000E+02 1.63866E-05
0.47 1.6000E+02 1.44957E-05
0.47 1.7000E+02 1.14801E-05
0.47 1.8000E+02 1.29578E-05
0.47 1.9000E+02 1.02641E-05
0.47 2.1000E+02 7.05400E-06
0.47 2.3000E+02 4.83436E-06
0.47 2.5000E+02 3.90766E-06
0.47 2.7000E+02 3.39987E-06
0.47 2.9000E+02 2.86440E-06
0.47 3.1000E+02 1.89894E-06
0.47 3.3000E+02 1.29233E-06
0.47 3.5000E+02 1.18012E-06
0.47 3.7000E+02 1.00410E-06
0.47 3.9000E+02 8.61948E-07
0.47 4.3000E+02 6.33619E-07
0.47 4.7000E+02 5.49786E-07
0.47 5.1000E+02 4.01859E-07 


0.48 2.5600E+01 5.44361E-04
0.48 2.6600E+01 4.98010E-04
0.48 2.7600E+01 8.28432E-04
0.48 2.8600E+01 7.01105E-04
0.48 2.9600E+01 8.95797E-04
0.48 3.0600E+01 6.96781E-04
0.48 3.1600E+01 6.90987E-04
0.48 3.2600E+01 8.79845E-04
0.48 3.3600E+01 8.12426E-04
0.48 3.4600E+01 5.94095E-04
0.48 4.0000E+01 4.82823E-04
0.48 4.5000E+01 6.14969E-04
0.48 5.0000E+01 3.96064E-04
0.48 5.5000E+01 3.57733E-04
0.48 6.0000E+01 2.08222E-04
0.48 6.5000E+01 2.13355E-04
0.48 7.0000E+01 1.60031E-04
0.48 7.5000E+01 1.54654E-04
0.48 8.0000E+01 1.09065E-04
0.48 8.5000E+01 9.77407E-05
0.48 1.0000E+02 6.23453E-05
0.48 1.1000E+02 5.42292E-05
0.48 1.2000E+02 4.72687E-05
0.48 1.3000E+02 2.82297E-05
0.48 1.4000E+02 2.63318E-05
0.48 1.5000E+02 2.05164E-05
0.48 1.6000E+02 2.31355E-05
0.48 1.7000E+02 1.33389E-05
0.48 1.8000E+02 1.88531E-05
0.48 1.9000E+02 1.06713E-05
0.48 2.1000E+02 7.82936E-06
0.48 2.3000E+02 5.46385E-06
0.48 2.5000E+02 4.00477E-06
0.48 2.7000E+02 3.27768E-06
0.48 2.9000E+02 2.96134E-06
0.48 3.1000E+02 2.37595E-06
0.48 3.3000E+02 1.36284E-06
0.48 3.5000E+02 1.29754E-06
0.48 3.7000E+02 1.11823E-06
0.48 3.9000E+02 9.51787E-07
0.48 4.3000E+02 5.34652E-07
0.48 4.7000E+02 4.90903E-07
0.48 5.1000E+02 3.99870E-07 


0.49 2.5600E+01 5.03755E-04
0.49 2.6600E+01 4.60497E-04
0.49 2.7600E+01 7.77688E-04
0.49 2.8600E+01 6.25343E-04
0.49 2.9600E+01 8.49341E-04
0.49 3.0600E+01 9.83322E-04
0.49 3.1600E+01 8.72481E-04
0.49 3.2600E+01 8.32010E-04
0.49 3.3600E+01 6.55515E-04
0.49 3.4600E+01 7.44769E-04
0.49 4.0000E+01 6.02364E-04
0.49 4.5000E+01 4.50362E-04
0.49 5.0000E+01 3.41212E-04
0.49 5.5000E+01 2.79756E-04
0.49 6.0000E+01 2.42486E-04
0.49 6.5000E+01 2.16488E-04
0.49 7.0000E+01 1.52816E-04
0.49 7.5000E+01 1.66403E-04
0.49 8.0000E+01 1.26295E-04
0.49 8.5000E+01 9.15752E-05
0.49 1.0000E+02 5.54141E-05
0.49 1.1000E+02 5.70548E-05
0.49 1.2000E+02 4.27590E-05
0.49 1.3000E+02 3.03714E-05
0.49 1.4000E+02 2.63723E-05
0.49 1.5000E+02 2.22210E-05
0.49 1.6000E+02 1.41766E-05
0.49 1.7000E+02 1.38465E-05
0.49 1.8000E+02 1.18312E-05
0.49 1.9000E+02 1.05948E-05
0.49 2.1000E+02 8.45347E-06
0.49 2.3000E+02 6.14751E-06
0.49 2.5000E+02 4.39682E-06
0.49 2.7000E+02 3.36275E-06
0.49 2.9000E+02 2.93135E-06
0.49 3.1000E+02 2.50213E-06
0.49 3.3000E+02 1.96982E-06
0.49 3.5000E+02 1.52556E-06
0.49 3.7000E+02 9.59332E-07
0.49 3.9000E+02 7.71625E-06
0.49 4.3000E+02 7.22034E-07
0.49 4.7000E+02 5.20002E-07
0.49 5.1000E+02 3.75671E-07 


0.50 2.5600E+01 4.80259E-04
0.50 2.6600E+01 6.38444E-04
0.50 2.7600E+01 7.82772E-04
0.50 2.8600E+01 8.11576E-04
0.50 2.9600E+01 6.89218E-04
0.50 3.0600E+01 8.17433E-04
0.50 3.1600E+01 6.93784E-04
0.50 3.2600E+01 7.19538E-04
0.50 3.3600E+01 8.90492E-04
0.50 3.4600E+01 9.24001E-04
0.50 4.0000E+01 5.68675E-04
0.50 4.5000E+01 5.88966E-04
0.50 5.0000E+01 3.47879E-04
0.50 5.5000E+01 2.72539E-04
0.50 6.0000E+01 3.00379E-04
0.50 6.5000E+01 1.97151E-04
0.50 7.0000E+01 1.82777E-04
0.50 7.5000E+01 1.60431E-04
0.50 8.0000E+01 1.44376E-04
0.50 8.5000E+01 1.04631E-04
0.50 1.0000E+02 6.87323E-05
0.50 1.1000E+02 5.94331E-05
0.50 1.2000E+02 4.71817E-05
0.50 1.3000E+02 3.37254E-05
0.50 1.4000E+02 2.59486E-05
0.50 1.5000E+02 2.43064E-05
0.50 1.6000E+02 2.04545E-05
0.50 1.7000E+02 1.24161E-05
0.50 1.8000E+02 1.21614E-05
0.50 1.9000E+02 1.07593E-05
0.50 2.1000E+02 8.64624E-06
0.50 2.3000E+02 4.62878E-06
0.50 2.5000E+02 4.78034E-06
0.50 2.7000E+02 3.47647E-06
0.50 2.9000E+02 3.18400E-06
0.50 3.1000E+02 3.24310E-06
0.50 3.3000E+02 2.30944E-06
0.50 3.5000E+02 1.38810E-06
0.50 3.7000E+02 1.13983E-06
0.50 3.9000E+02 9.68839E-07
0.50 4.3000E+02 7.23079E-07
0.50 4.7000E+02 5.56154E-07
0.50 5.1000E+02 4.22957E-07 


0.51 2.5600E+01 4.55448E-04
0.51 2.6600E+01 5.20574E-04
0.51 2.7600E+01 8.50514E-04
0.51 2.8600E+01 9.19389E-04
0.51 2.9600E+01 8.08629E-04
0.51 3.0600E+01 8.93188E-04
0.51 3.1600E+01 8.52904E-04
0.51 3.2600E+01 7.81278E-04
0.51 3.3600E+01 1.00865E-03
0.51 3.4600E+01 6.84357E-04
0.51 4.0000E+01 7.02249E-04
0.51 4.5000E+01 5.99301E-04
0.51 5.0000E+01 4.71732E-04
0.51 5.5000E+01 3.77709E-04
0.51 6.0000E+01 3.33889E-04
0.51 6.5000E+01 2.04134E-04
0.51 7.0000E+01 2.06560E-04
0.51 7.5000E+01 1.18694E-04
0.51 8.0000E+01 1.55995E-04
0.51 8.5000E+01 1.21460E-04
0.51 1.0000E+02 8.20499E-05
0.51 1.1000E+02 5.11665E-05
0.51 1.2000E+02 4.94201E-05
0.51 1.3000E+02 3.75335E-05
0.51 1.4000E+02 2.66505E-05
0.51 1.5000E+02 2.32271E-05
0.51 1.6000E+02 2.16366E-05
0.51 1.7000E+02 1.47515E-05
0.51 1.8000E+02 1.08469E-05
0.51 1.9000E+02 1.07933E-05
0.51 2.1000E+02 8.78328E-06
0.51 2.3000E+02 6.90676E-06
0.51 2.5000E+02 4.88457E-06
0.51 2.7000E+02 3.69806E-06
0.51 2.9000E+02 2.91757E-06
0.51 3.1000E+02 2.52574E-06
0.51 3.3000E+02 2.21143E-06
0.51 3.5000E+02 1.93108E-06
0.51 3.7000E+02 1.14838E-06
0.51 3.9000E+02 9.69955E-07
0.51 4.3000E+02 7.43416E-07
0.51 4.7000E+02 5.72945E-07
0.51 5.1000E+02 4.38026E-07 


0.52 2.5600E+01 4.64109E-04
0.52 2.6600E+01 6.60310E-04
0.52 2.7600E+01 6.11389E-04
0.52 2.8600E+01 8.21374E-04
0.52 2.9600E+01 7.31679E-04
0.52 3.0600E+01 1.06692E-03
0.52 3.1600E+01 1.10496E-03
0.52 3.2600E+01 7.78246E-04
0.52 3.3600E+01 7.29823E-04
0.52 3.4600E+01 9.86226E-04
0.52 4.0000E+01 8.54821E-04
0.52 4.5000E+01 5.03038E-04
0.52 5.0000E+01 5.93714E-04
0.52 5.5000E+01 3.68387E-04
0.52 6.0000E+01 2.74439E-04
0.52 6.5000E+01 2.36524E-04
0.52 7.0000E+01 1.92417E-04
0.52 7.5000E+01 1.59345E-04
0.52 8.0000E+01 1.45558E-04
0.52 8.5000E+01 1.37831E-04
0.52 1.0000E+02 8.22291E-05
0.52 1.1000E+02 4.67907E-05
0.52 1.2000E+02 4.96300E-05
0.52 1.3000E+02 4.09851E-05
0.52 1.4000E+02 2.97459E-05
0.52 1.5000E+02 2.30042E-05
0.52 1.6000E+02 2.12868E-05
0.52 1.7000E+02 1.89402E-05
0.52 1.8000E+02 1.14869E-05
0.52 1.9000E+02 1.03080E-05
0.52 2.1000E+02 8.49698E-06
0.52 2.3000E+02 7.04572E-06
0.52 2.5000E+02 5.33529E-06
0.52 2.7000E+02 3.85725E-06
0.52 2.9000E+02 3.02789E-06
0.52 3.1000E+02 2.51901E-06
0.52 3.3000E+02 2.26130E-06
0.52 3.5000E+02 1.98058E-06
0.52 3.7000E+02 1.59843E-06
0.52 3.9000E+02 1.01555E-06
0.52 4.3000E+02 7.65779E-07
0.52 4.7000E+02 6.04445E-07
0.52 5.1000E+02 4.41740E-07 


0.53 2.5600E+01 4.40691E-04
0.53 2.6600E+01 7.83414E-04
0.53 2.7600E+01 6.66403E-04
0.53 2.8600E+01 1.16350E-03
0.53 2.9600E+01 7.90825E-04
0.53 3.0600E+01 8.09395E-04
0.53 3.1600E+01 9.13165E-04
0.53 3.2600E+01 7.92452E-04
0.53 3.3600E+01 8.56544E-04
0.53 3.4600E+01 1.04167E-03
0.53 4.0000E+01 7.95775E-04
0.53 4.5000E+01 5.14026E-04
0.53 5.0000E+01 4.29661E-04
0.53 5.5000E+01 3.22029E-04
0.53 6.0000E+01 2.80303E-04
0.53 6.5000E+01 2.89874E-04
0.53 7.0000E+01 1.80767E-04
0.53 7.5000E+01 1.89898E-04
0.53 8.0000E+01 1.15280E-04
0.53 8.5000E+01 1.45167E-04
0.53 1.0000E+02 7.79714E-05
0.53 1.1000E+02 6.30443E-05
0.53 1.2000E+02 4.65903E-05
0.53 1.3000E+02 4.33508E-05
0.53 1.4000E+02 3.31760E-05
0.53 1.5000E+02 2.46440E-05
0.53 1.6000E+02 2.04755E-05
0.53 1.7000E+02 1.94117E-05
0.53 1.8000E+02 1.60387E-05
0.53 1.9000E+02 1.00456E-05
0.53 2.1000E+02 8.69227E-06
0.53 2.3000E+02 7.45065E-06
0.53 2.5000E+02 5.92241E-06
0.53 2.7000E+02 3.66349E-06
0.53 2.9000E+02 3.22431E-06
0.53 3.1000E+02 2.54074E-06
0.53 3.3000E+02 2.18524E-06
0.53 3.5000E+02 1.96771E-06
0.53 3.7000E+02 1.80714E-06
0.53 3.9000E+02 1.33832E-06
0.53 4.3000E+02 7.89035E-07
0.53 4.7000E+02 6.01912E-07
0.53 5.1000E+02 4.89790E-07 


0.54 2.5600E+01 3.92946E-04
0.54 2.6600E+01 7.74162E-04
0.54 2.7600E+01 7.44361E-04
0.54 2.8600E+01 9.52091E-04
0.54 2.9600E+01 1.04227E-03
0.54 3.0600E+01 8.65141E-04
0.54 3.1600E+01 1.05090E-03
0.54 3.2600E+01 1.02353E-03
0.54 3.3600E+01 1.09014E-03
0.54 3.4600E+01 8.01915E-04
0.54 4.0000E+01 6.37919E-04
0.54 4.5000E+01 7.37012E-04
0.54 5.0000E+01 4.67675E-04
0.54 5.5000E+01 3.42889E-04
0.54 6.0000E+01 3.48441E-04
0.54 6.5000E+01 3.15659E-04
0.54 7.0000E+01 2.00564E-04
0.54 7.5000E+01 1.85345E-04
0.54 8.0000E+01 1.42010E-04
0.54 8.5000E+01 1.36814E-04
0.54 1.0000E+02 7.69068E-05
0.54 1.1000E+02 7.21142E-05
0.54 1.2000E+02 4.22861E-05
0.54 1.3000E+02 4.35798E-05
0.54 1.4000E+02 3.61342E-05
0.54 1.5000E+02 2.63971E-05
0.54 1.6000E+02 2.02276E-05
0.54 1.7000E+02 1.89395E-05
0.54 1.8000E+02 1.74298E-05
0.54 1.9000E+02 1.34593E-05
0.54 2.1000E+02 8.57094E-06
0.54 2.3000E+02 7.38154E-06
0.54 2.5000E+02 5.98041E-06
0.54 2.7000E+02 4.66403E-06
0.54 2.9000E+02 3.49736E-06
0.54 3.1000E+02 2.68127E-06
0.54 3.3000E+02 2.17018E-06
0.54 3.5000E+02 2.03727E-06
0.54 3.7000E+02 1.75941E-06
0.54 3.9000E+02 1.52924E-06
0.54 4.3000E+02 8.18191E-07
0.54 4.7000E+02 6.25283E-07
0.54 5.1000E+02 4.88752E-07 


0.55 2.5600E+01 3.62547E-04
0.55 2.6600E+01 8.15912E-04
0.55 2.7600E+01 6.33081E-04
0.55 2.8600E+01 1.00321E-03
0.55 2.9600E+01 1.13507E-03
0.55 3.0600E+01 1.02272E-03
0.55 3.1600E+01 1.18240E-03
0.55 3.2600E+01 1.22458E-03
0.55 3.3600E+01 8.30664E-04
0.55 3.4600E+01 8.02647E-04
0.55 4.0000E+01 9.30119E-04
0.55 4.5000E+01 6.53978E-04
0.55 5.0000E+01 5.80958E-04
0.55 5.5000E+01 4.52811E-04
0.55 6.0000E+01 3.60981E-04
0.55 6.5000E+01 2.40106E-04
0.55 7.0000E+01 2.39822E-04
0.55 7.5000E+01 1.70326E-04
0.55 8.0000E+01 1.74664E-04
0.55 8.5000E+01 1.05860E-04
0.55 1.0000E+02 8.46973E-05
0.55 1.1000E+02 7.15155E-05
0.55 1.2000E+02 4.49925E-05
0.55 1.3000E+02 4.19012E-05
0.55 1.4000E+02 3.80996E-05
0.55 1.5000E+02 2.95064E-05
0.55 1.6000E+02 2.28018E-05
0.55 1.7000E+02 1.79636E-05
0.55 1.8000E+02 1.75419E-05
0.55 1.9000E+02 1.31052E-05
0.55 2.1000E+02 8.32977E-06
0.55 2.3000E+02 7.19954E-06
0.55 2.5000E+02 6.12959E-06
0.55 2.7000E+02 4.86987E-06
0.55 2.9000E+02 3.70048E-06
0.55 3.1000E+02 2.88389E-06
0.55 3.3000E+02 2.24734E-06
0.55 3.5000E+02 1.78901E-06
0.55 3.7000E+02 1.76089E-06
0.55 3.9000E+02 1.55332E-06
0.55 4.3000E+02 8.31974E-07
0.55 4.7000E+02 6.41095E-07
0.55 5.1000E+02 5.03479E-07 


0.56 2.5600E+01 3.50735E-04
0.56 2.6600E+01 8.96977E-04
0.56 2.7600E+01 8.80494E-04
0.56 2.8600E+01 1.12146E-03
0.56 2.9600E+01 1.02014E-03
0.56 3.0600E+01 8.93903E-04
0.56 3.1600E+01 9.29245E-04
0.56 3.2600E+01 9.46848E-04
0.56 3.3600E+01 1.00214E-03
0.56 3.4600E+01 1.21911E-03
0.56 4.0000E+01 7.94560E-04
0.56 4.5000E+01 5.88286E-04
0.56 5.0000E+01 5.89617E-04
0.56 5.5000E+01 5.54864E-04
0.56 6.0000E+01 3.11469E-04
0.56 6.5000E+01 2.53385E-04
0.56 7.0000E+01 2.82963E-04
0.56 7.5000E+01 1.73757E-04
0.56 8.0000E+01 1.76605E-04
0.56 8.5000E+01 1.30665E-04
0.56 1.0000E+02 9.72653E-05
0.56 1.1000E+02 6.74971E-05
0.56 1.2000E+02 5.97601E-05
0.56 1.3000E+02 3.78035E-05
0.56 1.4000E+02 3.85005E-05
0.56 1.5000E+02 3.21483E-05
0.56 1.6000E+02 2.42422E-05
0.56 1.7000E+02 1.87292E-05
0.56 1.8000E+02 1.49556E-05
0.56 1.9000E+02 1.57842E-05
0.56 2.1000E+02 8.61947E-06
0.56 2.3000E+02 7.21780E-06
0.56 2.5000E+02 6.23300E-06
0.56 2.7000E+02 5.06324E-06
0.56 2.9000E+02 4.00075E-06
0.56 3.1000E+02 3.10321E-06
0.56 3.3000E+02 2.37758E-06
0.56 3.5000E+02 1.92847E-06
0.56 3.7000E+02 1.69887E-06
0.56 3.9000E+02 1.55045E-06
0.56 4.3000E+02 1.17703E-06
0.56 4.7000E+02 6.59729E-07
0.56 5.1000E+02 5.13938E-07 


0.57 2.5600E+01 3.14340E-04
0.57 2.6600E+01 8.74688E-04
0.57 2.7600E+01 9.05618E-04
0.57 2.8600E+01 8.44711E-04
0.57 2.9600E+01 1.38023E-03
0.57 3.0600E+01 1.05755E-03
0.57 3.1600E+01 9.68873E-04
0.57 3.2600E+01 1.27747E-03
0.57 3.3600E+01 1.28818E-03
0.57 3.4600E+01 8.99840E-04
0.57 4.0000E+01 7.08534E-04
0.57 4.5000E+01 7.01612E-04
0.57 5.0000E+01 4.90704E-04
0.57 5.5000E+01 4.11182E-04
0.57 6.0000E+01 2.89687E-04
0.57 6.5000E+01 3.16574E-04
0.57 7.0000E+01 2.83389E-04
0.57 7.5000E+01 2.01555E-04
0.57 8.0000E+01 1.60880E-04
0.57 8.5000E+01 1.59885E-04
0.57 1.0000E+02 1.09635E-04
0.57 1.1000E+02 6.71761E-05
0.57 1.2000E+02 6.34027E-05
0.57 1.3000E+02 3.43198E-05
0.57 1.4000E+02 3.73301E-05
0.57 1.5000E+02 3.37881E-05
0.57 1.6000E+02 2.65816E-05
0.57 1.7000E+02 2.03051E-05
0.57 1.8000E+02 1.63791E-05
0.57 1.9000E+02 1.52875E-05
0.57 2.1000E+02 1.16715E-05
0.57 2.3000E+02 7.10627E-06
0.57 2.5000E+02 6.13285E-06
0.57 2.7000E+02 5.39626E-06
0.57 2.9000E+02 4.12144E-06
0.57 3.1000E+02 3.31569E-06
0.57 3.3000E+02 2.61009E-06
0.57 3.5000E+02 1.99091E-06
0.57 3.7000E+02 1.62348E-06
0.57 3.9000E+02 1.51174E-06
0.57 4.3000E+02 1.23309E-06
0.57 4.7000E+02 6.69364E-07
0.57 5.1000E+02 5.18361E-07 


0.58 2.5600E+01 2.79120E-04
0.58 2.6600E+01 9.18812E-04
0.58 2.7600E+01 8.50504E-04
0.58 2.8600E+01 9.87743E-04
0.58 2.9600E+01 1.29377E-03
0.58 3.0600E+01 1.28694E-03
0.58 3.1600E+01 1.20002E-03
0.58 3.2600E+01 1.30536E-03
0.58 3.3600E+01 1.26447E-03
0.58 3.4600E+01 9.74367E-04
0.58 4.0000E+01 8.70779E-04
0.58 4.5000E+01 8.65561E-04
0.58 5.0000E+01 4.39053E-04
0.58 5.5000E+01 4.37111E-04
0.58 6.0000E+01 3.52446E-04
0.58 6.5000E+01 3.37563E-04
0.58 7.0000E+01 2.18126E-04
0.58 7.5000E+01 2.43920E-04
0.58 8.0000E+01 1.57027E-04
0.58 8.5000E+01 1.65035E-04
0.58 1.0000E+02 1.16955E-04
0.58 1.1000E+02 7.39979E-05
0.58 1.2000E+02 6.19651E-05
0.58 1.3000E+02 4.78648E-05
0.58 1.4000E+02 3.44770E-05
0.58 1.5000E+02 3.41184E-05
0.58 1.6000E+02 2.87685E-05
0.58 1.7000E+02 2.24480E-05
0.58 1.8000E+02 1.72414E-05
0.58 1.9000E+02 1.46956E-05
0.58 2.1000E+02 1.28343E-05
0.58 2.3000E+02 6.78537E-06
0.58 2.5000E+02 6.02241E-06
0.58 2.7000E+02 5.29402E-06
0.58 2.9000E+02 4.31675E-06
0.58 3.1000E+02 3.49479E-06
0.58 3.3000E+02 2.76016E-06
0.58 3.5000E+02 2.16592E-06
0.58 3.7000E+02 1.73920E-06
0.58 3.9000E+02 1.48708E-06
0.58 4.3000E+02 1.23316E-06
0.58 4.7000E+02 9.03405E-07
0.58 5.1000E+02 5.35298E-07 


0.59 2.5600E+01 2.46612E-04
0.59 2.6600E+01 8.88004E-04
0.59 2.7600E+01 1.10815E-03
0.59 2.8600E+01 1.08234E-03
0.59 2.9600E+01 1.12617E-03
0.59 3.0600E+01 1.30252E-03
0.59 3.1600E+01 1.04928E-03
0.59 3.2600E+01 1.05166E-03
0.59 3.3600E+01 9.48307E-04
0.59 3.4600E+01 1.28926E-03
0.59 4.0000E+01 1.14116E-03
0.59 4.5000E+01 8.73095E-04
0.59 5.0000E+01 6.31210E-04
0.59 5.5000E+01 5.33381E-04
0.59 6.0000E+01 4.93163E-04
0.59 6.5000E+01 3.07271E-04
0.59 7.0000E+01 2.42626E-04
0.59 7.5000E+01 2.79271E-04
0.59 8.0000E+01 1.78373E-04
0.59 8.5000E+01 1.53126E-04
0.59 1.0000E+02 1.14351E-04
0.59 1.1000E+02 8.36187E-05
0.59 1.2000E+02 5.85698E-05
0.59 1.3000E+02 5.47181E-05
0.59 1.4000E+02 3.10668E-05
0.59 1.5000E+02 3.31751E-05
0.59 1.6000E+02 3.03666E-05
0.59 1.7000E+02 2.42053E-05
0.59 1.8000E+02 1.87618E-05
0.59 1.9000E+02 1.50768E-05
0.59 2.1000E+02 1.30827E-05
0.59 2.3000E+02 8.21808E-06
0.59 2.5000E+02 5.95915E-06
0.59 2.7000E+02 5.23586E-06
0.59 2.9000E+02 4.43171E-06
0.59 3.1000E+02 3.63049E-06
0.59 3.3000E+02 2.94625E-06
0.59 3.5000E+02 2.31246E-06
0.59 3.7000E+02 1.82653E-06
0.59 3.9000E+02 1.49647E-06
0.59 4.3000E+02 1.25594E-06
0.59 4.7000E+02 9.77150E-07
0.59 5.1000E+02 5.56513E-07 


0.60 2.5600E+01 2.19950E-04
0.60 2.6600E+01 8.19368E-04
0.60 2.7600E+01 1.15378E-03
0.60 2.8600E+01 8.10040E-04
0.60 2.9600E+01 1.35491E-03
0.60 3.0600E+01 1.23913E-03
0.60 3.1600E+01 1.10998E-03
0.60 3.2600E+01 1.08494E-03
0.60 3.3600E+01 1.51271E-03
0.60 3.4600E+01 1.42057E-03
0.60 4.0000E+01 1.09364E-03
0.60 4.5000E+01 6.54937E-04
0.60 5.0000E+01 6.90813E-04
0.60 5.5000E+01 5.79619E-04
0.60 6.0000E+01 4.70406E-04
0.60 6.5000E+01 2.78527E-04
0.60 7.0000E+01 2.99936E-04
0.60 7.5000E+01 2.55534E-04
0.60 8.0000E+01 2.10669E-04
0.60 8.5000E+01 1.45382E-04
0.60 1.0000E+02 1.00355E-04
0.60 1.1000E+02 9.33744E-05
0.60 1.2000E+02 5.92223E-05
0.60 1.3000E+02 5.58812E-05
0.60 1.4000E+02 3.91274E-05
0.60 1.5000E+02 3.12231E-05
0.60 1.6000E+02 3.04179E-05
0.60 1.7000E+02 2.58675E-05
0.60 1.8000E+02 2.07522E-05
0.60 1.9000E+02 1.58744E-05
0.60 2.1000E+02 1.25943E-05
0.60 2.3000E+02 1.03286E-05
0.60 2.5000E+02 5.89567E-06
0.60 2.7000E+02 5.18697E-06
0.60 2.9000E+02 4.45843E-06
0.60 3.1000E+02 3.76625E-06
0.60 3.3000E+02 3.01718E-06
0.60 3.5000E+02 2.46105E-06
0.60 3.7000E+02 1.95644E-06
0.60 3.9000E+02 1.57660E-06
0.60 4.3000E+02 1.19516E-06
0.60 4.7000E+02 1.00150E-06
0.60 5.1000E+02 6.97274E-07 


0.61 2.5600E+01 2.07803E-04
0.61 2.6600E+01 8.75621E-04
0.61 2.7600E+01 1.15758E-03
0.61 2.8600E+01 9.93915E-04
0.61 2.9600E+01 1.24351E-03
0.61 3.0600E+01 1.66300E-03
0.61 3.1600E+01 1.37429E-03
0.61 3.2600E+01 1.33107E-03
0.61 3.3600E+01 1.30373E-03
0.61 3.4600E+01 1.12243E-03
0.61 4.0000E+01 8.75108E-04
0.61 4.5000E+01 7.62580E-04
0.61 5.0000E+01 5.75374E-04
0.61 5.5000E+01 5.21889E-04
0.61 6.0000E+01 3.76526E-04
0.61 6.5000E+01 3.03276E-04
0.61 7.0000E+01 3.14382E-04
0.61 7.5000E+01 2.01192E-04
0.61 8.0000E+01 2.45011E-04
0.61 8.5000E+01 1.57600E-04
0.61 1.0000E+02 8.99549E-05
0.61 1.1000E+02 1.00784E-04
0.61 1.2000E+02 6.51788E-05
0.61 1.3000E+02 5.31273E-05
0.61 1.4000E+02 4.75002E-05
0.61 1.5000E+02 2.80012E-05
0.61 1.6000E+02 2.94983E-05
0.61 1.7000E+02 2.70455E-05
0.61 1.8000E+02 2.21871E-05
0.61 1.9000E+02 1.74616E-05
0.61 2.1000E+02 1.21581E-05
0.61 2.3000E+02 9.53790E-06
0.61 2.5000E+02 5.85647E-06
0.61 2.7000E+02 5.14297E-06
0.61 2.9000E+02 4.46166E-06
0.61 3.1000E+02 3.45695E-06
0.61 3.3000E+02 3.41167E-06
0.61 3.5000E+02 2.61856E-06
0.61 3.7000E+02 2.12107E-06
0.61 3.9000E+02 1.68541E-06
0.61 4.3000E+02 1.19401E-06
0.61 4.7000E+02 1.00964E-06
0.61 5.1000E+02 8.07977E-07 


0.62 2.5600E+01 1.90588E-04
0.62 2.6600E+01 8.13132E-04
0.62 2.7600E+01 1.27310E-03
0.62 2.8600E+01 1.28016E-03
0.62 2.9600E+01 8.69027E-04
0.62 3.0600E+01 1.46029E-03
0.62 3.1600E+01 1.48194E-03
0.62 3.2600E+01 1.18182E-03
0.62 3.3600E+01 1.06869E-03
0.62 3.4600E+01 1.36862E-03
0.62 4.0000E+01 1.21692E-03
0.62 4.5000E+01 9.82438E-04
0.62 5.0000E+01 6.33931E-04
0.62 5.5000E+01 4.30005E-04
0.62 6.0000E+01 4.65616E-04
0.62 6.5000E+01 3.85230E-04
0.62 7.0000E+01 2.87298E-04
0.62 7.5000E+01 2.39159E-04
0.62 8.0000E+01 2.50200E-04
0.62 8.5000E+01 1.87848E-04
0.62 1.0000E+02 1.14302E-04
0.62 1.1000E+02 1.01739E-04
0.62 1.2000E+02 7.38143E-05
0.62 1.3000E+02 5.12959E-05
0.62 1.4000E+02 4.91913E-05
0.62 1.5000E+02 3.20345E-05
0.62 1.6000E+02 2.78568E-05
0.62 1.7000E+02 2.71505E-05
0.62 1.8000E+02 2.34869E-05
0.62 1.9000E+02 1.91342E-05
0.62 2.1000E+02 1.22483E-05
0.62 2.3000E+02 1.07114E-05
0.62 2.5000E+02 8.13442E-06
0.62 2.7000E+02 5.01908E-06
0.62 2.9000E+02 4.45469E-06
0.62 3.1000E+02 3.86865E-06
0.62 3.3000E+02 3.30954E-06
0.62 3.5000E+02 2.75089E-06
0.62 3.7000E+02 2.23687E-06
0.62 3.9000E+02 1.80377E-06
0.62 4.3000E+02 1.22402E-06
0.62 4.7000E+02 9.73783E-07
0.62 5.1000E+02 8.21966E-07 


0.63 2.5600E+01 1.66031E-04
0.63 2.6600E+01 7.41917E-04
0.63 2.7600E+01 1.32210E-03
0.63 2.8600E+01 1.02258E-03
0.63 2.9600E+01 1.34506E-03
0.63 3.0600E+01 1.32318E-03
0.63 3.1600E+01 1.43845E-03
0.63 3.2600E+01 1.19652E-03
0.63 3.3600E+01 1.22406E-03
0.63 3.4600E+01 1.58791E-03
0.63 4.0000E+01 1.27071E-03
0.63 4.5000E+01 8.12245E-04
0.63 5.0000E+01 7.85393E-04
0.63 5.5000E+01 4.79345E-04
0.63 6.0000E+01 5.44747E-04
0.63 6.5000E+01 4.68724E-04
0.63 7.0000E+01 2.58666E-04
0.63 7.5000E+01 2.84049E-04
0.63 8.0000E+01 1.91355E-04
0.63 8.5000E+01 2.21016E-04
0.63 1.0000E+02 1.31218E-04
0.63 1.1000E+02 9.01187E-05
0.63 1.2000E+02 8.25439E-05
0.63 1.3000E+02 5.33130E-05
0.63 1.4000E+02 4.77115E-05
0.63 1.5000E+02 4.07669E-05
0.63 1.6000E+02 2.51677E-05
0.63 1.7000E+02 2.63225E-05
0.63 1.8000E+02 2.42923E-05
0.63 1.9000E+02 2.05477E-05
0.63 2.1000E+02 1.29847E-05
0.63 2.3000E+02 1.03760E-05
0.63 2.5000E+02 8.96117E-06
0.63 2.7000E+02 4.93853E-06
0.63 2.9000E+02 4.35732E-06
0.63 3.1000E+02 3.87405E-06
0.63 3.3000E+02 3.35422E-06
0.63 3.5000E+02 2.85032E-06
0.63 3.7000E+02 2.35608E-06
0.63 3.9000E+02 1.91910E-06
0.63 4.3000E+02 1.27682E-06
0.63 4.7000E+02 9.64539E-07
0.63 5.1000E+02 8.70726E-07 


0.64 2.5600E+01 1.45953E-04
0.64 2.6600E+01 6.76379E-04
0.64 2.7600E+01 1.30499E-03
0.64 2.8600E+01 1.25938E-03
0.64 2.9600E+01 1.18164E-03
0.64 3.0600E+01 1.56896E-03
0.64 3.1600E+01 1.56330E-03
0.64 3.2600E+01 1.48687E-03
0.64 3.3600E+01 1.43823E-03
0.64 3.4600E+01 1.22418E-03
0.64 4.0000E+01 1.01631E-03
0.64 4.5000E+01 7.30323E-04
0.64 5.0000E+01 8.88690E-04
0.64 5.5000E+01 7.44091E-04
0.64 6.0000E+01 5.53703E-04
0.64 6.5000E+01 3.90190E-04
0.64 7.0000E+01 2.75560E-04
0.64 7.5000E+01 2.89891E-04
0.64 8.0000E+01 1.98798E-04
0.64 8.5000E+01 2.43875E-04
0.64 1.0000E+02 1.31743E-04
0.64 1.1000E+02 7.32710E-05
0.64 1.2000E+02 8.84091E-05
0.64 1.3000E+02 5.91783E-05
0.64 1.4000E+02 4.55548E-05
0.64 1.5000E+02 4.37297E-05
0.64 1.6000E+02 2.72543E-05
0.64 1.7000E+02 2.47156E-05
0.64 1.8000E+02 2.42557E-05
0.64 1.9000E+02 2.13771E-05
0.64 2.1000E+02 1.41198E-05
0.64 2.3000E+02 1.01033E-05
0.64 2.5000E+02 9.06565E-06
0.64 2.7000E+02 6.33466E-06
0.64 2.9000E+02 4.30237E-06
0.64 3.1000E+02 3.86878E-06
0.64 3.3000E+02 3.36337E-06
0.64 3.5000E+02 2.90642E-06
0.64 3.7000E+02 2.45256E-06
0.64 3.9000E+02 2.04008E-06
0.64 4.3000E+02 1.35432E-06
0.64 4.7000E+02 9.72112E-07
0.64 5.1000E+02 8.13432E-07 


0.65 2.5600E+01 1.30331E-04
0.65 2.6600E+01 6.32595E-04
0.65 2.7600E+01 1.36378E-03
0.65 2.8600E+01 1.52562E-03
0.65 2.9600E+01 9.93263E-04
0.65 3.0600E+01 1.48642E-03
0.65 3.1600E+01 1.88250E-03
0.65 3.2600E+01 1.62225E-03
0.65 3.3600E+01 1.21764E-03
0.65 3.4600E+01 1.16867E-03
0.65 4.0000E+01 8.99074E-04
0.65 4.5000E+01 8.84493E-04
0.65 5.0000E+01 8.23333E-04
0.65 5.5000E+01 6.35380E-04
0.65 6.0000E+01 5.25531E-04
0.65 6.5000E+01 3.59336E-04
0.65 7.0000E+01 3.41654E-04
0.65 7.5000E+01 2.62887E-04
0.65 8.0000E+01 2.39830E-04
0.65 8.5000E+01 2.13877E-04
0.65 1.0000E+02 1.23470E-04
0.65 1.1000E+02 9.01778E-05
0.65 1.2000E+02 8.84864E-05
0.65 1.3000E+02 6.65572E-05
0.65 1.4000E+02 4.55686E-05
0.65 1.5000E+02 4.31953E-05
0.65 1.6000E+02 3.54015E-05
0.65 1.7000E+02 2.23289E-05
0.65 1.8000E+02 2.34610E-05
0.65 1.9000E+02 2.18490E-05
0.65 2.1000E+02 1.54525E-05
0.65 2.3000E+02 1.02507E-05
0.65 2.5000E+02 8.88036E-06
0.65 2.7000E+02 7.47890E-06
0.65 2.9000E+02 4.22943E-06
0.65 3.1000E+02 3.79236E-06
0.65 3.3000E+02 3.36864E-06
0.65 3.5000E+02 2.94315E-06
0.65 3.7000E+02 2.53319E-06
0.65 3.9000E+02 2.21564E-06
0.65 4.3000E+02 1.44402E-06
0.65 4.7000E+02 1.00277E-06
0.65 5.1000E+02 8.09351E-07 


