0.40 2.5600E+01   NaN
0.40 2.6600E+01   NaN
0.40 2.7600E+01   NaN
0.40 2.8600E+01   NaN
0.40 2.9600E+01   NaN
0.40 3.0600E+01   NaN
0.40 3.1600E+01   NaN
0.40 3.2600E+01   NaN
0.40 3.3600E+01   NaN
0.40 3.4600E+01   NaN
0.40 4.0000E+01   NaN
0.40 4.5000E+01   NaN
0.40 5.0000E+01   NaN
0.40 5.5000E+01   NaN
0.40 6.0000E+01   NaN
0.40 6.5000E+01 3.15427E-06
0.40 7.0000E+01 1.52008E-05
0.40 7.5000E+01 3.94596E-06
0.40 8.0000E+01 2.14977E-07
0.40 8.5000E+01 1.05224E-05
0.40 1.0000E+02 2.31930E-06
0.40 1.1000E+02 3.20971E-07
0.40 1.2000E+02 1.27237E-06
0.40 1.3000E+02 3.75439E-06
0.40 1.4000E+02 1.28453E-06
0.40 1.5000E+02 5.36635E-07
0.40 1.6000E+02 3.53742E-07
0.40 1.7000E+02 1.23097E-06
0.40 1.8000E+02 1.25126E-06
0.40 1.9000E+02 1.03185E-06
0.40 2.1000E+02 4.18377E-07
0.40 2.3000E+02 6.48552E-07
0.40 2.5000E+02 8.14547E-07
0.40 2.7000E+02 8.60643E-07
0.40 2.9000E+02 7.16233E-07
0.40 3.1000E+02 6.33999E-07
0.40 3.3000E+02 4.89308E-07
0.40 3.5000E+02 5.06564E-07
0.40 3.7000E+02 9.18092E-07
0.40 3.9000E+02 4.09561E-07
0.40 4.3000E+02 3.61457E-07
0.40 4.7000E+02 2.53366E-07
0.40 5.1000E+02 2.54049E-07 


0.41 2.5600E+01   NaN
0.41 2.6600E+01   NaN
0.41 2.7600E+01   NaN
0.41 2.8600E+01   NaN
0.41 2.9600E+01   NaN
0.41 3.0600E+01   NaN
0.41 3.1600E+01   NaN
0.41 3.2600E+01   NaN
0.41 3.3600E+01   NaN
0.41 3.4600E+01   NaN
0.41 4.0000E+01   NaN
0.41 4.5000E+01   NaN
0.41 5.0000E+01   NaN
0.41 5.5000E+01   NaN
0.41 6.0000E+01   NaN
0.41 6.5000E+01 3.05049E-06
0.41 7.0000E+01 2.40363E-06
0.41 7.5000E+01 2.58081E-06
0.41 8.0000E+01 1.04277E-06
0.41 8.5000E+01 4.41813E-07
0.41 1.0000E+02 3.90262E-06
0.41 1.1000E+02 2.84404E-06
0.41 1.2000E+02 7.94697E-07
0.41 1.3000E+02 7.07290E-07
0.41 1.4000E+02 5.65114E-07
0.41 1.5000E+02 1.04384E-06
0.41 1.6000E+02 1.11977E-06
0.41 1.7000E+02 7.69940E-07
0.41 1.8000E+02 1.11683E-06
0.41 1.9000E+02 4.61379E-07
0.41 2.1000E+02 2.06555E-07
0.41 2.3000E+02 2.29789E-06
0.41 2.5000E+02 1.21725E-06
0.41 2.7000E+02 5.17242E-07
0.41 2.9000E+02 4.90297E-07
0.41 3.1000E+02 5.17984E-07
0.41 3.3000E+02 4.44768E-07
0.41 3.5000E+02 4.08608E-07
0.41 3.7000E+02 3.84364E-07
0.41 3.9000E+02 3.25762E-07
0.41 4.3000E+02 2.96886E-07
0.41 4.7000E+02 2.42404E-07
0.41 5.1000E+02 2.04562E-07 


0.42 2.5600E+01   NaN
0.42 2.6600E+01   NaN
0.42 2.7600E+01   NaN
0.42 2.8600E+01   NaN
0.42 2.9600E+01   NaN
0.42 3.0600E+01   NaN
0.42 3.1600E+01   NaN
0.42 3.2600E+01   NaN
0.42 3.3600E+01   NaN
0.42 3.4600E+01   NaN
0.42 4.0000E+01   NaN
0.42 4.5000E+01   NaN
0.42 5.0000E+01   NaN
0.42 5.5000E+01   NaN
0.42 6.0000E+01   NaN
0.42 6.5000E+01 1.01377E-06
0.42 7.0000E+01 9.04248E-06
0.42 7.5000E+01 2.75998E-06
0.42 8.0000E+01 1.91673E-06
0.42 8.5000E+01 4.18663E-06
0.42 1.0000E+02 1.08692E-06
0.42 1.1000E+02 2.16460E-06
0.42 1.2000E+02 1.96079E-06
0.42 1.3000E+02 7.16006E-07
0.42 1.4000E+02 1.37735E-06
0.42 1.5000E+02 5.73953E-07
0.42 1.6000E+02 1.01029E-06
0.42 1.7000E+02 8.38843E-07
0.42 1.8000E+02 7.29323E-07
0.42 1.9000E+02 7.60650E-07
0.42 2.1000E+02 7.98062E-07
0.42 2.3000E+02 1.35899E-06
0.42 2.5000E+02 5.00461E-07
0.42 2.7000E+02 4.83828E-07
0.42 2.9000E+02 4.96087E-07
0.42 3.1000E+02 3.92084E-07
0.42 3.3000E+02 3.70066E-07
0.42 3.5000E+02 3.22083E-07
0.42 3.7000E+02 2.78192E-07
0.42 3.9000E+02 4.21950E-07
0.42 4.3000E+02 2.25430E-07
0.42 4.7000E+02 1.97583E-07
0.42 5.1000E+02 1.68898E-07 


0.43 2.5600E+01   NaN
0.43 2.6600E+01   NaN
0.43 2.7600E+01   NaN
0.43 2.8600E+01   NaN
0.43 2.9600E+01   NaN
0.43 3.0600E+01   NaN
0.43 3.1600E+01   NaN
0.43 3.2600E+01   NaN
0.43 3.3600E+01   NaN
0.43 3.4600E+01   NaN
0.43 4.0000E+01   NaN
0.43 4.5000E+01   NaN
0.43 5.0000E+01   NaN
0.43 5.5000E+01   NaN
0.43 6.0000E+01   NaN
0.43 6.5000E+01 1.54315E-06
0.43 7.0000E+01 1.65188E-06
0.43 7.5000E+01 1.86619E-06
0.43 8.0000E+01 1.62227E-05
0.43 8.5000E+01 2.60313E-07
0.43 1.0000E+02 2.69859E-06
0.43 1.1000E+02 1.13380E-06
0.43 1.2000E+02 9.81525E-07
0.43 1.3000E+02 1.01062E-06
0.43 1.4000E+02 1.05762E-06
0.43 1.5000E+02 1.02728E-06
0.43 1.6000E+02 8.99657E-07
0.43 1.7000E+02 8.02019E-07
0.43 1.8000E+02 6.98412E-07
0.43 1.9000E+02 9.31412E-07
0.43 2.1000E+02 6.51444E-07
0.43 2.3000E+02 5.62463E-07
0.43 2.5000E+02 1.69280E-06
0.43 2.7000E+02 3.54261E-07
0.43 2.9000E+02 3.93181E-07
0.43 3.1000E+02 3.23449E-07
0.43 3.3000E+02 2.78021E-07
0.43 3.5000E+02 3.23394E-07
0.43 3.7000E+02 2.45464E-07
0.43 3.9000E+02 2.27348E-07
0.43 4.3000E+02 2.71938E-07
0.43 4.7000E+02 1.68439E-07
0.43 5.1000E+02 1.19702E-07 


0.44 2.5600E+01   NaN
0.44 2.6600E+01   NaN
0.44 2.7600E+01   NaN
0.44 2.8600E+01   NaN
0.44 2.9600E+01   NaN
0.44 3.0600E+01   NaN
0.44 3.1600E+01   NaN
0.44 3.2600E+01   NaN
0.44 3.3600E+01   NaN
0.44 3.4600E+01   NaN
0.44 4.0000E+01   NaN
0.44 4.5000E+01   NaN
0.44 5.0000E+01   NaN
0.44 5.5000E+01   NaN
0.44 6.0000E+01   NaN
0.44 6.5000E+01 6.82118E-07
0.44 7.0000E+01 5.36540E-06
0.44 7.5000E+01 1.16570E-06
0.44 8.0000E+01 5.17226E-07
0.44 8.5000E+01 3.54438E-06
0.44 1.0000E+02 9.31861E-07
0.44 1.1000E+02 1.13587E-06
0.44 1.2000E+02 1.34623E-06
0.44 1.3000E+02 1.98941E-05
0.44 1.4000E+02 1.64133E-06
0.44 1.5000E+02 1.62862E-06
0.44 1.6000E+02 1.94191E-06
0.44 1.7000E+02 1.56214E-06
0.44 1.8000E+02 1.31324E-06
0.44 1.9000E+02 1.06711E-06
0.44 2.1000E+02 7.69469E-07
0.44 2.3000E+02 1.13970E-06
0.44 2.5000E+02 8.05904E-07
0.44 2.7000E+02 4.31041E-07
0.44 2.9000E+02 4.42307E-07
0.44 3.1000E+02 6.75427E-07
0.44 3.3000E+02 4.04278E-07
0.44 3.5000E+02 3.68442E-07
0.44 3.7000E+02 3.52260E-07
0.44 3.9000E+02 3.12300E-07
0.44 4.3000E+02 3.44560E-07
0.44 4.7000E+02 2.16511E-07
0.44 5.1000E+02 1.77798E-07 


0.45 2.5600E+01   NaN
0.45 2.6600E+01   NaN
0.45 2.7600E+01   NaN
0.45 2.8600E+01   NaN
0.45 2.9600E+01   NaN
0.45 3.0600E+01   NaN
0.45 3.1600E+01   NaN
0.45 3.2600E+01   NaN
0.45 3.3600E+01   NaN
0.45 3.4600E+01   NaN
0.45 4.0000E+01   NaN
0.45 4.5000E+01   NaN
0.45 5.0000E+01   NaN
0.45 5.5000E+01   NaN
0.45 6.0000E+01   NaN
0.45 6.5000E+01 5.02782E-06
0.45 7.0000E+01 5.38950E-06
0.45 7.5000E+01 2.34639E-06
0.45 8.0000E+01 1.32533E-05
0.45 8.5000E+01 3.39492E-06
0.45 1.0000E+02 1.05938E-05
0.45 1.1000E+02 2.27281E-05
0.45 1.2000E+02 3.79480E-05
0.45 1.3000E+02 3.83581E-05
0.45 1.4000E+02 4.93402E-05
0.45 1.5000E+02 5.17762E-05
0.45 1.6000E+02 5.16943E-05
0.45 1.7000E+02 5.82853E-05
0.45 1.8000E+02 5.75443E-05
0.45 1.9000E+02 5.32172E-05
0.45 2.1000E+02 4.06177E-05
0.45 2.3000E+02 3.26604E-05
0.45 2.5000E+02 3.50238E-05
0.45 2.7000E+02 3.45897E-05
0.45 2.9000E+02 2.26932E-05
0.45 3.1000E+02 2.07393E-05
0.45 3.3000E+02 1.93477E-05
0.45 3.5000E+02 1.80331E-05
0.45 3.7000E+02 1.71510E-05
0.45 3.9000E+02 1.59161E-05
0.45 4.3000E+02 1.40301E-05
0.45 4.7000E+02 1.25890E-05
0.45 5.1000E+02 1.03888E-05 


0.46 2.5600E+01   NaN
0.46 2.6600E+01   NaN
0.46 2.7600E+01   NaN
0.46 2.8600E+01   NaN
0.46 2.9600E+01   NaN
0.46 3.0600E+01   NaN
0.46 3.1600E+01   NaN
0.46 3.2600E+01   NaN
0.46 3.3600E+01   NaN
0.46 3.4600E+01   NaN
0.46 4.0000E+01   NaN
0.46 4.5000E+01   NaN
0.46 5.0000E+01   NaN
0.46 5.5000E+01   NaN
0.46 6.0000E+01   NaN
0.46 6.5000E+01 3.91183E-07
0.46 7.0000E+01 1.25696E-07
0.46 7.5000E+01 2.48718E-06
0.46 8.0000E+01 4.51488E-07
0.46 8.5000E+01 4.42489E-06
0.46 1.0000E+02 8.72692E-06
0.46 1.1000E+02 8.61340E-06
0.46 1.2000E+02 9.75474E-06
0.46 1.3000E+02 9.29127E-06
0.46 1.4000E+02 6.16445E-06
0.46 1.5000E+02 1.06877E-05
0.46 1.6000E+02 1.00953E-05
0.46 1.7000E+02 1.02173E-05
0.46 1.8000E+02 1.12428E-05
0.46 1.9000E+02 1.01667E-05
0.46 2.1000E+02 9.87186E-06
0.46 2.3000E+02 8.03974E-06
0.46 2.5000E+02 5.49133E-06
0.46 2.7000E+02 6.66631E-06
0.46 2.9000E+02 7.38463E-06
0.46 3.1000E+02 5.42833E-06
0.46 3.3000E+02 4.80210E-06
0.46 3.5000E+02 4.39205E-06
0.46 3.7000E+02 3.91469E-06
0.46 3.9000E+02 3.76183E-06
0.46 4.3000E+02 3.29705E-06
0.46 4.7000E+02 2.94304E-06
0.46 5.1000E+02 2.66121E-06 


0.47 2.5600E+01   NaN
0.47 2.6600E+01   NaN
0.47 2.7600E+01   NaN
0.47 2.8600E+01   NaN
0.47 2.9600E+01   NaN
0.47 3.0600E+01   NaN
0.47 3.1600E+01   NaN
0.47 3.2600E+01   NaN
0.47 3.3600E+01   NaN
0.47 3.4600E+01   NaN
0.47 4.0000E+01   NaN
0.47 4.5000E+01   NaN
0.47 5.0000E+01   NaN
0.47 5.5000E+01   NaN
0.47 6.0000E+01   NaN
0.47 6.5000E+01   NaN
0.47 7.0000E+01 7.58242E-07
0.47 7.5000E+01 1.69020E-06
0.47 8.0000E+01 1.04924E-06
0.47 8.5000E+01 3.50336E-06
0.47 1.0000E+02 4.89529E-06
0.47 1.1000E+02 3.87878E-06
0.47 1.2000E+02 4.07870E-06
0.47 1.3000E+02 4.36210E-06
0.47 1.4000E+02 3.60848E-06
0.47 1.5000E+02 3.92845E-06
0.47 1.6000E+02 3.71650E-06
0.47 1.7000E+02 3.73261E-06
0.47 1.8000E+02 3.67173E-06
0.47 1.9000E+02 3.74617E-06
0.47 2.1000E+02 3.52149E-06
0.47 2.3000E+02 3.05874E-06
0.47 2.5000E+02 2.70827E-06
0.47 2.7000E+02 2.32266E-06
0.47 2.9000E+02 2.38791E-06
0.47 3.1000E+02 2.07474E-06
0.47 3.3000E+02 1.85967E-06
0.47 3.5000E+02 1.63118E-06
0.47 3.7000E+02 1.51056E-06
0.47 3.9000E+02 1.37155E-06
0.47 4.3000E+02 1.20533E-06
0.47 4.7000E+02 1.04848E-06
0.47 5.1000E+02 9.19780E-07 


0.48 2.5600E+01   NaN
0.48 2.6600E+01   NaN
0.48 2.7600E+01   NaN
0.48 2.8600E+01   NaN
0.48 2.9600E+01   NaN
0.48 3.0600E+01   NaN
0.48 3.1600E+01   NaN
0.48 3.2600E+01   NaN
0.48 3.3600E+01   NaN
0.48 3.4600E+01   NaN
0.48 4.0000E+01   NaN
0.48 4.5000E+01   NaN
0.48 5.0000E+01   NaN
0.48 5.5000E+01   NaN
0.48 6.0000E+01   NaN
0.48 6.5000E+01   NaN
0.48 7.0000E+01 1.37645E-06
0.48 7.5000E+01 1.02806E-06
0.48 8.0000E+01 9.54729E-07
0.48 8.5000E+01 4.10263E-06
0.48 1.0000E+02 4.20139E-06
0.48 1.1000E+02 3.49785E-06
0.48 1.2000E+02 2.86560E-06
0.48 1.3000E+02 3.10983E-06
0.48 1.4000E+02 2.82930E-06
0.48 1.5000E+02 2.70905E-06
0.48 1.6000E+02 2.75798E-06
0.48 1.7000E+02 2.37731E-06
0.48 1.8000E+02 1.64295E-06
0.48 1.9000E+02 2.45613E-06
0.48 2.1000E+02 2.31662E-06
0.48 2.3000E+02 2.04073E-06
0.48 2.5000E+02 1.75495E-06
0.48 2.7000E+02 1.59463E-06
0.48 2.9000E+02 1.42134E-06
0.48 3.1000E+02 1.47076E-06
0.48 3.3000E+02 1.23256E-06
0.48 3.5000E+02 1.09953E-06
0.48 3.7000E+02 9.69471E-07
0.48 3.9000E+02 9.22343E-07
0.48 4.3000E+02 8.57059E-07
0.48 4.7000E+02 6.84615E-07
0.48 5.1000E+02 5.93886E-07 


0.49 2.5600E+01   NaN
0.49 2.6600E+01   NaN
0.49 2.7600E+01   NaN
0.49 2.8600E+01   NaN
0.49 2.9600E+01   NaN
0.49 3.0600E+01   NaN
0.49 3.1600E+01   NaN
0.49 3.2600E+01   NaN
0.49 3.3600E+01   NaN
0.49 3.4600E+01   NaN
0.49 4.0000E+01   NaN
0.49 4.5000E+01   NaN
0.49 5.0000E+01   NaN
0.49 5.5000E+01   NaN
0.49 6.0000E+01   NaN
0.49 6.5000E+01   NaN
0.49 7.0000E+01 9.46859E-07
0.49 7.5000E+01 1.35823E-06
0.49 8.0000E+01 1.61265E-06
0.49 8.5000E+01 2.80011E-06
0.49 1.0000E+02 3.73389E-06
0.49 1.1000E+02 3.68179E-06
0.49 1.2000E+02 2.81997E-06
0.49 1.3000E+02 2.52459E-06
0.49 1.4000E+02 2.49325E-06
0.49 1.5000E+02 2.04299E-06
0.49 1.6000E+02 2.49672E-06
0.49 1.7000E+02 2.03588E-06
0.49 1.8000E+02 1.79252E-06
0.49 1.9000E+02 1.72728E-06
0.49 2.1000E+02 1.79558E-06
0.49 2.3000E+02 1.46436E-06
0.49 2.5000E+02 1.47330E-06
0.49 2.7000E+02 1.25311E-06
0.49 2.9000E+02 1.18674E-06
0.49 3.1000E+02 1.00248E-06
0.49 3.3000E+02 1.00125E-06
0.49 3.5000E+02 1.09364E-06
0.49 3.7000E+02 9.06567E-07
0.49 3.9000E+02 2.33700E-07
0.49 4.3000E+02 6.01185E-07
0.49 4.7000E+02 5.52128E-07
0.49 5.1000E+02 3.72969E-07 


0.50 2.5600E+01   NaN
0.50 2.6600E+01   NaN
0.50 2.7600E+01   NaN
0.50 2.8600E+01   NaN
0.50 2.9600E+01   NaN
0.50 3.0600E+01   NaN
0.50 3.1600E+01   NaN
0.50 3.2600E+01   NaN
0.50 3.3600E+01   NaN
0.50 3.4600E+01   NaN
0.50 4.0000E+01   NaN
0.50 4.5000E+01   NaN
0.50 5.0000E+01   NaN
0.50 5.5000E+01   NaN
0.50 6.0000E+01   NaN
0.50 6.5000E+01   NaN
0.50 7.0000E+01 7.78768E-07
0.50 7.5000E+01 3.51220E-06
0.50 8.0000E+01 1.74039E-06
0.50 8.5000E+01 2.97613E-06
0.50 1.0000E+02 3.18600E-06
0.50 1.1000E+02 2.86080E-06
0.50 1.2000E+02 2.59763E-06
0.50 1.3000E+02 2.25858E-06
0.50 1.4000E+02 2.49660E-06
0.50 1.5000E+02 1.97545E-06
0.50 1.6000E+02 1.64885E-06
0.50 1.7000E+02 1.88835E-06
0.50 1.8000E+02 1.58928E-06
0.50 1.9000E+02 1.37351E-06
0.50 2.1000E+02 1.48260E-06
0.50 2.3000E+02 5.62170E-06
0.50 2.5000E+02 1.23312E-06
0.50 2.7000E+02 1.04513E-06
0.50 2.9000E+02 9.35204E-07
0.50 3.1000E+02 8.59692E-07
0.50 3.3000E+02 7.62109E-07
0.50 3.5000E+02 7.81588E-07
0.50 3.7000E+02 6.62590E-07
0.50 3.9000E+02 5.91767E-07
0.50 4.3000E+02 4.81864E-07
0.50 4.7000E+02 3.99730E-07
0.50 5.1000E+02 3.25349E-07 


0.51 2.5600E+01   NaN
0.51 2.6600E+01   NaN
0.51 2.7600E+01   NaN
0.51 2.8600E+01   NaN
0.51 2.9600E+01   NaN
0.51 3.0600E+01   NaN
0.51 3.1600E+01   NaN
0.51 3.2600E+01   NaN
0.51 3.3600E+01   NaN
0.51 3.4600E+01   NaN
0.51 4.0000E+01   NaN
0.51 4.5000E+01   NaN
0.51 5.0000E+01   NaN
0.51 5.5000E+01   NaN
0.51 6.0000E+01   NaN
0.51 6.5000E+01   NaN
0.51 7.0000E+01 1.02317E-07
0.51 7.5000E+01 1.44459E-06
0.51 8.0000E+01 1.62033E-06
0.51 8.5000E+01 3.33773E-06
0.51 1.0000E+02 2.68845E-06
0.51 1.1000E+02 2.46105E-06
0.51 1.2000E+02 2.47131E-06
0.51 1.3000E+02 2.22217E-06
0.51 1.4000E+02 2.58715E-06
0.51 1.5000E+02 1.94895E-06
0.51 1.6000E+02 1.45920E-06
0.51 1.7000E+02 1.52591E-06
0.51 1.8000E+02 1.50882E-06
0.51 1.9000E+02 1.24380E-06
0.51 2.1000E+02 1.23935E-06
0.51 2.3000E+02 1.14862E-06
0.51 2.5000E+02 1.01107E-06
0.51 2.7000E+02 8.94494E-07
0.51 2.9000E+02 8.17452E-07
0.51 3.1000E+02 6.78948E-07
0.51 3.3000E+02 6.32782E-07
0.51 3.5000E+02 5.54084E-07
0.51 3.7000E+02 5.54792E-07
0.51 3.9000E+02 5.32903E-07
0.51 4.3000E+02 3.83935E-07
0.51 4.7000E+02 3.19188E-07
0.51 5.1000E+02 2.62978E-07 


0.52 2.5600E+01   NaN
0.52 2.6600E+01   NaN
0.52 2.7600E+01   NaN
0.52 2.8600E+01   NaN
0.52 2.9600E+01   NaN
0.52 3.0600E+01   NaN
0.52 3.1600E+01   NaN
0.52 3.2600E+01   NaN
0.52 3.3600E+01   NaN
0.52 3.4600E+01   NaN
0.52 4.0000E+01   NaN
0.52 4.5000E+01   NaN
0.52 5.0000E+01   NaN
0.52 5.5000E+01   NaN
0.52 6.0000E+01   NaN
0.52 6.5000E+01   NaN
0.52 7.0000E+01 7.21567E-07
0.52 7.5000E+01 3.33090E-06
0.52 8.0000E+01 3.24550E-06
0.52 8.5000E+01 4.21930E-06
0.52 1.0000E+02 1.94864E-06
0.52 1.1000E+02 2.51648E-06
0.52 1.2000E+02 2.53217E-06
0.52 1.3000E+02 2.53152E-06
0.52 1.4000E+02 2.07334E-06
0.52 1.5000E+02 2.37765E-06
0.52 1.6000E+02 1.81781E-06
0.52 1.7000E+02 1.32765E-06
0.52 1.8000E+02 2.06863E-06
0.52 1.9000E+02 1.47303E-06
0.52 2.1000E+02 9.65894E-07
0.52 2.3000E+02 9.89133E-07
0.52 2.5000E+02 9.62442E-07
0.52 2.7000E+02 9.04466E-07
0.52 2.9000E+02 7.49879E-07
0.52 3.1000E+02 6.30564E-07
0.52 3.3000E+02 5.39410E-07
0.52 3.5000E+02 4.69916E-07
0.52 3.7000E+02 4.34433E-07
0.52 3.9000E+02 4.60523E-07
0.52 4.3000E+02 3.42636E-07
0.52 4.7000E+02 2.72292E-07
0.52 5.1000E+02 2.27081E-07 


0.53 2.5600E+01   NaN
0.53 2.6600E+01   NaN
0.53 2.7600E+01   NaN
0.53 2.8600E+01   NaN
0.53 2.9600E+01   NaN
0.53 3.0600E+01   NaN
0.53 3.1600E+01   NaN
0.53 3.2600E+01   NaN
0.53 3.3600E+01   NaN
0.53 3.4600E+01   NaN
0.53 4.0000E+01   NaN
0.53 4.5000E+01   NaN
0.53 5.0000E+01   NaN
0.53 5.5000E+01   NaN
0.53 6.0000E+01   NaN
0.53 6.5000E+01   NaN
0.53 7.0000E+01 9.30662E-07
0.53 7.5000E+01 1.78531E-06
0.53 8.0000E+01 2.60958E-06
0.53 8.5000E+01 5.88439E-06
0.53 1.0000E+02 1.17509E-06
0.53 1.1000E+02 2.69040E-06
0.53 1.2000E+02 3.91294E-06
0.53 1.3000E+02 5.50926E-06
0.53 1.4000E+02 5.46822E-06
0.53 1.5000E+02 5.83865E-06
0.53 1.6000E+02 6.24746E-06
0.53 1.7000E+02 4.89454E-06
0.53 1.8000E+02 3.25976E-06
0.53 1.9000E+02 5.06350E-06
0.53 2.1000E+02 3.38496E-06
0.53 2.3000E+02 2.42564E-06
0.53 2.5000E+02 2.21673E-06
0.53 2.7000E+02 2.27095E-06
0.53 2.9000E+02 2.01617E-06
0.53 3.1000E+02 1.83592E-06
0.53 3.3000E+02 1.68243E-06
0.53 3.5000E+02 1.36297E-06
0.53 3.7000E+02 1.20064E-06
0.53 3.9000E+02 1.12119E-06
0.53 4.3000E+02 1.12288E-06
0.53 4.7000E+02 9.31806E-07
0.53 5.1000E+02 7.54782E-07 


0.54 2.5600E+01   NaN
0.54 2.6600E+01   NaN
0.54 2.7600E+01   NaN
0.54 2.8600E+01   NaN
0.54 2.9600E+01   NaN
0.54 3.0600E+01   NaN
0.54 3.1600E+01   NaN
0.54 3.2600E+01   NaN
0.54 3.3600E+01   NaN
0.54 3.4600E+01   NaN
0.54 4.0000E+01   NaN
0.54 4.5000E+01   NaN
0.54 5.0000E+01   NaN
0.54 5.5000E+01   NaN
0.54 6.0000E+01   NaN
0.54 6.5000E+01   NaN
0.54 7.0000E+01 3.93842E-05
0.54 7.5000E+01 3.59452E-05
0.54 8.0000E+01 7.25462E-05
0.54 8.5000E+01 4.02407E-05
0.54 1.0000E+02 2.08261E-04
0.54 1.1000E+02 3.24240E-04
0.54 1.2000E+02 4.10081E-04
0.54 1.3000E+02 5.78985E-04
0.54 1.4000E+02 7.14397E-04
0.54 1.5000E+02 6.92306E-04
0.54 1.6000E+02 7.62608E-04
0.54 1.7000E+02 8.34458E-04
0.54 1.8000E+02 7.03956E-04
0.54 1.9000E+02 4.98280E-04
0.54 2.1000E+02 6.37482E-04
0.54 2.3000E+02 5.00131E-04
0.54 2.5000E+02 3.99583E-04
0.54 2.7000E+02 3.59213E-04
0.54 2.9000E+02 3.41114E-04
0.54 3.1000E+02 3.24853E-04
0.54 3.3000E+02 3.06381E-04
0.54 3.5000E+02 2.78975E-04
0.54 3.7000E+02 2.46644E-04
0.54 3.9000E+02 2.11602E-04
0.54 4.3000E+02 2.14800E-04
0.54 4.7000E+02 1.90417E-04
0.54 5.1000E+02 1.66476E-04 


0.55 2.5600E+01   NaN
0.55 2.6600E+01   NaN
0.55 2.7600E+01   NaN
0.55 2.8600E+01   NaN
0.55 2.9600E+01   NaN
0.55 3.0600E+01   NaN
0.55 3.1600E+01   NaN
0.55 3.2600E+01   NaN
0.55 3.3600E+01   NaN
0.55 3.4600E+01   NaN
0.55 4.0000E+01   NaN
0.55 4.5000E+01   NaN
0.55 5.0000E+01   NaN
0.55 5.5000E+01   NaN
0.55 6.0000E+01   NaN
0.55 6.5000E+01   NaN
0.55 7.0000E+01 1.50852E-06
0.55 7.5000E+01 1.04900E-06
0.55 8.0000E+01 1.60087E-06
0.55 8.5000E+01 3.68908E-06
0.55 1.0000E+02 1.29303E-05
0.55 1.1000E+02 1.15201E-05
0.55 1.2000E+02 1.35278E-05
0.55 1.3000E+02 1.22095E-05
0.55 1.4000E+02 1.37306E-05
0.55 1.5000E+02 1.42056E-05
0.55 1.6000E+02 1.40005E-05
0.55 1.7000E+02 1.54403E-05
0.55 1.8000E+02 1.58834E-05
0.55 1.9000E+02 1.42739E-05
0.55 2.1000E+02 1.32037E-05
0.55 2.3000E+02 1.11561E-05
0.55 2.5000E+02 9.42409E-06
0.55 2.7000E+02 8.15416E-06
0.55 2.9000E+02 7.42688E-06
0.55 3.1000E+02 6.89297E-06
0.55 3.3000E+02 6.47192E-06
0.55 3.5000E+02 6.58984E-06
0.55 3.7000E+02 5.69108E-06
0.55 3.9000E+02 5.13613E-06
0.55 4.3000E+02 4.18007E-06
0.55 4.7000E+02 4.00182E-06
0.55 5.1000E+02 3.55629E-06 


0.56 2.5600E+01   NaN
0.56 2.6600E+01   NaN
0.56 2.7600E+01   NaN
0.56 2.8600E+01   NaN
0.56 2.9600E+01   NaN
0.56 3.0600E+01   NaN
0.56 3.1600E+01   NaN
0.56 3.2600E+01   NaN
0.56 3.3600E+01   NaN
0.56 3.4600E+01   NaN
0.56 4.0000E+01   NaN
0.56 4.5000E+01   NaN
0.56 5.0000E+01   NaN
0.56 5.5000E+01   NaN
0.56 6.0000E+01   NaN
0.56 6.5000E+01   NaN
0.56 7.0000E+01 1.81496E-06
0.56 7.5000E+01 1.57847E-06
0.56 8.0000E+01 1.81266E-06
0.56 8.5000E+01 4.74625E-06
0.56 1.0000E+02 8.33683E-06
0.56 1.1000E+02 7.65623E-06
0.56 1.2000E+02 7.42699E-06
0.56 1.3000E+02 6.49107E-06
0.56 1.4000E+02 6.11705E-06
0.56 1.5000E+02 6.68083E-06
0.56 1.6000E+02 5.47915E-06
0.56 1.7000E+02 6.30462E-06
0.56 1.8000E+02 6.84068E-06
0.56 1.9000E+02 6.44655E-06
0.56 2.1000E+02 5.42792E-06
0.56 2.3000E+02 5.39935E-06
0.56 2.5000E+02 4.36992E-06
0.56 2.7000E+02 3.84237E-06
0.56 2.9000E+02 3.41292E-06
0.56 3.1000E+02 3.07635E-06
0.56 3.3000E+02 2.86651E-06
0.56 3.5000E+02 2.70988E-06
0.56 3.7000E+02 2.50827E-06
0.56 3.9000E+02 2.32625E-06
0.56 4.3000E+02 1.86306E-06
0.56 4.7000E+02 1.70014E-06
0.56 5.1000E+02 1.53400E-06 


0.57 2.5600E+01   NaN
0.57 2.6600E+01   NaN
0.57 2.7600E+01   NaN
0.57 2.8600E+01   NaN
0.57 2.9600E+01   NaN
0.57 3.0600E+01   NaN
0.57 3.1600E+01   NaN
0.57 3.2600E+01   NaN
0.57 3.3600E+01   NaN
0.57 3.4600E+01   NaN
0.57 4.0000E+01   NaN
0.57 4.5000E+01   NaN
0.57 5.0000E+01   NaN
0.57 5.5000E+01   NaN
0.57 6.0000E+01   NaN
0.57 6.5000E+01   NaN
0.57 7.0000E+01 3.87826E-07
0.57 7.5000E+01 1.32893E-06
0.57 8.0000E+01 1.29629E-06
0.57 8.5000E+01 4.23898E-06
0.57 1.0000E+02 6.70641E-06
0.57 1.1000E+02 7.09696E-06
0.57 1.2000E+02 5.25238E-06
0.57 1.3000E+02 6.38923E-06
0.57 1.4000E+02 4.58426E-06
0.57 1.5000E+02 4.64904E-06
0.57 1.6000E+02 4.38504E-06
0.57 1.7000E+02 4.11027E-06
0.57 1.8000E+02 4.49419E-06
0.57 1.9000E+02 4.52993E-06
0.57 2.1000E+02 3.39777E-06
0.57 2.3000E+02 3.73631E-06
0.57 2.5000E+02 3.05882E-06
0.57 2.7000E+02 2.85484E-06
0.57 2.9000E+02 2.51732E-06
0.57 3.1000E+02 2.32592E-06
0.57 3.3000E+02 1.83697E-06
0.57 3.5000E+02 1.81660E-06
0.57 3.7000E+02 1.70305E-06
0.57 3.9000E+02 1.58348E-06
0.57 4.3000E+02 1.35133E-06
0.57 4.7000E+02 1.10961E-06
0.57 5.1000E+02 1.00581E-06 


0.58 2.5600E+01   NaN
0.58 2.6600E+01   NaN
0.58 2.7600E+01   NaN
0.58 2.8600E+01   NaN
0.58 2.9600E+01   NaN
0.58 3.0600E+01   NaN
0.58 3.1600E+01   NaN
0.58 3.2600E+01   NaN
0.58 3.3600E+01   NaN
0.58 3.4600E+01   NaN
0.58 4.0000E+01   NaN
0.58 4.5000E+01   NaN
0.58 5.0000E+01   NaN
0.58 5.5000E+01   NaN
0.58 6.0000E+01   NaN
0.58 6.5000E+01   NaN
0.58 7.0000E+01 9.06760E-07
0.58 7.5000E+01 2.22470E-06
0.58 8.0000E+01 1.60890E-06
0.58 8.5000E+01 4.99423E-06
0.58 1.0000E+02 6.06484E-06
0.58 1.1000E+02 6.51472E-06
0.58 1.2000E+02 4.49890E-06
0.58 1.3000E+02 3.80952E-06
0.58 1.4000E+02 4.06843E-06
0.58 1.5000E+02 3.63773E-06
0.58 1.6000E+02 3.87375E-06
0.58 1.7000E+02 2.90736E-06
0.58 1.8000E+02 3.26843E-06
0.58 1.9000E+02 3.54333E-06
0.58 2.1000E+02 3.05543E-06
0.58 2.3000E+02 2.88116E-06
0.58 2.5000E+02 2.61417E-06
0.58 2.7000E+02 2.17263E-06
0.58 2.9000E+02 1.95372E-06
0.58 3.1000E+02 1.76555E-06
0.58 3.3000E+02 1.56122E-06
0.58 3.5000E+02 1.41935E-06
0.58 3.7000E+02 1.29707E-06
0.58 3.9000E+02 1.20997E-06
0.58 4.3000E+02 1.05553E-06
0.58 4.7000E+02 8.52202E-07
0.58 5.1000E+02 7.45720E-07 


0.59 2.5600E+01   NaN
0.59 2.6600E+01   NaN
0.59 2.7600E+01   NaN
0.59 2.8600E+01   NaN
0.59 2.9600E+01   NaN
0.59 3.0600E+01   NaN
0.59 3.1600E+01   NaN
0.59 3.2600E+01   NaN
0.59 3.3600E+01   NaN
0.59 3.4600E+01   NaN
0.59 4.0000E+01   NaN
0.59 4.5000E+01   NaN
0.59 5.0000E+01   NaN
0.59 5.5000E+01   NaN
0.59 6.0000E+01   NaN
0.59 6.5000E+01   NaN
0.59 7.0000E+01 1.23160E-06
0.59 7.5000E+01 2.94067E-06
0.59 8.0000E+01 2.97740E-06
0.59 8.5000E+01 5.71570E-06
0.59 1.0000E+02 5.32852E-06
0.59 1.1000E+02 4.43899E-06
0.59 1.2000E+02 4.32324E-06
0.59 1.3000E+02 4.01854E-06
0.59 1.4000E+02 4.32744E-06
0.59 1.5000E+02 3.20750E-06
0.59 1.6000E+02 3.30543E-06
0.59 1.7000E+02 2.85324E-06
0.59 1.8000E+02 2.58067E-06
0.59 1.9000E+02 2.80712E-06
0.59 2.1000E+02 2.74190E-06
0.59 2.3000E+02 1.93476E-06
0.59 2.5000E+02 2.25519E-06
0.59 2.7000E+02 1.84677E-06
0.59 2.9000E+02 1.64707E-06
0.59 3.1000E+02 1.46264E-06
0.59 3.3000E+02 1.29270E-06
0.59 3.5000E+02 1.16837E-06
0.59 3.7000E+02 1.03342E-06
0.59 3.9000E+02 1.01528E-06
0.59 4.3000E+02 8.73252E-07
0.59 4.7000E+02 7.00572E-07
0.59 5.1000E+02 5.67563E-07 


0.60 2.5600E+01   NaN
0.60 2.6600E+01   NaN
0.60 2.7600E+01   NaN
0.60 2.8600E+01   NaN
0.60 2.9600E+01   NaN
0.60 3.0600E+01   NaN
0.60 3.1600E+01   NaN
0.60 3.2600E+01   NaN
0.60 3.3600E+01   NaN
0.60 3.4600E+01   NaN
0.60 4.0000E+01   NaN
0.60 4.5000E+01   NaN
0.60 5.0000E+01   NaN
0.60 5.5000E+01   NaN
0.60 6.0000E+01   NaN
0.60 6.5000E+01   NaN
0.60 7.0000E+01 4.30023E-08
0.60 7.5000E+01 6.14700E-07
0.60 8.0000E+01 2.46556E-06
0.60 8.5000E+01 5.86038E-06
0.60 1.0000E+02 7.29111E-06
0.60 1.1000E+02 4.43439E-06
0.60 1.2000E+02 4.59815E-06
0.60 1.3000E+02 3.93074E-06
0.60 1.4000E+02 3.91097E-06
0.60 1.5000E+02 3.12973E-06
0.60 1.6000E+02 2.78157E-06
0.60 1.7000E+02 2.91076E-06
0.60 1.8000E+02 2.08081E-06
0.60 1.9000E+02 2.15057E-06
0.60 2.1000E+02 2.39431E-06
0.60 2.3000E+02 1.86183E-06
0.60 2.5000E+02 1.83853E-06
0.60 2.7000E+02 1.56944E-06
0.60 2.9000E+02 1.42337E-06
0.60 3.1000E+02 1.24159E-06
0.60 3.3000E+02 1.14963E-06
0.60 3.5000E+02 9.62255E-07
0.60 3.7000E+02 8.62385E-07
0.60 3.9000E+02 7.69271E-07
0.60 4.3000E+02 6.50291E-07
0.60 4.7000E+02 5.59574E-07
0.60 5.1000E+02 4.27633E-07 


0.61 2.5600E+01   NaN
0.61 2.6600E+01   NaN
0.61 2.7600E+01   NaN
0.61 2.8600E+01   NaN
0.61 2.9600E+01   NaN
0.61 3.0600E+01   NaN
0.61 3.1600E+01   NaN
0.61 3.2600E+01   NaN
0.61 3.3600E+01   NaN
0.61 3.4600E+01   NaN
0.61 4.0000E+01   NaN
0.61 4.5000E+01   NaN
0.61 5.0000E+01   NaN
0.61 5.5000E+01   NaN
0.61 6.0000E+01   NaN
0.61 6.5000E+01   NaN
0.61 7.0000E+01 1.19912E-06
0.61 7.5000E+01 2.96105E-06
0.61 8.0000E+01 2.35887E-06
0.61 8.5000E+01 6.24416E-06
0.61 1.0000E+02 3.65944E-06
0.61 1.1000E+02 4.35120E-06
0.61 1.2000E+02 4.70874E-06
0.61 1.3000E+02 4.04410E-06
0.61 1.4000E+02 3.24616E-06
0.61 1.5000E+02 3.89843E-06
0.61 1.6000E+02 2.87146E-06
0.61 1.7000E+02 2.95575E-06
0.61 1.8000E+02 2.53592E-06
0.61 1.9000E+02 1.91731E-06
0.61 2.1000E+02 1.98918E-06
0.61 2.3000E+02 1.95412E-06
0.61 2.5000E+02 1.36082E-06
0.61 2.7000E+02 1.56950E-06
0.61 2.9000E+02 1.34854E-06
0.61 3.1000E+02 1.30325E-06
0.61 3.3000E+02 1.02180E-06
0.61 3.5000E+02 8.80612E-07
0.61 3.7000E+02 7.70664E-07
0.61 3.9000E+02 6.73253E-07
0.61 4.3000E+02 5.52325E-07
0.61 4.7000E+02 4.21193E-07
0.61 5.1000E+02 3.86507E-07 


0.62 2.5600E+01   NaN
0.62 2.6600E+01   NaN
0.62 2.7600E+01   NaN
0.62 2.8600E+01   NaN
0.62 2.9600E+01   NaN
0.62 3.0600E+01   NaN
0.62 3.1600E+01   NaN
0.62 3.2600E+01   NaN
0.62 3.3600E+01   NaN
0.62 3.4600E+01   NaN
0.62 4.0000E+01   NaN
0.62 4.5000E+01   NaN
0.62 5.0000E+01   NaN
0.62 5.5000E+01   NaN
0.62 6.0000E+01   NaN
0.62 6.5000E+01   NaN
0.62 7.0000E+01 1.68073E-06
0.62 7.5000E+01 5.84920E-06
0.62 8.0000E+01 9.77264E-07
0.62 8.5000E+01 9.41163E-06
0.62 1.0000E+02 1.97379E-06
0.62 1.1000E+02 3.62100E-06
0.62 1.2000E+02 5.81407E-06
0.62 1.3000E+02 7.55315E-06
0.62 1.4000E+02 6.98234E-06
0.62 1.5000E+02 8.77360E-06
0.62 1.6000E+02 7.01935E-06
0.62 1.7000E+02 6.13688E-06
0.62 1.8000E+02 6.55051E-06
0.62 1.9000E+02 4.97225E-06
0.62 2.1000E+02 3.48500E-06
0.62 2.3000E+02 4.04326E-06
0.62 2.5000E+02 3.38090E-06
0.62 2.7000E+02 2.71198E-06
0.62 2.9000E+02 2.73339E-06
0.62 3.1000E+02 2.55943E-06
0.62 3.3000E+02 2.35620E-06
0.62 3.5000E+02 2.10459E-06
0.62 3.7000E+02 1.81993E-06
0.62 3.9000E+02 1.58775E-06
0.62 4.3000E+02 1.25860E-06
0.62 4.7000E+02 1.12526E-06
0.62 5.1000E+02 9.74901E-07 


0.63 2.5600E+01   NaN
0.63 2.6600E+01   NaN
0.63 2.7600E+01   NaN
0.63 2.8600E+01   NaN
0.63 2.9600E+01   NaN
0.63 3.0600E+01   NaN
0.63 3.1600E+01   NaN
0.63 3.2600E+01   NaN
0.63 3.3600E+01   NaN
0.63 3.4600E+01   NaN
0.63 4.0000E+01   NaN
0.63 4.5000E+01   NaN
0.63 5.0000E+01   NaN
0.63 5.5000E+01   NaN
0.63 6.0000E+01   NaN
0.63 6.5000E+01   NaN
0.63 7.0000E+01 2.09081E-05
0.63 7.5000E+01 3.60672E-05
0.63 8.0000E+01 3.65182E-05
0.63 8.5000E+01 4.41301E-05
0.63 1.0000E+02 5.79521E-05
0.63 1.1000E+02 1.15909E-04
0.63 1.2000E+02 2.06971E-04
0.63 1.3000E+02 3.05562E-04
0.63 1.4000E+02 3.57901E-04
0.63 1.5000E+02 3.54075E-04
0.63 1.6000E+02 4.13942E-04
0.63 1.7000E+02 3.61987E-04
0.63 1.8000E+02 3.57374E-04
0.63 1.9000E+02 3.57956E-04
0.63 2.1000E+02 2.63758E-04
0.63 2.3000E+02 2.16581E-04
0.63 2.5000E+02 2.35954E-04
0.63 2.7000E+02 1.61630E-04
0.63 2.9000E+02 1.62096E-04
0.63 3.1000E+02 1.57812E-04
0.63 3.3000E+02 1.53954E-04
0.63 3.5000E+02 1.47097E-04
0.63 3.7000E+02 1.36293E-04
0.63 3.9000E+02 1.23938E-04
0.63 4.3000E+02 1.01794E-04
0.63 4.7000E+02 8.79285E-05
0.63 5.1000E+02 8.12529E-05 


0.64 2.5600E+01   NaN
0.64 2.6600E+01   NaN
0.64 2.7600E+01   NaN
0.64 2.8600E+01   NaN
0.64 2.9600E+01   NaN
0.64 3.0600E+01   NaN
0.64 3.1600E+01   NaN
0.64 3.2600E+01   NaN
0.64 3.3600E+01   NaN
0.64 3.4600E+01   NaN
0.64 4.0000E+01   NaN
0.64 4.5000E+01   NaN
0.64 5.0000E+01   NaN
0.64 5.5000E+01   NaN
0.64 6.0000E+01   NaN
0.64 6.5000E+01   NaN
0.64 7.0000E+01 1.68767E-06
0.64 7.5000E+01 2.07202E-06
0.64 8.0000E+01 1.02278E-05
0.64 8.5000E+01 1.92333E-06
0.64 1.0000E+02 2.89394E-05
0.64 1.1000E+02 3.48907E-05
0.64 1.2000E+02 3.90795E-05
0.64 1.3000E+02 4.05929E-05
0.64 1.4000E+02 4.94419E-05
0.64 1.5000E+02 4.57106E-05
0.64 1.6000E+02 5.66019E-05
0.64 1.7000E+02 5.21850E-05
0.64 1.8000E+02 4.84539E-05
0.64 1.9000E+02 5.00185E-05
0.64 2.1000E+02 4.30216E-05
0.64 2.3000E+02 3.31904E-05
0.64 2.5000E+02 3.24138E-05
0.64 2.7000E+02 3.21473E-05
0.64 2.9000E+02 2.41850E-05
0.64 3.1000E+02 2.33136E-05
0.64 3.3000E+02 2.21322E-05
0.64 3.5000E+02 2.12319E-05
0.64 3.7000E+02 2.01479E-05
0.64 3.9000E+02 1.88237E-05
0.64 4.3000E+02 1.59475E-05
0.64 4.7000E+02 1.35950E-05
0.64 5.1000E+02 1.21842E-05 


0.65 2.5600E+01   NaN
0.65 2.6600E+01   NaN
0.65 2.7600E+01   NaN
0.65 2.8600E+01   NaN
0.65 2.9600E+01   NaN
0.65 3.0600E+01   NaN
0.65 3.1600E+01   NaN
0.65 3.2600E+01   NaN
0.65 3.3600E+01   NaN
0.65 3.4600E+01   NaN
0.65 4.0000E+01   NaN
0.65 4.5000E+01   NaN
0.65 5.0000E+01   NaN
0.65 5.5000E+01   NaN
0.65 6.0000E+01   NaN
0.65 6.5000E+01   NaN
0.65 7.0000E+01 4.74952E-07
0.65 7.5000E+01 1.53361E-06
0.65 8.0000E+01 3.53866E-06
0.65 8.5000E+01 3.59317E-06
0.65 1.0000E+02 1.56413E-05
0.65 1.1000E+02 1.58416E-05
0.65 1.2000E+02 1.47241E-05
0.65 1.3000E+02 1.29197E-05
0.65 1.4000E+02 1.35628E-05
0.65 1.5000E+02 1.46744E-05
0.65 1.6000E+02 1.29644E-05
0.65 1.7000E+02 1.47175E-05
0.65 1.8000E+02 1.35168E-05
0.65 1.9000E+02 1.29877E-05
0.65 2.1000E+02 1.27870E-05
0.65 2.3000E+02 1.01404E-05
0.65 2.5000E+02 9.00177E-06
0.65 2.7000E+02 8.93941E-06
0.65 2.9000E+02 7.19405E-06
0.65 3.1000E+02 6.79000E-06
0.65 3.3000E+02 6.27296E-06
0.65 3.5000E+02 5.85571E-06
0.65 3.7000E+02 5.51955E-06
0.65 3.9000E+02 5.16560E-06
0.65 4.3000E+02 4.52460E-06
0.65 4.7000E+02 3.86940E-06
0.65 5.1000E+02 3.38330E-06 


