0.40 2.5600E+01   NaN
0.40 2.6600E+01   NaN
0.40 2.7600E+01   NaN
0.40 2.8600E+01   NaN
0.40 2.9600E+01   NaN
0.40 3.0600E+01   NaN
0.40 3.1600E+01   NaN
0.40 3.2600E+01   NaN
0.40 3.3600E+01   NaN
0.40 3.4600E+01   NaN
0.40 4.0000E+01 1.91682E-04
0.40 4.5000E+01 4.44112E-04
0.40 5.0000E+01 1.38506E-03
0.40 5.5000E+01 2.70849E-03
0.40 6.0000E+01 4.50636E-03
0.40 6.5000E+01 5.43190E-03
0.40 7.0000E+01 6.47256E-03
0.40 7.5000E+01 4.45152E-03
0.40 8.0000E+01 4.05134E-03
0.40 8.5000E+01 3.60036E-03
0.40 1.0000E+02 1.54674E-03
0.40 1.1000E+02 6.68320E-04
0.40 1.2000E+02 7.42542E-04
0.40 1.3000E+02 8.40087E-04
0.40 1.4000E+02 8.09782E-04
0.40 1.5000E+02 6.45722E-04
0.40 1.6000E+02 4.23367E-04
0.40 1.7000E+02 2.97654E-04
0.40 1.8000E+02 2.47102E-04
0.40 1.9000E+02 2.51764E-04
0.40 2.1000E+02 2.74523E-04
0.40 2.3000E+02 8.28409E-05
0.40 2.5000E+02 6.21626E-05
0.40 2.7000E+02 5.45130E-05
0.40 2.9000E+02 4.79530E-05
0.40 3.1000E+02 4.29381E-05
0.40 3.3000E+02 3.80540E-05
0.40 3.5000E+02 3.35187E-05
0.40 3.7000E+02 2.90084E-05
0.40 3.9000E+02 2.42561E-05
0.40 4.3000E+02 1.66810E-05
0.40 4.7000E+02 1.12251E-05
0.40 5.1000E+02 7.70374E-06 


0.41 2.5600E+01   NaN
0.41 2.6600E+01   NaN
0.41 2.7600E+01   NaN
0.41 2.8600E+01   NaN
0.41 2.9600E+01   NaN
0.41 3.0600E+01   NaN
0.41 3.1600E+01   NaN
0.41 3.2600E+01   NaN
0.41 3.3600E+01   NaN
0.41 3.4600E+01   NaN
0.41 4.0000E+01 6.25671E-05
0.41 4.5000E+01 5.15191E-04
0.41 5.0000E+01 9.80656E-04
0.41 5.5000E+01 2.12175E-03
0.41 6.0000E+01 3.65967E-03
0.41 6.5000E+01 5.62030E-03
0.41 7.0000E+01 4.86645E-03
0.41 7.5000E+01 5.43741E-03
0.41 8.0000E+01 3.36248E-03
0.41 8.5000E+01 3.77161E-03
0.41 1.0000E+02 1.08226E-03
0.41 1.1000E+02 1.57585E-03
0.41 1.2000E+02 5.53347E-04
0.41 1.3000E+02 7.09127E-04
0.41 1.4000E+02 7.79514E-04
0.41 1.5000E+02 7.04760E-04
0.41 1.6000E+02 5.43413E-04
0.41 1.7000E+02 3.76720E-04
0.41 1.8000E+02 2.58811E-04
0.41 1.9000E+02 2.34945E-04
0.41 2.1000E+02 2.46954E-04
0.41 2.3000E+02 1.28155E-04
0.41 2.5000E+02 6.37585E-05
0.41 2.7000E+02 4.74054E-05
0.41 2.9000E+02 4.65614E-05
0.41 3.1000E+02 4.11204E-05
0.41 3.3000E+02 3.68791E-05
0.41 3.5000E+02 3.31236E-05
0.41 3.7000E+02 2.95987E-05
0.41 3.9000E+02 2.51955E-05
0.41 4.3000E+02 1.79879E-05
0.41 4.7000E+02 1.24636E-05
0.41 5.1000E+02 8.63053E-06 


0.42 2.5600E+01   NaN
0.42 2.6600E+01   NaN
0.42 2.7600E+01   NaN
0.42 2.8600E+01   NaN
0.42 2.9600E+01   NaN
0.42 3.0600E+01   NaN
0.42 3.1600E+01   NaN
0.42 3.2600E+01   NaN
0.42 3.3600E+01   NaN
0.42 3.4600E+01   NaN
0.42 4.0000E+01 2.56313E-05
0.42 4.5000E+01 5.03110E-04
0.42 5.0000E+01 7.77566E-04
0.42 5.5000E+01 2.02962E-03
0.42 6.0000E+01 3.03894E-03
0.42 6.5000E+01 4.36991E-03
0.42 7.0000E+01 5.12931E-03
0.42 7.5000E+01 5.15717E-03
0.42 8.0000E+01 4.78317E-03
0.42 8.5000E+01 4.08371E-03
0.42 1.0000E+02 1.38515E-03
0.42 1.1000E+02 1.26380E-03
0.42 1.2000E+02 9.18181E-04
0.42 1.3000E+02 5.77826E-04
0.42 1.4000E+02 6.90058E-04
0.42 1.5000E+02 6.97340E-04
0.42 1.6000E+02 6.07119E-04
0.42 1.7000E+02 4.63983E-04
0.42 1.8000E+02 3.22197E-04
0.42 1.9000E+02 2.27447E-04
0.42 2.1000E+02 2.00565E-04
0.42 2.3000E+02 2.09416E-04
0.42 2.5000E+02 7.67038E-05
0.42 2.7000E+02 5.17055E-05
0.42 2.9000E+02 4.44284E-05
0.42 3.1000E+02 3.94987E-05
0.42 3.3000E+02 3.53865E-05
0.42 3.5000E+02 3.19998E-05
0.42 3.7000E+02 2.86050E-05
0.42 3.9000E+02 2.43071E-05
0.42 4.3000E+02 1.90306E-05
0.42 4.7000E+02 1.35579E-05
0.42 5.1000E+02 9.53090E-06 


0.43 2.5600E+01   NaN
0.43 2.6600E+01   NaN
0.43 2.7600E+01   NaN
0.43 2.8600E+01   NaN
0.43 2.9600E+01   NaN
0.43 3.0600E+01   NaN
0.43 3.1600E+01   NaN
0.43 3.2600E+01   NaN
0.43 3.3600E+01   NaN
0.43 3.4600E+01   NaN
0.43 4.0000E+01   NaN
0.43 4.5000E+01 1.79690E-04
0.43 5.0000E+01 5.75454E-04
0.43 5.5000E+01 1.37445E-03
0.43 6.0000E+01 2.45252E-03
0.43 6.5000E+01 3.66605E-03
0.43 7.0000E+01 5.48977E-03
0.43 7.5000E+01 4.76205E-03
0.43 8.0000E+01 5.43898E-03
0.43 8.5000E+01 3.80532E-03
0.43 1.0000E+02 2.20272E-03
0.43 1.1000E+02 9.25577E-04
0.43 1.2000E+02 1.36477E-03
0.43 1.3000E+02 4.64594E-04
0.43 1.4000E+02 5.89105E-04
0.43 1.5000E+02 6.38251E-04
0.43 1.6000E+02 6.23301E-04
0.43 1.7000E+02 5.27234E-04
0.43 1.8000E+02 3.94247E-04
0.43 1.9000E+02 2.80393E-04
0.43 2.1000E+02 1.69618E-04
0.43 2.3000E+02 1.88240E-04
0.43 2.5000E+02 1.73186E-04
0.43 2.7000E+02 5.53697E-05
0.43 2.9000E+02 4.36351E-05
0.43 3.1000E+02 3.80299E-05
0.43 3.3000E+02 3.38628E-05
0.43 3.5000E+02 3.07167E-05
0.43 3.7000E+02 2.77859E-05
0.43 3.9000E+02 2.51869E-05
0.43 4.3000E+02 1.79900E-05
0.43 4.7000E+02 1.45737E-05
0.43 5.1000E+02 1.04802E-05 


0.44 2.5600E+01   NaN
0.44 2.6600E+01   NaN
0.44 2.7600E+01   NaN
0.44 2.8600E+01   NaN
0.44 2.9600E+01   NaN
0.44 3.0600E+01   NaN
0.44 3.1600E+01   NaN
0.44 3.2600E+01   NaN
0.44 3.3600E+01   NaN
0.44 3.4600E+01   NaN
0.44 4.0000E+01   NaN
0.44 4.5000E+01 2.67203E-04
0.44 5.0000E+01 5.42237E-04
0.44 5.5000E+01 1.02315E-03
0.44 6.0000E+01 1.93576E-03
0.44 6.5000E+01 3.46158E-03
0.44 7.0000E+01 4.39775E-03
0.44 7.5000E+01 5.25738E-03
0.44 8.0000E+01 4.84576E-03
0.44 8.5000E+01 4.49204E-03
0.44 1.0000E+02 2.67921E-03
0.44 1.1000E+02 1.05458E-03
0.44 1.2000E+02 1.10579E-03
0.44 1.3000E+02 8.24542E-04
0.44 1.4000E+02 4.79974E-04
0.44 1.5000E+02 5.58787E-04
0.44 1.6000E+02 5.83024E-04
0.44 1.7000E+02 5.53504E-04
0.44 1.8000E+02 4.55026E-04
0.44 1.9000E+02 3.39539E-04
0.44 2.1000E+02 1.78627E-04
0.44 2.3000E+02 1.60962E-04
0.44 2.5000E+02 1.74107E-04
0.44 2.7000E+02 7.68839E-05
0.44 2.9000E+02 4.47426E-05
0.44 3.1000E+02 3.67422E-05
0.44 3.3000E+02 3.28055E-05
0.44 3.5000E+02 2.93985E-05
0.44 3.7000E+02 2.67114E-05
0.44 3.9000E+02 2.43311E-05
0.44 4.3000E+02 1.96547E-05
0.44 4.7000E+02 1.52228E-05
0.44 5.1000E+02 1.12541E-05 


0.45 2.5600E+01   NaN
0.45 2.6600E+01   NaN
0.45 2.7600E+01   NaN
0.45 2.8600E+01   NaN
0.45 2.9600E+01   NaN
0.45 3.0600E+01   NaN
0.45 3.1600E+01   NaN
0.45 3.2600E+01   NaN
0.45 3.3600E+01   NaN
0.45 3.4600E+01   NaN
0.45 4.0000E+01   NaN
0.45 4.5000E+01 1.94103E-04
0.45 5.0000E+01 4.60221E-04
0.45 5.5000E+01 8.38905E-04
0.45 6.0000E+01 1.89717E-03
0.45 6.5000E+01 2.56069E-03
0.45 7.0000E+01 3.75085E-03
0.45 7.5000E+01 5.06508E-03
0.45 8.0000E+01 4.30714E-03
0.45 8.5000E+01 4.53036E-03
0.45 1.0000E+02 2.87008E-03
0.45 1.1000E+02 1.58602E-03
0.45 1.2000E+02 8.50828E-04
0.45 1.3000E+02 1.28270E-03
0.45 1.4000E+02 4.18007E-04
0.45 1.5000E+02 4.70579E-04
0.45 1.6000E+02 5.15786E-04
0.45 1.7000E+02 5.27697E-04
0.45 1.8000E+02 4.88145E-04
0.45 1.9000E+02 3.94842E-04
0.45 2.1000E+02 2.15120E-04
0.45 2.3000E+02 1.38749E-04
0.45 2.5000E+02 1.52168E-04
0.45 2.7000E+02 1.46500E-04
0.45 2.9000E+02 4.99364E-05
0.45 3.1000E+02 3.75061E-05
0.45 3.3000E+02 3.20425E-05
0.45 3.5000E+02 2.84267E-05
0.45 3.7000E+02 2.57314E-05
0.45 3.9000E+02 2.33976E-05
0.45 4.3000E+02 1.94660E-05
0.45 4.7000E+02 1.60166E-05
0.45 5.1000E+02 1.06163E-05 


0.46 2.5600E+01   NaN
0.46 2.6600E+01   NaN
0.46 2.7600E+01   NaN
0.46 2.8600E+01   NaN
0.46 2.9600E+01   NaN
0.46 3.0600E+01   NaN
0.46 3.1600E+01   NaN
0.46 3.2600E+01   NaN
0.46 3.3600E+01   NaN
0.46 3.4600E+01   NaN
0.46 4.0000E+01   NaN
0.46 4.5000E+01 2.35030E-04
0.46 5.0000E+01 4.08092E-04
0.46 5.5000E+01 6.34204E-04
0.46 6.0000E+01 1.25221E-03
0.46 6.5000E+01 2.15475E-03
0.46 7.0000E+01 3.35352E-03
0.46 7.5000E+01 4.07058E-03
0.46 8.0000E+01 4.92753E-03
0.46 8.5000E+01 4.15361E-03
0.46 1.0000E+02 2.86646E-03
0.46 1.1000E+02 2.13806E-03
0.46 1.2000E+02 8.68512E-04
0.46 1.3000E+02 9.24815E-04
0.46 1.4000E+02 4.22637E-04
0.46 1.5000E+02 4.02267E-04
0.46 1.6000E+02 4.48346E-04
0.46 1.7000E+02 4.74801E-04
0.46 1.8000E+02 4.83485E-04
0.46 1.9000E+02 4.29617E-04
0.46 2.1000E+02 2.61632E-04
0.46 2.3000E+02 1.44921E-04
0.46 2.5000E+02 1.34440E-04
0.46 2.7000E+02 1.27183E-04
0.46 2.9000E+02 1.20445E-04
0.46 3.1000E+02 3.91233E-05
0.46 3.3000E+02 3.17202E-05
0.46 3.5000E+02 2.75642E-05
0.46 3.7000E+02 2.49616E-05
0.46 3.9000E+02 2.24728E-05
0.46 4.3000E+02 1.88371E-05
0.46 4.7000E+02 1.56287E-05
0.46 5.1000E+02 1.23760E-05 


0.47 2.5600E+01   NaN
0.47 2.6600E+01   NaN
0.47 2.7600E+01   NaN
0.47 2.8600E+01   NaN
0.47 2.9600E+01   NaN
0.47 3.0600E+01   NaN
0.47 3.1600E+01   NaN
0.47 3.2600E+01   NaN
0.47 3.3600E+01   NaN
0.47 3.4600E+01   NaN
0.47 4.0000E+01   NaN
0.47 4.5000E+01 3.15248E-04
0.47 5.0000E+01 2.47919E-04
0.47 5.5000E+01 4.88312E-04
0.47 6.0000E+01 1.02333E-03
0.47 6.5000E+01 1.90149E-03
0.47 7.0000E+01 2.78608E-03
0.47 7.5000E+01 3.44312E-03
0.47 8.0000E+01 4.59302E-03
0.47 8.5000E+01 4.19665E-03
0.47 1.0000E+02 2.97300E-03
0.47 1.1000E+02 2.45443E-03
0.47 1.2000E+02 1.27936E-03
0.47 1.3000E+02 7.07197E-04
0.47 1.4000E+02 9.84711E-04
0.47 1.5000E+02 4.48183E-04
0.47 1.6000E+02 3.81022E-04
0.47 1.7000E+02 4.19451E-04
0.47 1.8000E+02 4.41386E-04
0.47 1.9000E+02 4.35337E-04
0.47 2.1000E+02 3.05524E-04
0.47 2.3000E+02 1.72928E-04
0.47 2.5000E+02 1.12660E-04
0.47 2.7000E+02 1.17723E-04
0.47 2.9000E+02 1.24873E-04
0.47 3.1000E+02 5.41254E-05
0.47 3.3000E+02 3.32736E-05
0.47 3.5000E+02 2.72825E-05
0.47 3.7000E+02 2.39875E-05
0.47 3.9000E+02 2.16402E-05
0.47 4.3000E+02 1.81043E-05
0.47 4.7000E+02 1.54006E-05
0.47 5.1000E+02 1.25568E-05 


0.48 2.5600E+01   NaN
0.48 2.6600E+01   NaN
0.48 2.7600E+01   NaN
0.48 2.8600E+01   NaN
0.48 2.9600E+01   NaN
0.48 3.0600E+01   NaN
0.48 3.1600E+01   NaN
0.48 3.2600E+01   NaN
0.48 3.3600E+01   NaN
0.48 3.4600E+01   NaN
0.48 4.0000E+01   NaN
0.48 4.5000E+01   NaN
0.48 5.0000E+01 2.58232E-04
0.48 5.5000E+01 4.89838E-04
0.48 6.0000E+01 8.00993E-04
0.48 6.5000E+01 1.47915E-03
0.48 7.0000E+01 2.21337E-03
0.48 7.5000E+01 3.13869E-03
0.48 8.0000E+01 3.69962E-03
0.48 8.5000E+01 4.58615E-03
0.48 1.0000E+02 3.42082E-03
0.48 1.1000E+02 2.49568E-03
0.48 1.2000E+02 1.75921E-03
0.48 1.3000E+02 7.58037E-04
0.48 1.4000E+02 7.57795E-04
0.48 1.5000E+02 9.02612E-04
0.48 1.6000E+02 2.72127E-04
0.48 1.7000E+02 3.63851E-04
0.48 1.8000E+02 3.79999E-04
0.48 1.9000E+02 4.06086E-04
0.48 2.1000E+02 3.37323E-04
0.48 2.3000E+02 2.08546E-04
0.48 2.5000E+02 1.20522E-04
0.48 2.7000E+02 1.00117E-04
0.48 2.9000E+02 1.09436E-04
0.48 3.1000E+02 1.10640E-04
0.48 3.3000E+02 3.79512E-05
0.48 3.5000E+02 2.79491E-05
0.48 3.7000E+02 2.38717E-05
0.48 3.9000E+02 2.12739E-05
0.48 4.3000E+02 1.67916E-05
0.48 4.7000E+02 1.47145E-05
0.48 5.1000E+02 1.25301E-05 


0.49 2.5600E+01   NaN
0.49 2.6600E+01   NaN
0.49 2.7600E+01   NaN
0.49 2.8600E+01   NaN
0.49 2.9600E+01   NaN
0.49 3.0600E+01   NaN
0.49 3.1600E+01   NaN
0.49 3.2600E+01   NaN
0.49 3.3600E+01   NaN
0.49 3.4600E+01   NaN
0.49 4.0000E+01   NaN
0.49 4.5000E+01   NaN
0.49 5.0000E+01 2.59802E-04
0.49 5.5000E+01 3.90624E-04
0.49 6.0000E+01 6.29090E-04
0.49 6.5000E+01 1.13074E-03
0.49 7.0000E+01 1.99141E-03
0.49 7.5000E+01 2.68953E-03
0.49 8.0000E+01 3.15351E-03
0.49 8.5000E+01 4.10166E-03
0.49 1.0000E+02 3.96772E-03
0.49 1.1000E+02 2.48204E-03
0.49 1.2000E+02 2.07484E-03
0.49 1.3000E+02 1.08594E-03
0.49 1.4000E+02 6.02947E-04
0.49 1.5000E+02 8.31959E-04
0.49 1.6000E+02 5.71119E-04
0.49 1.7000E+02 3.05787E-04
0.49 1.8000E+02 3.33942E-04
0.49 1.9000E+02 3.54889E-04
0.49 2.1000E+02 3.50274E-04
0.49 2.3000E+02 2.41677E-04
0.49 2.5000E+02 1.43019E-04
0.49 2.7000E+02 9.40327E-05
0.49 2.9000E+02 9.26983E-05
0.49 3.1000E+02 9.97061E-05
0.49 3.3000E+02 9.06943E-05
0.49 3.5000E+02 3.12866E-05
0.49 3.7000E+02 2.40927E-05
0.49 3.9000E+02 4.00184E-05
0.49 4.3000E+02 1.67872E-05
0.49 4.7000E+02 1.42311E-05
0.49 5.1000E+02 1.24389E-05 


0.50 2.5600E+01   NaN
0.50 2.6600E+01   NaN
0.50 2.7600E+01   NaN
0.50 2.8600E+01   NaN
0.50 2.9600E+01   NaN
0.50 3.0600E+01   NaN
0.50 3.1600E+01   NaN
0.50 3.2600E+01   NaN
0.50 3.3600E+01   NaN
0.50 3.4600E+01   NaN
0.50 4.0000E+01   NaN
0.50 4.5000E+01   NaN
0.50 5.0000E+01 2.81561E-04
0.50 5.5000E+01 4.32488E-04
0.50 6.0000E+01 5.41339E-04
0.50 6.5000E+01 9.28253E-04
0.50 7.0000E+01 1.60081E-03
0.50 7.5000E+01 2.09511E-03
0.50 8.0000E+01 2.88724E-03
0.50 8.5000E+01 3.30622E-03
0.50 1.0000E+02 3.57209E-03
0.50 1.1000E+02 2.66880E-03
0.50 1.2000E+02 2.17410E-03
0.50 1.3000E+02 1.47696E-03
0.50 1.4000E+02 6.63863E-04
0.50 1.5000E+02 5.99304E-04
0.50 1.6000E+02 7.88033E-04
0.50 1.7000E+02 3.23721E-04
0.50 1.8000E+02 2.83553E-04
0.50 1.9000E+02 3.09956E-04
0.50 2.1000E+02 3.37721E-04
0.50 2.3000E+02 2.60809E-04
0.50 2.5000E+02 1.71792E-04
0.50 2.7000E+02 1.03458E-04
0.50 2.9000E+02 8.04653E-05
0.50 3.1000E+02 8.26873E-05
0.50 3.3000E+02 8.87488E-05
0.50 3.5000E+02 5.72494E-05
0.50 3.7000E+02 2.58757E-05
0.50 3.9000E+02 2.08439E-05
0.50 4.3000E+02 1.63273E-05
0.50 4.7000E+02 1.37382E-05
0.50 5.1000E+02 1.18735E-05 


0.51 2.5600E+01   NaN
0.51 2.6600E+01   NaN
0.51 2.7600E+01   NaN
0.51 2.8600E+01   NaN
0.51 2.9600E+01   NaN
0.51 3.0600E+01   NaN
0.51 3.1600E+01   NaN
0.51 3.2600E+01   NaN
0.51 3.3600E+01   NaN
0.51 3.4600E+01   NaN
0.51 4.0000E+01   NaN
0.51 4.5000E+01   NaN
0.51 5.0000E+01 3.19196E-04
0.51 5.5000E+01 3.01365E-04
0.51 6.0000E+01 4.92243E-04
0.51 6.5000E+01 7.26268E-04
0.51 7.0000E+01 1.19683E-03
0.51 7.5000E+01 1.87040E-03
0.51 8.0000E+01 2.48134E-03
0.51 8.5000E+01 2.87536E-03
0.51 1.0000E+02 3.06060E-03
0.51 1.1000E+02 2.98432E-03
0.51 1.2000E+02 2.14725E-03
0.51 1.3000E+02 1.76967E-03
0.51 1.4000E+02 9.55915E-04
0.51 1.5000E+02 5.20559E-04
0.51 1.6000E+02 6.62431E-04
0.51 1.7000E+02 6.84031E-04
0.51 1.8000E+02 2.53681E-04
0.51 1.9000E+02 2.70940E-04
0.51 2.1000E+02 3.06527E-04
0.51 2.3000E+02 2.83561E-04
0.51 2.5000E+02 1.98508E-04
0.51 2.7000E+02 1.22425E-04
0.51 2.9000E+02 7.97022E-05
0.51 3.1000E+02 7.39813E-05
0.51 3.3000E+02 7.97174E-05
0.51 3.5000E+02 8.01820E-05
0.51 3.7000E+02 3.34422E-05
0.51 3.9000E+02 2.24470E-05
0.51 4.3000E+02 1.59576E-05
0.51 4.7000E+02 1.32646E-05
0.51 5.1000E+02 1.14397E-05 


0.52 2.5600E+01   NaN
0.52 2.6600E+01   NaN
0.52 2.7600E+01   NaN
0.52 2.8600E+01   NaN
0.52 2.9600E+01   NaN
0.52 3.0600E+01   NaN
0.52 3.1600E+01   NaN
0.52 3.2600E+01   NaN
0.52 3.3600E+01   NaN
0.52 3.4600E+01   NaN
0.52 4.0000E+01   NaN
0.52 4.5000E+01   NaN
0.52 5.0000E+01   NaN
0.52 5.5000E+01 2.60101E-04
0.52 6.0000E+01 4.01836E-04
0.52 6.5000E+01 5.73010E-04
0.52 7.0000E+01 9.78930E-04
0.52 7.5000E+01 1.66071E-03
0.52 8.0000E+01 2.00735E-03
0.52 8.5000E+01 2.64124E-03
0.52 1.0000E+02 3.37480E-03
0.52 1.1000E+02 3.64230E-03
0.52 1.2000E+02 2.20090E-03
0.52 1.3000E+02 1.89578E-03
0.52 1.4000E+02 1.28995E-03
0.52 1.5000E+02 6.09660E-04
0.52 1.6000E+02 5.12295E-04
0.52 1.7000E+02 6.57390E-04
0.52 1.8000E+02 4.25501E-04
0.52 1.9000E+02 2.37315E-04
0.52 2.1000E+02 2.64712E-04
0.52 2.3000E+02 2.79195E-04
0.52 2.5000E+02 2.20052E-04
0.52 2.7000E+02 1.44561E-04
0.52 2.9000E+02 8.97336E-05
0.52 3.1000E+02 6.71776E-05
0.52 3.3000E+02 6.86402E-05
0.52 3.5000E+02 7.21017E-05
0.52 3.7000E+02 7.04382E-05
0.52 3.9000E+02 2.55731E-05
0.52 4.3000E+02 1.59781E-05
0.52 4.7000E+02 1.28416E-05
0.52 5.1000E+02 1.10438E-05 


0.53 2.5600E+01   NaN
0.53 2.6600E+01   NaN
0.53 2.7600E+01   NaN
0.53 2.8600E+01   NaN
0.53 2.9600E+01   NaN
0.53 3.0600E+01   NaN
0.53 3.1600E+01   NaN
0.53 3.2600E+01   NaN
0.53 3.3600E+01   NaN
0.53 3.4600E+01   NaN
0.53 4.0000E+01   NaN
0.53 4.5000E+01   NaN
0.53 5.0000E+01   NaN
0.53 5.5000E+01 2.58881E-04
0.53 6.0000E+01 3.43634E-04
0.53 6.5000E+01 5.00847E-04
0.53 7.0000E+01 8.04396E-04
0.53 7.5000E+01 1.22859E-03
0.53 8.0000E+01 1.67320E-03
0.53 8.5000E+01 2.28465E-03
0.53 1.0000E+02 3.60229E-03
0.53 1.1000E+02 2.94235E-03
0.53 1.2000E+02 2.40903E-03
0.53 1.3000E+02 1.88500E-03
0.53 1.4000E+02 1.53176E-03
0.53 1.5000E+02 8.63501E-04
0.53 1.6000E+02 4.58968E-04
0.53 1.7000E+02 5.25391E-04
0.53 1.8000E+02 6.23026E-04
0.53 1.9000E+02 2.58008E-04
0.53 2.1000E+02 2.29742E-04
0.53 2.3000E+02 2.58561E-04
0.53 2.5000E+02 2.32837E-04
0.53 2.7000E+02 1.66541E-04
0.53 2.9000E+02 1.06067E-04
0.53 3.1000E+02 6.92668E-05
0.53 3.3000E+02 5.99198E-05
0.53 3.5000E+02 6.27888E-05
0.53 3.7000E+02 6.52640E-05
0.53 3.9000E+02 5.89833E-05
0.53 4.3000E+02 1.66341E-05
0.53 4.7000E+02 1.26250E-05
0.53 5.1000E+02 1.05807E-05 


0.54 2.5600E+01   NaN
0.54 2.6600E+01   NaN
0.54 2.7600E+01   NaN
0.54 2.8600E+01   NaN
0.54 2.9600E+01   NaN
0.54 3.0600E+01   NaN
0.54 3.1600E+01   NaN
0.54 3.2600E+01   NaN
0.54 3.3600E+01   NaN
0.54 3.4600E+01   NaN
0.54 4.0000E+01   NaN
0.54 4.5000E+01   NaN
0.54 5.0000E+01   NaN
0.54 5.5000E+01 2.64765E-04
0.54 6.0000E+01 2.97392E-04
0.54 6.5000E+01 4.64339E-04
0.54 7.0000E+01 6.32509E-04
0.54 7.5000E+01 9.86195E-04
0.54 8.0000E+01 1.59446E-03
0.54 8.5000E+01 1.83781E-03
0.54 1.0000E+02 3.22599E-03
0.54 1.1000E+02 2.64752E-03
0.54 1.2000E+02 2.81492E-03
0.54 1.3000E+02 1.88417E-03
0.54 1.4000E+02 1.64601E-03
0.54 1.5000E+02 1.15254E-03
0.54 1.6000E+02 5.85211E-04
0.54 1.7000E+02 4.20891E-04
0.54 1.8000E+02 5.28019E-04
0.54 1.9000E+02 5.49997E-04
0.54 2.1000E+02 2.02723E-04
0.54 2.3000E+02 2.29228E-04
0.54 2.5000E+02 2.31168E-04
0.54 2.7000E+02 1.82999E-04
0.54 2.9000E+02 1.24991E-04
0.54 3.1000E+02 8.00936E-05
0.54 3.3000E+02 5.71965E-05
0.54 3.5000E+02 5.50309E-05
0.54 3.7000E+02 5.73779E-05
0.54 3.9000E+02 5.85796E-05
0.54 4.3000E+02 1.86680E-05
0.54 4.7000E+02 1.25701E-05
0.54 5.1000E+02 1.03107E-05 


0.55 2.5600E+01   NaN
0.55 2.6600E+01   NaN
0.55 2.7600E+01   NaN
0.55 2.8600E+01   NaN
0.55 2.9600E+01   NaN
0.55 3.0600E+01   NaN
0.55 3.1600E+01   NaN
0.55 3.2600E+01   NaN
0.55 3.3600E+01   NaN
0.55 3.4600E+01   NaN
0.55 4.0000E+01   NaN
0.55 4.5000E+01   NaN
0.55 5.0000E+01   NaN
0.55 5.5000E+01 3.08618E-04
0.55 6.0000E+01 2.61129E-04
0.55 6.5000E+01 3.77485E-04
0.55 7.0000E+01 5.20662E-04
0.55 7.5000E+01 8.35763E-04
0.55 8.0000E+01 1.21419E-03
0.55 8.5000E+01 1.57535E-03
0.55 1.0000E+02 2.64912E-03
0.55 1.1000E+02 2.93188E-03
0.55 1.2000E+02 3.07706E-03
0.55 1.3000E+02 2.01230E-03
0.55 1.4000E+02 1.65400E-03
0.55 1.5000E+02 1.35206E-03
0.55 1.6000E+02 8.05821E-04
0.55 1.7000E+02 4.22377E-04
0.55 1.8000E+02 4.21169E-04
0.55 1.9000E+02 5.22362E-04
0.55 2.1000E+02 1.81674E-04
0.55 2.3000E+02 1.96355E-04
0.55 2.5000E+02 2.16554E-04
0.55 2.7000E+02 1.93223E-04
0.55 2.9000E+02 1.41627E-04
0.55 3.1000E+02 9.43734E-05
0.55 3.3000E+02 6.21540E-05
0.55 3.5000E+02 4.96803E-05
0.55 3.7000E+02 5.02715E-05
0.55 3.9000E+02 5.23630E-05
0.55 4.3000E+02 2.62292E-05
0.55 4.7000E+02 1.29163E-05
0.55 5.1000E+02 1.00980E-05 


0.56 2.5600E+01   NaN
0.56 2.6600E+01   NaN
0.56 2.7600E+01   NaN
0.56 2.8600E+01   NaN
0.56 2.9600E+01   NaN
0.56 3.0600E+01   NaN
0.56 3.1600E+01   NaN
0.56 3.2600E+01   NaN
0.56 3.3600E+01   NaN
0.56 3.4600E+01   NaN
0.56 4.0000E+01   NaN
0.56 4.5000E+01   NaN
0.56 5.0000E+01   NaN
0.56 5.5000E+01 2.19729E-04
0.56 6.0000E+01 2.54933E-04
0.56 6.5000E+01 3.32523E-04
0.56 7.0000E+01 4.61983E-04
0.56 7.5000E+01 6.75892E-04
0.56 8.0000E+01 9.52650E-04
0.56 8.5000E+01 1.50655E-03
0.56 1.0000E+02 2.29466E-03
0.56 1.1000E+02 3.09178E-03
0.56 1.2000E+02 2.35853E-03
0.56 1.3000E+02 2.26447E-03
0.56 1.4000E+02 1.64658E-03
0.56 1.5000E+02 1.44347E-03
0.56 1.6000E+02 1.04060E-03
0.56 1.7000E+02 5.59185E-04
0.56 1.8000E+02 3.58388E-04
0.56 1.9000E+02 4.18814E-04
0.56 2.1000E+02 2.18319E-04
0.56 2.3000E+02 1.72116E-04
0.56 2.5000E+02 1.94405E-04
0.56 2.7000E+02 1.92570E-04
0.56 2.9000E+02 1.54855E-04
0.56 3.1000E+02 1.09002E-04
0.56 3.3000E+02 7.23852E-05
0.56 3.5000E+02 5.04459E-05
0.56 3.7000E+02 4.46919E-05
0.56 3.9000E+02 4.62180E-05
0.56 4.3000E+02 4.74174E-05
0.56 4.7000E+02 1.42032E-05
0.56 5.1000E+02 1.01112E-05 


0.57 2.5600E+01   NaN
0.57 2.6600E+01   NaN
0.57 2.7600E+01   NaN
0.57 2.8600E+01   NaN
0.57 2.9600E+01   NaN
0.57 3.0600E+01   NaN
0.57 3.1600E+01   NaN
0.57 3.2600E+01   NaN
0.57 3.3600E+01   NaN
0.57 3.4600E+01   NaN
0.57 4.0000E+01   NaN
0.57 4.5000E+01   NaN
0.57 5.0000E+01   NaN
0.57 5.5000E+01   NaN
0.57 6.0000E+01 2.59981E-04
0.57 6.5000E+01 2.90579E-04
0.57 7.0000E+01 4.23371E-04
0.57 7.5000E+01 5.43102E-04
0.57 8.0000E+01 8.09719E-04
0.57 8.5000E+01 1.16445E-03
0.57 1.0000E+02 2.13000E-03
0.57 1.1000E+02 2.79793E-03
0.57 1.2000E+02 2.34137E-03
0.57 1.3000E+02 2.83273E-03
0.57 1.4000E+02 1.72395E-03
0.57 1.5000E+02 1.44851E-03
0.57 1.6000E+02 1.20876E-03
0.57 1.7000E+02 7.62216E-04
0.57 1.8000E+02 4.04951E-04
0.57 1.9000E+02 3.36375E-04
0.57 2.1000E+02 4.51717E-04
0.57 2.3000E+02 1.53629E-04
0.57 2.5000E+02 1.70502E-04
0.57 2.7000E+02 1.81923E-04
0.57 2.9000E+02 1.63161E-04
0.57 3.1000E+02 1.22504E-04
0.57 3.3000E+02 8.45052E-05
0.57 3.5000E+02 5.67781E-05
0.57 3.7000E+02 4.28211E-05
0.57 3.9000E+02 4.06941E-05
0.57 4.3000E+02 4.31872E-05
0.57 4.7000E+02 1.65910E-05
0.57 5.1000E+02 1.02674E-05 


0.58 2.5600E+01   NaN
0.58 2.6600E+01   NaN
0.58 2.7600E+01   NaN
0.58 2.8600E+01   NaN
0.58 2.9600E+01   NaN
0.58 3.0600E+01   NaN
0.58 3.1600E+01   NaN
0.58 3.2600E+01   NaN
0.58 3.3600E+01   NaN
0.58 3.4600E+01   NaN
0.58 4.0000E+01   NaN
0.58 4.5000E+01   NaN
0.58 5.0000E+01   NaN
0.58 5.5000E+01   NaN
0.58 6.0000E+01 2.63171E-04
0.58 6.5000E+01 2.51741E-04
0.58 7.0000E+01 3.47946E-04
0.58 7.5000E+01 4.66461E-04
0.58 8.0000E+01 6.75040E-04
0.58 8.5000E+01 9.09442E-04
0.58 1.0000E+02 1.93516E-03
0.58 1.1000E+02 2.31970E-03
0.58 1.2000E+02 2.59184E-03
0.58 1.3000E+02 2.31135E-03
0.58 1.4000E+02 1.89443E-03
0.58 1.5000E+02 1.44342E-03
0.58 1.6000E+02 1.27834E-03
0.58 1.7000E+02 9.47110E-04
0.58 1.8000E+02 5.50440E-04
0.58 1.9000E+02 3.21378E-04
0.58 2.1000E+02 4.03061E-04
0.58 2.3000E+02 1.41530E-04
0.58 2.5000E+02 1.46187E-04
0.58 2.7000E+02 1.64819E-04
0.58 2.9000E+02 1.61796E-04
0.58 3.1000E+02 1.32677E-04
0.58 3.3000E+02 9.65406E-05
0.58 3.5000E+02 6.63229E-05
0.58 3.7000E+02 4.59762E-05
0.58 3.9000E+02 3.75770E-05
0.58 4.3000E+02 3.84830E-05
0.58 4.7000E+02 3.71404E-05
0.58 5.1000E+02 1.10623E-05 


0.59 2.5600E+01   NaN
0.59 2.6600E+01   NaN
0.59 2.7600E+01   NaN
0.59 2.8600E+01   NaN
0.59 2.9600E+01   NaN
0.59 3.0600E+01   NaN
0.59 3.1600E+01   NaN
0.59 3.2600E+01   NaN
0.59 3.3600E+01   NaN
0.59 3.4600E+01   NaN
0.59 4.0000E+01   NaN
0.59 4.5000E+01   NaN
0.59 5.0000E+01   NaN
0.59 5.5000E+01   NaN
0.59 6.0000E+01 3.25788E-04
0.59 6.5000E+01 2.42138E-04
0.59 7.0000E+01 3.11286E-04
0.59 7.5000E+01 4.33749E-04
0.59 8.0000E+01 5.43221E-04
0.59 8.5000E+01 7.73513E-04
0.59 1.0000E+02 1.62077E-03
0.59 1.1000E+02 2.00130E-03
0.59 1.2000E+02 2.66933E-03
0.59 1.3000E+02 1.97113E-03
0.59 1.4000E+02 2.24019E-03
0.59 1.5000E+02 1.50142E-03
0.59 1.6000E+02 1.27694E-03
0.59 1.7000E+02 1.08640E-03
0.59 1.8000E+02 7.27765E-04
0.59 1.9000E+02 4.04854E-04
0.59 2.1000E+02 3.25794E-04
0.59 2.3000E+02 3.13712E-04
0.59 2.5000E+02 1.29892E-04
0.59 2.7000E+02 1.45090E-04
0.59 2.9000E+02 1.52896E-04
0.59 3.1000E+02 1.37999E-04
0.59 3.3000E+02 1.07110E-04
0.59 3.5000E+02 7.65442E-05
0.59 3.7000E+02 5.27875E-05
0.59 3.9000E+02 3.83745E-05
0.59 4.3000E+02 3.39851E-05
0.59 4.7000E+02 3.54560E-05
0.59 5.1000E+02 1.28468E-05 


0.60 2.5600E+01   NaN
0.60 2.6600E+01   NaN
0.60 2.7600E+01   NaN
0.60 2.8600E+01   NaN
0.60 2.9600E+01   NaN
0.60 3.0600E+01   NaN
0.60 3.1600E+01   NaN
0.60 3.2600E+01   NaN
0.60 3.3600E+01   NaN
0.60 3.4600E+01   NaN
0.60 4.0000E+01   NaN
0.60 4.5000E+01   NaN
0.60 5.0000E+01   NaN
0.60 5.5000E+01   NaN
0.60 6.0000E+01   NaN
0.60 6.5000E+01 2.43729E-04
0.60 7.0000E+01 2.60111E-04
0.60 7.5000E+01 3.81333E-04
0.60 8.0000E+01 4.54278E-04
0.60 8.5000E+01 6.58664E-04
0.60 1.0000E+02 1.32355E-03
0.60 1.1000E+02 1.85683E-03
0.60 1.2000E+02 2.37529E-03
0.60 1.3000E+02 2.11241E-03
0.60 1.4000E+02 2.26211E-03
0.60 1.5000E+02 1.63726E-03
0.60 1.6000E+02 1.26797E-03
0.60 1.7000E+02 1.13856E-03
0.60 1.8000E+02 8.76359E-04
0.60 1.9000E+02 5.49416E-04
0.60 2.1000E+02 2.65320E-04
0.60 2.3000E+02 3.62352E-04
0.60 2.5000E+02 1.19056E-04
0.60 2.7000E+02 1.27011E-04
0.60 2.9000E+02 1.38865E-04
0.60 3.1000E+02 1.36814E-04
0.60 3.3000E+02 1.14943E-04
0.60 3.5000E+02 8.64376E-05
0.60 3.7000E+02 6.16858E-05
0.60 3.9000E+02 4.30056E-05
0.60 4.3000E+02 3.05837E-05
0.60 4.7000E+02 3.18737E-05
0.60 5.1000E+02 2.81674E-05 


0.61 2.5600E+01   NaN
0.61 2.6600E+01   NaN
0.61 2.7600E+01   NaN
0.61 2.8600E+01   NaN
0.61 2.9600E+01   NaN
0.61 3.0600E+01   NaN
0.61 3.1600E+01   NaN
0.61 3.2600E+01   NaN
0.61 3.3600E+01   NaN
0.61 3.4600E+01   NaN
0.61 4.0000E+01   NaN
0.61 4.5000E+01   NaN
0.61 5.0000E+01   NaN
0.61 5.5000E+01   NaN
0.61 6.0000E+01   NaN
0.61 6.5000E+01 2.45660E-04
0.61 7.0000E+01 2.39490E-04
0.61 7.5000E+01 3.22238E-04
0.61 8.0000E+01 4.06099E-04
0.61 8.5000E+01 5.35837E-04
0.61 1.0000E+02 1.26086E-03
0.61 1.1000E+02 1.72480E-03
0.61 1.2000E+02 1.98198E-03
0.61 1.3000E+02 2.31451E-03
0.61 1.4000E+02 1.78422E-03
0.61 1.5000E+02 1.88574E-03
0.61 1.6000E+02 1.31835E-03
0.61 1.7000E+02 1.13022E-03
0.61 1.8000E+02 9.79020E-04
0.61 1.9000E+02 6.97309E-04
0.61 2.1000E+02 2.55261E-04
0.61 2.3000E+02 3.01867E-04
0.61 2.5000E+02 1.42472E-04
0.61 2.7000E+02 1.10233E-04
0.61 2.9000E+02 1.23228E-04
0.61 3.1000E+02 1.29212E-04
0.61 3.3000E+02 1.18547E-04
0.61 3.5000E+02 9.45793E-05
0.61 3.7000E+02 6.99196E-05
0.61 3.9000E+02 4.99024E-05
0.61 4.3000E+02 2.90623E-05
0.61 4.7000E+02 2.88320E-05
0.61 5.1000E+02 2.93042E-05 


0.62 2.5600E+01   NaN
0.62 2.6600E+01   NaN
0.62 2.7600E+01   NaN
0.62 2.8600E+01   NaN
0.62 2.9600E+01   NaN
0.62 3.0600E+01   NaN
0.62 3.1600E+01   NaN
0.62 3.2600E+01   NaN
0.62 3.3600E+01   NaN
0.62 3.4600E+01   NaN
0.62 4.0000E+01   NaN
0.62 4.5000E+01   NaN
0.62 5.0000E+01   NaN
0.62 5.5000E+01   NaN
0.62 6.0000E+01   NaN
0.62 6.5000E+01 2.47692E-06
0.62 7.0000E+01 3.01486E-06
0.62 7.5000E+01 2.78991E-06
0.62 8.0000E+01 2.08381E-06
0.62 8.5000E+01 2.89977E-06
0.62 1.0000E+02 2.51600E-06
0.62 1.1000E+02 2.11502E-06
0.62 1.2000E+02 1.91730E-06
0.62 1.3000E+02 2.04291E-06
0.62 1.4000E+02 1.73783E-06
0.62 1.5000E+02 1.82347E-06
0.62 1.6000E+02 1.39438E-06
0.62 1.7000E+02 1.25175E-06
0.62 1.8000E+02 1.06771E-06
0.62 1.9000E+02 9.64654E-07
0.62 2.1000E+02 5.86131E-07
0.62 2.3000E+02 4.37989E-07
0.62 2.5000E+02 4.27255E-07
0.62 2.7000E+02 2.50831E-07
0.62 2.9000E+02 2.22556E-07
0.62 3.1000E+02 1.95199E-07
0.62 3.3000E+02 1.66902E-07
0.62 3.5000E+02 1.46859E-07
0.62 3.7000E+02 1.23304E-07
0.62 3.9000E+02 9.65162E-08
0.62 4.3000E+02 6.25317E-08
0.62 4.7000E+02 5.11318E-08
0.62 5.1000E+02 4.06013E-08 


0.63 2.5600E+01   NaN
0.63 2.6600E+01   NaN
0.63 2.7600E+01   NaN
0.63 2.8600E+01   NaN
0.63 2.9600E+01   NaN
0.63 3.0600E+01   NaN
0.63 3.1600E+01   NaN
0.63 3.2600E+01   NaN
0.63 3.3600E+01   NaN
0.63 3.4600E+01   NaN
0.63 4.0000E+01   NaN
0.63 4.5000E+01   NaN
0.63 5.0000E+01   NaN
0.63 5.5000E+01   NaN
0.63 6.0000E+01   NaN
0.63 6.5000E+01 2.75478E-06
0.63 7.0000E+01 3.20738E-06
0.63 7.5000E+01 2.65966E-06
0.63 8.0000E+01 2.13013E-06
0.63 8.5000E+01 2.42335E-06
0.63 1.0000E+02 1.64900E-06
0.63 1.1000E+02 1.31882E-06
0.63 1.2000E+02 1.12967E-06
0.63 1.3000E+02 9.84358E-07
0.63 1.4000E+02 9.34663E-07
0.63 1.5000E+02 7.75057E-07
0.63 1.6000E+02 7.88733E-07
0.63 1.7000E+02 6.38723E-07
0.63 1.8000E+02 5.78185E-07
0.63 1.9000E+02 5.47782E-07
0.63 2.1000E+02 3.58477E-07
0.63 2.3000E+02 2.79518E-07
0.63 2.5000E+02 2.26165E-07
0.63 2.7000E+02 1.76097E-07
0.63 2.9000E+02 1.30962E-07
0.63 3.1000E+02 1.19104E-07
0.63 3.3000E+02 9.93109E-08
0.63 3.5000E+02 8.49897E-08
0.63 3.7000E+02 7.27120E-08
0.63 3.9000E+02 6.04302E-08
0.63 4.3000E+02 3.99468E-08
0.63 4.7000E+02 3.16132E-08
0.63 5.1000E+02 2.62380E-08 


0.64 2.5600E+01   NaN
0.64 2.6600E+01   NaN
0.64 2.7600E+01   NaN
0.64 2.8600E+01   NaN
0.64 2.9600E+01   NaN
0.64 3.0600E+01   NaN
0.64 3.1600E+01   NaN
0.64 3.2600E+01   NaN
0.64 3.3600E+01   NaN
0.64 3.4600E+01   NaN
0.64 4.0000E+01   NaN
0.64 4.5000E+01   NaN
0.64 5.0000E+01   NaN
0.64 5.5000E+01   NaN
0.64 6.0000E+01   NaN
0.64 6.5000E+01 2.70328E-06
0.64 7.0000E+01 2.70061E-06
0.64 7.5000E+01 3.13477E-06
0.64 8.0000E+01 2.71158E-06
0.64 8.5000E+01 2.39698E-06
0.64 1.0000E+02 1.54133E-06
0.64 1.1000E+02 1.24823E-06
0.64 1.2000E+02 1.04916E-06
0.64 1.3000E+02 8.19844E-07
0.64 1.4000E+02 7.92593E-07
0.64 1.5000E+02 6.53877E-07
0.64 1.6000E+02 7.05341E-07
0.64 1.7000E+02 5.17589E-07
0.64 1.8000E+02 4.96910E-07
0.64 1.9000E+02 4.12054E-07
0.64 2.1000E+02 3.10976E-07
0.64 2.3000E+02 2.53528E-07
0.64 2.5000E+02 1.86484E-07
0.64 2.7000E+02 1.72442E-07
0.64 2.9000E+02 1.15402E-07
0.64 3.1000E+02 1.04679E-07
0.64 3.3000E+02 8.56862E-08
0.64 3.5000E+02 7.21009E-08
0.64 3.7000E+02 6.23808E-08
0.64 3.9000E+02 5.30413E-08
0.64 4.3000E+02 3.58061E-08
0.64 4.7000E+02 2.64372E-08
0.64 5.1000E+02 2.23115E-08 


0.65 2.5600E+01   NaN
0.65 2.6600E+01   NaN
0.65 2.7600E+01   NaN
0.65 2.8600E+01   NaN
0.65 2.9600E+01   NaN
0.65 3.0600E+01   NaN
0.65 3.1600E+01   NaN
0.65 3.2600E+01   NaN
0.65 3.3600E+01   NaN
0.65 3.4600E+01   NaN
0.65 4.0000E+01   NaN
0.65 4.5000E+01   NaN
0.65 5.0000E+01   NaN
0.65 5.5000E+01   NaN
0.65 6.0000E+01   NaN
0.65 6.5000E+01 1.88687E-06
0.65 7.0000E+01 2.69540E-06
0.65 7.5000E+01 3.02331E-06
0.65 8.0000E+01 2.74205E-06
0.65 8.5000E+01 2.54084E-06
0.65 1.0000E+02 1.49310E-06
0.65 1.1000E+02 1.12609E-06
0.65 1.2000E+02 9.20447E-07
0.65 1.3000E+02 7.94910E-07
0.65 1.4000E+02 7.15515E-07
0.65 1.5000E+02 6.44987E-07
0.65 1.6000E+02 5.42589E-07
0.65 1.7000E+02 4.94433E-07
0.65 1.8000E+02 4.35161E-07
0.65 1.9000E+02 3.76601E-07
0.65 2.1000E+02 2.97567E-07
0.65 2.3000E+02 2.34122E-07
0.65 2.5000E+02 1.73756E-07
0.65 2.7000E+02 1.51794E-07
0.65 2.9000E+02 1.14442E-07
0.65 3.1000E+02 9.35158E-08
0.65 3.3000E+02 7.84493E-08
0.65 3.5000E+02 6.59093E-08
0.65 3.7000E+02 5.65932E-08
0.65 3.9000E+02 4.68406E-08
0.65 4.3000E+02 3.46493E-08
0.65 4.7000E+02 2.41102E-08
0.65 5.1000E+02 2.05022E-08 


