0.40 2.5600E+01 4.44415E-02
0.40 2.6600E+01 4.27556E-02
0.40 2.7600E+01 4.11537E-02
0.40 2.8600E+01 3.88490E-02
0.40 2.9600E+01 3.72324E-02
0.40 3.0600E+01 3.53425E-02
0.40 3.1600E+01 3.36611E-02
0.40 3.2600E+01 3.19414E-02
0.40 3.3600E+01 3.04343E-02
0.40 3.4600E+01 2.88460E-02
0.40 4.0000E+01 2.16211E-02
0.40 4.5000E+01 1.68904E-02
0.40 5.0000E+01 1.37154E-02
0.40 5.5000E+01 1.09233E-02
0.40 6.0000E+01 8.90258E-03
0.40 6.5000E+01 7.33631E-03
0.40 7.0000E+01 5.96671E-03
0.40 7.5000E+01 5.20855E-03
0.40 8.0000E+01 4.33166E-03
0.40 8.5000E+01 3.80159E-03
0.40 1.0000E+02 2.49552E-03
0.40 1.1000E+02 1.85931E-03
0.40 1.2000E+02 1.52614E-03
0.40 1.3000E+02 1.19437E-03
0.40 1.4000E+02 9.81658E-04
0.40 1.5000E+02 8.29096E-04
0.40 1.6000E+02 6.80925E-04
0.40 1.7000E+02 5.63546E-04
0.40 1.8000E+02 4.88925E-04
0.40 1.9000E+02 4.22176E-04
0.40 2.1000E+02 3.09610E-04
0.40 2.3000E+02 2.35730E-04
0.40 2.5000E+02 1.84027E-04
0.40 2.7000E+02 1.47249E-04
0.40 2.9000E+02 1.16476E-04
0.40 3.1000E+02 9.29826E-05
0.40 3.3000E+02 7.58994E-05
0.40 3.5000E+02 6.34824E-05
0.40 3.7000E+02 5.36887E-05
0.40 3.9000E+02 4.58414E-05
0.40 4.3000E+02 3.30990E-05
0.40 4.7000E+02 2.38427E-05
0.40 5.1000E+02 1.76658E-05 


0.41 2.5600E+01 4.45526E-02
0.41 2.6600E+01 4.27081E-02
0.41 2.7600E+01 4.07447E-02
0.41 2.8600E+01 3.90280E-02
0.41 2.9600E+01 3.69096E-02
0.41 3.0600E+01 3.54802E-02
0.41 3.1600E+01 3.33616E-02
0.41 3.2600E+01 3.17941E-02
0.41 3.3600E+01 2.99854E-02
0.41 3.4600E+01 2.85865E-02
0.41 4.0000E+01 2.20598E-02
0.41 4.5000E+01 1.73250E-02
0.41 5.0000E+01 1.34637E-02
0.41 5.5000E+01 1.09704E-02
0.41 6.0000E+01 8.89973E-03
0.41 6.5000E+01 7.23309E-03
0.41 7.0000E+01 6.17964E-03
0.41 7.5000E+01 5.21100E-03
0.41 8.0000E+01 4.36078E-03
0.41 8.5000E+01 3.73089E-03
0.41 1.0000E+02 2.43080E-03
0.41 1.1000E+02 1.89087E-03
0.41 1.2000E+02 1.52354E-03
0.41 1.3000E+02 1.21424E-03
0.41 1.4000E+02 9.71740E-04
0.41 1.5000E+02 8.19805E-04
0.41 1.6000E+02 6.90062E-04
0.41 1.7000E+02 5.69698E-04
0.41 1.8000E+02 4.79632E-04
0.41 1.9000E+02 4.12452E-04
0.41 2.1000E+02 3.14277E-04
0.41 2.3000E+02 2.25971E-04
0.41 2.5000E+02 1.85440E-04
0.41 2.7000E+02 1.46233E-04
0.41 2.9000E+02 1.17649E-04
0.41 3.1000E+02 9.40262E-05
0.41 3.3000E+02 7.60752E-05
0.41 3.5000E+02 6.29127E-05
0.41 3.7000E+02 5.31179E-05
0.41 3.9000E+02 4.53970E-05
0.41 4.3000E+02 3.32850E-05
0.41 4.7000E+02 2.43548E-05
0.41 5.1000E+02 1.79903E-05 


0.42 2.5600E+01 4.45181E-02
0.42 2.6600E+01 4.28538E-02
0.42 2.7600E+01 4.09952E-02
0.42 2.8600E+01 3.90858E-02
0.42 2.9600E+01 3.72836E-02
0.42 3.0600E+01 3.50351E-02
0.42 3.1600E+01 3.36628E-02
0.42 3.2600E+01 3.19351E-02
0.42 3.3600E+01 3.02977E-02
0.42 3.4600E+01 2.87790E-02
0.42 4.0000E+01 2.14869E-02
0.42 4.5000E+01 1.69554E-02
0.42 5.0000E+01 1.35858E-02
0.42 5.5000E+01 1.07672E-02
0.42 6.0000E+01 8.73509E-03
0.42 6.5000E+01 7.36611E-03
0.42 7.0000E+01 6.13291E-03
0.42 7.5000E+01 5.08836E-03
0.42 8.0000E+01 4.40635E-03
0.42 8.5000E+01 3.71776E-03
0.42 1.0000E+02 2.42067E-03
0.42 1.1000E+02 1.95827E-03
0.42 1.2000E+02 1.45770E-03
0.42 1.3000E+02 1.23579E-03
0.42 1.4000E+02 9.84474E-04
0.42 1.5000E+02 8.03902E-04
0.42 1.6000E+02 6.89465E-04
0.42 1.7000E+02 5.77502E-04
0.42 1.8000E+02 4.82959E-04
0.42 1.9000E+02 4.11516E-04
0.42 2.1000E+02 3.13270E-04
0.42 2.3000E+02 2.39999E-04
0.42 2.5000E+02 1.79705E-04
0.42 2.7000E+02 1.44807E-04
0.42 2.9000E+02 1.18051E-04
0.42 3.1000E+02 9.50877E-05
0.42 3.3000E+02 7.67741E-05
0.42 3.5000E+02 6.28138E-05
0.42 3.7000E+02 5.25944E-05
0.42 3.9000E+02 4.46399E-05
0.42 4.3000E+02 3.31822E-05
0.42 4.7000E+02 2.46065E-05
0.42 5.1000E+02 1.83543E-05 


0.43 2.5600E+01 4.45885E-02
0.43 2.6600E+01 4.26498E-02
0.43 2.7600E+01 4.08634E-02
0.43 2.8600E+01 3.89402E-02
0.43 2.9600E+01 3.69879E-02
0.43 3.0600E+01 3.53936E-02
0.43 3.1600E+01 3.35016E-02
0.43 3.2600E+01 3.18137E-02
0.43 3.3600E+01 3.01295E-02
0.43 3.4600E+01 2.86223E-02
0.43 4.0000E+01 2.19632E-02
0.43 4.5000E+01 1.71048E-02
0.43 5.0000E+01 1.36363E-02
0.43 5.5000E+01 1.10235E-02
0.43 6.0000E+01 9.01038E-03
0.43 6.5000E+01 7.34805E-03
0.43 7.0000E+01 6.06708E-03
0.43 7.5000E+01 5.23056E-03
0.43 8.0000E+01 4.37890E-03
0.43 8.5000E+01 3.76844E-03
0.43 1.0000E+02 2.47264E-03
0.43 1.1000E+02 1.89957E-03
0.43 1.2000E+02 1.51455E-03
0.43 1.3000E+02 1.22680E-03
0.43 1.4000E+02 9.90528E-04
0.43 1.5000E+02 8.10069E-04
0.43 1.6000E+02 6.76911E-04
0.43 1.7000E+02 5.80191E-04
0.43 1.8000E+02 4.87782E-04
0.43 1.9000E+02 4.12990E-04
0.43 2.1000E+02 3.08151E-04
0.43 2.3000E+02 2.41178E-04
0.43 2.5000E+02 1.82106E-04
0.43 2.7000E+02 1.42488E-04
0.43 2.9000E+02 1.17306E-04
0.43 3.1000E+02 9.56867E-05
0.43 3.3000E+02 7.76832E-05
0.43 3.5000E+02 6.33618E-05
0.43 3.7000E+02 5.25153E-05
0.43 3.9000E+02 4.43193E-05
0.43 4.3000E+02 3.18991E-05
0.43 4.7000E+02 2.47562E-05
0.43 5.1000E+02 1.85174E-05 


0.44 2.5600E+01 4.45942E-02
0.44 2.6600E+01 4.28470E-02
0.44 2.7600E+01 4.07035E-02
0.44 2.8600E+01 3.90570E-02
0.44 2.9600E+01 3.73268E-02
0.44 3.0600E+01 3.52058E-02
0.44 3.1600E+01 3.36894E-02
0.44 3.2600E+01 3.19606E-02
0.44 3.3600E+01 3.03788E-02
0.44 3.4600E+01 2.90034E-02
0.44 4.0000E+01 2.16208E-02
0.44 4.5000E+01 1.70899E-02
0.44 5.0000E+01 1.34630E-02
0.44 5.5000E+01 1.08356E-02
0.44 6.0000E+01 8.85624E-03
0.44 6.5000E+01 7.25211E-03
0.44 7.0000E+01 6.15153E-03
0.44 7.5000E+01 5.15143E-03
0.44 8.0000E+01 4.36393E-03
0.44 8.5000E+01 3.79065E-03
0.44 1.0000E+02 2.48162E-03
0.44 1.1000E+02 1.87399E-03
0.44 1.2000E+02 1.53613E-03
0.44 1.3000E+02 1.19173E-03
0.44 1.4000E+02 1.00027E-03
0.44 1.5000E+02 8.20089E-04
0.44 1.6000E+02 6.67550E-04
0.44 1.7000E+02 5.76072E-04
0.44 1.8000E+02 4.91166E-04
0.44 1.9000E+02 4.16148E-04
0.44 2.1000E+02 3.07253E-04
0.44 2.3000E+02 2.37717E-04
0.44 2.5000E+02 1.87802E-04
0.44 2.7000E+02 1.39357E-04
0.44 2.9000E+02 1.14955E-04
0.44 3.1000E+02 9.54264E-05
0.44 3.3000E+02 7.83288E-05
0.44 3.5000E+02 6.41337E-05
0.44 3.7000E+02 5.28440E-05
0.44 3.9000E+02 4.42226E-05
0.44 4.3000E+02 3.23866E-05
0.44 4.7000E+02 2.46620E-05
0.44 5.1000E+02 1.88156E-05 


0.45 2.5600E+01 4.44940E-02
0.45 2.6600E+01 4.26661E-02
0.45 2.7600E+01 4.09466E-02
0.45 2.8600E+01 3.88783E-02
0.45 2.9600E+01 3.71244E-02
0.45 3.0600E+01 3.53894E-02
0.45 3.1600E+01 3.36461E-02
0.45 3.2600E+01 3.17453E-02
0.45 3.3600E+01 3.01488E-02
0.45 3.4600E+01 2.85717E-02
0.45 4.0000E+01 2.19659E-02
0.45 4.5000E+01 1.70775E-02
0.45 5.0000E+01 1.37628E-02
0.45 5.5000E+01 1.09149E-02
0.45 6.0000E+01 8.79592E-03
0.45 6.5000E+01 7.35347E-03
0.45 7.0000E+01 6.12725E-03
0.45 7.5000E+01 5.08713E-03
0.45 8.0000E+01 4.44422E-03
0.45 8.5000E+01 3.75662E-03
0.45 1.0000E+02 2.43968E-03
0.45 1.1000E+02 1.90554E-03
0.45 1.2000E+02 1.50556E-03
0.45 1.3000E+02 1.20873E-03
0.45 1.4000E+02 1.00144E-03
0.45 1.5000E+02 8.19864E-04
0.45 1.6000E+02 6.82756E-04
0.45 1.7000E+02 5.66993E-04
0.45 1.8000E+02 4.90001E-04
0.45 1.9000E+02 4.18802E-04
0.45 2.1000E+02 3.08823E-04
0.45 2.3000E+02 2.34177E-04
0.45 2.5000E+02 1.87298E-04
0.45 2.7000E+02 1.45887E-04
0.45 2.9000E+02 1.13306E-04
0.45 3.1000E+02 9.46431E-05
0.45 3.3000E+02 7.84748E-05
0.45 3.5000E+02 6.47398E-05
0.45 3.7000E+02 5.33125E-05
0.45 3.9000E+02 4.44788E-05
0.45 4.3000E+02 3.22066E-05
0.45 4.7000E+02 2.44991E-05
0.45 5.1000E+02 1.87080E-05 


0.46 2.5600E+01 4.45724E-02
0.46 2.6600E+01 4.28192E-02
0.46 2.7600E+01 4.08371E-02
0.46 2.8600E+01 3.90970E-02
0.46 2.9600E+01 3.71443E-02
0.46 3.0600E+01 3.51309E-02
0.46 3.1600E+01 3.34480E-02
0.46 3.2600E+01 3.20159E-02
0.46 3.3600E+01 3.03085E-02
0.46 3.4600E+01 2.87433E-02
0.46 4.0000E+01 2.16760E-02
0.46 4.5000E+01 1.71841E-02
0.46 5.0000E+01 1.34272E-02
0.46 5.5000E+01 1.09610E-02
0.46 6.0000E+01 8.94188E-03
0.46 6.5000E+01 7.36481E-03
0.46 7.0000E+01 6.06304E-03
0.46 7.5000E+01 5.17787E-03
0.46 8.0000E+01 4.36555E-03
0.46 8.5000E+01 3.77862E-03
0.46 1.0000E+02 2.43374E-03
0.46 1.1000E+02 1.92548E-03
0.46 1.2000E+02 1.49043E-03
0.46 1.3000E+02 1.23853E-03
0.46 1.4000E+02 9.80115E-04
0.46 1.5000E+02 8.22441E-04
0.46 1.6000E+02 6.88057E-04
0.46 1.7000E+02 5.62890E-04
0.46 1.8000E+02 4.85363E-04
0.46 1.9000E+02 4.18779E-04
0.46 2.1000E+02 3.10268E-04
0.46 2.3000E+02 2.33927E-04
0.46 2.5000E+02 1.84168E-04
0.46 2.7000E+02 1.49405E-04
0.46 2.9000E+02 1.11111E-04
0.46 3.1000E+02 9.11265E-05
0.46 3.3000E+02 7.80594E-05
0.46 3.5000E+02 6.50235E-05
0.46 3.7000E+02 5.45021E-05
0.46 3.9000E+02 4.49313E-05
0.46 4.3000E+02 3.20995E-05
0.46 4.7000E+02 2.41777E-05
0.46 5.1000E+02 1.87004E-05 


0.47 2.5600E+01 4.45384E-02
0.47 2.6600E+01 4.27022E-02
0.47 2.7600E+01 4.08791E-02
0.47 2.8600E+01 3.88706E-02
0.47 2.9600E+01 3.70268E-02
0.47 3.0600E+01 3.53174E-02
0.47 3.1600E+01 3.35689E-02
0.47 3.2600E+01 3.17121E-02
0.47 3.3600E+01 3.01110E-02
0.47 3.4600E+01 2.86287E-02
0.47 4.0000E+01 2.18715E-02
0.47 4.5000E+01 1.69660E-02
0.47 5.0000E+01 1.36414E-02
0.47 5.5000E+01 1.08303E-02
0.47 6.0000E+01 8.78263E-03
0.47 6.5000E+01 7.26369E-03
0.47 7.0000E+01 6.11222E-03
0.47 7.5000E+01 5.19366E-03
0.47 8.0000E+01 4.33392E-03
0.47 8.5000E+01 3.79430E-03
0.47 1.0000E+02 2.45691E-03
0.47 1.1000E+02 1.90972E-03
0.47 1.2000E+02 1.49916E-03
0.47 1.3000E+02 1.21700E-03
0.47 1.4000E+02 9.94518E-04
0.47 1.5000E+02 8.15366E-04
0.47 1.6000E+02 6.85199E-04
0.47 1.7000E+02 5.78282E-04
0.47 1.8000E+02 4.76772E-04
0.47 1.9000E+02 4.16424E-04
0.47 2.1000E+02 3.11042E-04
0.47 2.3000E+02 2.35785E-04
0.47 2.5000E+02 1.81157E-04
0.47 2.7000E+02 1.47423E-04
0.47 2.9000E+02 1.18421E-04
0.47 3.1000E+02 9.00832E-05
0.47 3.3000E+02 7.67750E-05
0.47 3.5000E+02 6.48664E-05
0.47 3.7000E+02 5.43085E-05
0.47 3.9000E+02 4.53865E-05
0.47 4.3000E+02 3.22124E-05
0.47 4.7000E+02 2.40642E-05
0.47 5.1000E+02 1.84825E-05 


0.48 2.5600E+01 4.47237E-02
0.48 2.6600E+01 4.27691E-02
0.48 2.7600E+01 4.08391E-02
0.48 2.8600E+01 3.91480E-02
0.48 2.9600E+01 3.71400E-02
0.48 3.0600E+01 3.52031E-02
0.48 3.1600E+01 3.35461E-02
0.48 3.2600E+01 3.19677E-02
0.48 3.3600E+01 3.03432E-02
0.48 3.4600E+01 2.88290E-02
0.48 4.0000E+01 2.19089E-02
0.48 4.5000E+01 1.70645E-02
0.48 5.0000E+01 1.35993E-02
0.48 5.5000E+01 1.09162E-02
0.48 6.0000E+01 8.85502E-03
0.48 6.5000E+01 7.39083E-03
0.48 7.0000E+01 6.17562E-03
0.48 7.5000E+01 5.11126E-03
0.48 8.0000E+01 4.39582E-03
0.48 8.5000E+01 3.72327E-03
0.48 1.0000E+02 2.47764E-03
0.48 1.1000E+02 1.88995E-03
0.48 1.2000E+02 1.51473E-03
0.48 1.3000E+02 1.19161E-03
0.48 1.4000E+02 1.00608E-03
0.48 1.5000E+02 8.03071E-04
0.48 1.6000E+02 6.83523E-04
0.48 1.7000E+02 5.81071E-04
0.48 1.8000E+02 4.84219E-04
0.48 1.9000E+02 4.13279E-04
0.48 2.1000E+02 3.11008E-04
0.48 2.3000E+02 2.37059E-04
0.48 2.5000E+02 1.81321E-04
0.48 2.7000E+02 1.44339E-04
0.48 2.9000E+02 1.19443E-04
0.48 3.1000E+02 9.34277E-05
0.48 3.3000E+02 7.51966E-05
0.48 3.5000E+02 6.42894E-05
0.48 3.7000E+02 5.42816E-05
0.48 3.9000E+02 4.56820E-05
0.48 4.3000E+02 3.25041E-05
0.48 4.7000E+02 2.38818E-05
0.48 5.1000E+02 1.83172E-05 


0.49 2.5600E+01 4.45885E-02
0.49 2.6600E+01 4.26331E-02
0.49 2.7600E+01 4.09043E-02
0.49 2.8600E+01 3.88329E-02
0.49 2.9600E+01 3.70905E-02
0.49 3.0600E+01 3.54051E-02
0.49 3.1600E+01 3.35660E-02
0.49 3.2600E+01 3.17070E-02
0.49 3.3600E+01 3.00170E-02
0.49 3.4600E+01 2.85735E-02
0.49 4.0000E+01 2.18191E-02
0.49 4.5000E+01 1.69982E-02
0.49 5.0000E+01 1.34951E-02
0.49 5.5000E+01 1.08948E-02
0.49 6.0000E+01 8.95631E-03
0.49 6.5000E+01 7.32730E-03
0.49 7.0000E+01 6.03836E-03
0.49 7.5000E+01 5.10898E-03
0.49 8.0000E+01 4.40846E-03
0.49 8.5000E+01 3.71830E-03
0.49 1.0000E+02 2.45784E-03
0.49 1.1000E+02 1.89415E-03
0.49 1.2000E+02 1.51966E-03
0.49 1.3000E+02 1.20520E-03
0.49 1.4000E+02 9.91345E-04
0.49 1.5000E+02 8.23733E-04
0.49 1.6000E+02 6.64311E-04
0.49 1.7000E+02 5.97562E-04
0.49 1.8000E+02 4.94258E-04
0.49 1.9000E+02 4.07010E-04
0.49 2.1000E+02 3.10477E-04
0.49 2.3000E+02 2.37326E-04
0.49 2.5000E+02 1.83229E-04
0.49 2.7000E+02 1.42629E-04
0.49 2.9000E+02 1.17317E-04
0.49 3.1000E+02 9.68583E-05
0.49 3.3000E+02 7.35859E-05
0.49 3.5000E+02 6.25795E-05
0.49 3.7000E+02 5.38670E-05
0.49 3.9000E+02 4.02873E-05
0.49 4.3000E+02 3.28488E-05
0.49 4.7000E+02 2.39448E-05
0.49 5.1000E+02 1.84084E-05 


0.50 2.5600E+01 4.44265E-02
0.50 2.6600E+01 4.28584E-02
0.50 2.7600E+01 4.08748E-02
0.50 2.8600E+01 3.91057E-02
0.50 2.9600E+01 3.71991E-02
0.50 3.0600E+01 3.51302E-02
0.50 3.1600E+01 3.35379E-02
0.50 3.2600E+01 3.19045E-02
0.50 3.3600E+01 3.04332E-02
0.50 3.4600E+01 2.88736E-02
0.50 4.0000E+01 2.18927E-02
0.50 4.5000E+01 1.70488E-02
0.50 5.0000E+01 1.36526E-02
0.50 5.5000E+01 1.08085E-02
0.50 6.0000E+01 8.83055E-03
0.50 6.5000E+01 7.26858E-03
0.50 7.0000E+01 6.12080E-03
0.50 7.5000E+01 5.21119E-03
0.50 8.0000E+01 4.35457E-03
0.50 8.5000E+01 3.76857E-03
0.50 1.0000E+02 2.40987E-03
0.50 1.1000E+02 1.91351E-03
0.50 1.2000E+02 1.50486E-03
0.50 1.3000E+02 1.22218E-03
0.50 1.4000E+02 9.80422E-04
0.50 1.5000E+02 8.27619E-04
0.50 1.6000E+02 6.78253E-04
0.50 1.7000E+02 5.70124E-04
0.50 1.8000E+02 4.94739E-04
0.50 1.9000E+02 4.16823E-04
0.50 2.1000E+02 3.09637E-04
0.50 2.3000E+02 2.36921E-04
0.50 2.5000E+02 1.84548E-04
0.50 2.7000E+02 1.43214E-04
0.50 2.9000E+02 1.14940E-04
0.50 3.1000E+02 9.66418E-05
0.50 3.3000E+02 7.86794E-05
0.50 3.5000E+02 5.90576E-05
0.50 3.7000E+02 5.29854E-05
0.50 3.9000E+02 4.54633E-05
0.50 4.3000E+02 3.30876E-05
0.50 4.7000E+02 2.41576E-05
0.50 5.1000E+02 1.81502E-05 


0.51 2.5600E+01 4.46127E-02
0.51 2.6600E+01 4.26238E-02
0.51 2.7600E+01 4.07948E-02
0.51 2.8600E+01 3.88725E-02
0.51 2.9600E+01 3.69636E-02
0.51 3.0600E+01 3.55074E-02
0.51 3.1600E+01 3.34727E-02
0.51 3.2600E+01 3.16852E-02
0.51 3.3600E+01 3.02257E-02
0.51 3.4600E+01 2.84836E-02
0.51 4.0000E+01 2.16688E-02
0.51 4.5000E+01 1.71819E-02
0.51 5.0000E+01 1.35895E-02
0.51 5.5000E+01 1.09845E-02
0.51 6.0000E+01 8.78103E-03
0.51 6.5000E+01 7.34221E-03
0.51 7.0000E+01 6.15780E-03
0.51 7.5000E+01 5.15897E-03
0.51 8.0000E+01 4.34051E-03
0.51 8.5000E+01 3.77285E-03
0.51 1.0000E+02 2.47773E-03
0.51 1.1000E+02 1.92957E-03
0.51 1.2000E+02 1.49278E-03
0.51 1.3000E+02 1.22218E-03
0.51 1.4000E+02 9.83756E-04
0.51 1.5000E+02 8.14048E-04
0.51 1.6000E+02 6.91808E-04
0.51 1.7000E+02 5.58805E-04
0.51 1.8000E+02 4.87580E-04
0.51 1.9000E+02 4.23205E-04
0.51 2.1000E+02 3.08858E-04
0.51 2.3000E+02 2.35893E-04
0.51 2.5000E+02 1.84656E-04
0.51 2.7000E+02 1.44758E-04
0.51 2.9000E+02 1.13998E-04
0.51 3.1000E+02 9.45261E-05
0.51 3.3000E+02 7.95662E-05
0.51 3.5000E+02 6.35152E-05
0.51 3.7000E+02 5.09020E-05
0.51 3.9000E+02 4.51337E-05
0.51 4.3000E+02 3.32197E-05
0.51 4.7000E+02 2.43491E-05
0.51 5.1000E+02 1.81909E-05 


0.52 2.5600E+01 4.45241E-02
0.52 2.6600E+01 4.27506E-02
0.52 2.7600E+01 4.10923E-02
0.52 2.8600E+01 3.90845E-02
0.52 2.9600E+01 3.72309E-02
0.52 3.0600E+01 3.51193E-02
0.52 3.1600E+01 3.36528E-02
0.52 3.2600E+01 3.19426E-02
0.52 3.3600E+01 3.02939E-02
0.52 3.4600E+01 2.88363E-02
0.52 4.0000E+01 2.19210E-02
0.52 4.5000E+01 1.69952E-02
0.52 5.0000E+01 1.34163E-02
0.52 5.5000E+01 1.09040E-02
0.52 6.0000E+01 9.05743E-03
0.52 6.5000E+01 7.35277E-03
0.52 7.0000E+01 6.08444E-03
0.52 7.5000E+01 5.07054E-03
0.52 8.0000E+01 4.40687E-03
0.52 8.5000E+01 3.72693E-03
0.52 1.0000E+02 2.47798E-03
0.52 1.1000E+02 1.90044E-03
0.52 1.2000E+02 1.50229E-03
0.52 1.3000E+02 1.21063E-03
0.52 1.4000E+02 9.92882E-04
0.52 1.5000E+02 8.08008E-04
0.52 1.6000E+02 6.87689E-04
0.52 1.7000E+02 5.77011E-04
0.52 1.8000E+02 4.74521E-04
0.52 1.9000E+02 4.20976E-04
0.52 2.1000E+02 3.04661E-04
0.52 2.3000E+02 2.35286E-04
0.52 2.5000E+02 1.83960E-04
0.52 2.7000E+02 1.45872E-04
0.52 2.9000E+02 1.14705E-04
0.52 3.1000E+02 9.27469E-05
0.52 3.3000E+02 7.86138E-05
0.52 3.5000E+02 6.58319E-05
0.52 3.7000E+02 5.15615E-05
0.52 3.9000E+02 4.35759E-05
0.52 4.3000E+02 3.31220E-05
0.52 4.7000E+02 2.45222E-05
0.52 5.1000E+02 1.82578E-05 


0.53 2.5600E+01 4.44325E-02
0.53 2.6600E+01 4.28039E-02
0.53 2.7600E+01 4.08356E-02
0.53 2.8600E+01 3.89124E-02
0.53 2.9600E+01 3.69072E-02
0.53 3.0600E+01 3.54344E-02
0.53 3.1600E+01 3.33315E-02
0.53 3.2600E+01 3.17295E-02
0.53 3.3600E+01 3.02679E-02
0.53 3.4600E+01 2.86479E-02
0.53 4.0000E+01 2.17902E-02
0.53 4.5000E+01 1.71706E-02
0.53 5.0000E+01 1.37083E-02
0.53 5.5000E+01 1.08353E-02
0.53 6.0000E+01 8.74384E-03
0.53 6.5000E+01 7.28483E-03
0.53 7.0000E+01 6.08375E-03
0.53 7.5000E+01 5.20930E-03
0.53 8.0000E+01 4.43519E-03
0.53 8.5000E+01 3.71657E-03
0.53 1.0000E+02 2.44098E-03
0.53 1.1000E+02 1.87461E-03
0.53 1.2000E+02 1.52064E-03
0.53 1.3000E+02 1.20340E-03
0.53 1.4000E+02 1.00046E-03
0.53 1.5000E+02 8.16548E-04
0.53 1.6000E+02 6.75806E-04
0.53 1.7000E+02 5.83383E-04
0.53 1.8000E+02 4.80407E-04
0.53 1.9000E+02 4.13792E-04
0.53 2.1000E+02 3.09612E-04
0.53 2.3000E+02 2.35561E-04
0.53 2.5000E+02 1.83012E-04
0.53 2.7000E+02 1.46113E-04
0.53 2.9000E+02 1.16054E-04
0.53 3.1000E+02 9.23702E-05
0.53 3.3000E+02 7.68725E-05
0.53 3.5000E+02 6.56868E-05
0.53 3.7000E+02 5.45278E-05
0.53 3.9000E+02 4.21081E-05
0.53 4.3000E+02 3.29724E-05
0.53 4.7000E+02 2.46194E-05
0.53 5.1000E+02 1.85256E-05 


0.54 2.5600E+01 4.46009E-02
0.54 2.6600E+01 4.26164E-02
0.54 2.7600E+01 4.09954E-02
0.54 2.8600E+01 3.89934E-02
0.54 2.9600E+01 3.72449E-02
0.54 3.0600E+01 3.52275E-02
0.54 3.1600E+01 3.37614E-02
0.54 3.2600E+01 3.18758E-02
0.54 3.3600E+01 3.01264E-02
0.54 3.4600E+01 2.86716E-02
0.54 4.0000E+01 2.17549E-02
0.54 4.5000E+01 1.71517E-02
0.54 5.0000E+01 1.34825E-02
0.54 5.5000E+01 1.09578E-02
0.54 6.0000E+01 8.85712E-03
0.54 6.5000E+01 7.30320E-03
0.54 7.0000E+01 6.14007E-03
0.54 7.5000E+01 5.17635E-03
0.54 8.0000E+01 4.30704E-03
0.54 8.5000E+01 3.77756E-03
0.54 1.0000E+02 2.42998E-03
0.54 1.1000E+02 1.92112E-03
0.54 1.2000E+02 1.53308E-03
0.54 1.3000E+02 1.20721E-03
0.54 1.4000E+02 9.91809E-04
0.54 1.5000E+02 8.14533E-04
0.54 1.6000E+02 6.70860E-04
0.54 1.7000E+02 5.76540E-04
0.54 1.8000E+02 4.93112E-04
0.54 1.9000E+02 4.03894E-04
0.54 2.1000E+02 3.15059E-04
0.54 2.3000E+02 2.35983E-04
0.54 2.5000E+02 1.82429E-04
0.54 2.7000E+02 1.45314E-04
0.54 2.9000E+02 1.16990E-04
0.54 3.1000E+02 9.31949E-05
0.54 3.3000E+02 7.57561E-05
0.54 3.5000E+02 6.45739E-05
0.54 3.7000E+02 5.51215E-05
0.54 3.9000E+02 4.53049E-05
0.54 4.3000E+02 3.23714E-05
0.54 4.7000E+02 2.46723E-05
0.54 5.1000E+02 1.86338E-05 


0.55 2.5600E+01 4.45401E-02
0.55 2.6600E+01 4.28981E-02
0.55 2.7600E+01 4.08434E-02
0.55 2.8600E+01 3.90648E-02
0.55 2.9600E+01 3.70570E-02
0.55 3.0600E+01 3.52607E-02
0.55 3.1600E+01 3.33788E-02
0.55 3.2600E+01 3.19168E-02
0.55 3.3600E+01 3.03642E-02
0.55 3.4600E+01 2.88568E-02
0.55 4.0000E+01 2.18975E-02
0.55 4.5000E+01 1.70040E-02
0.55 5.0000E+01 1.35823E-02
0.55 5.5000E+01 1.09400E-02
0.55 6.0000E+01 8.95926E-03
0.55 6.5000E+01 7.39920E-03
0.55 7.0000E+01 6.12517E-03
0.55 7.5000E+01 5.09669E-03
0.55 8.0000E+01 4.39694E-03
0.55 8.5000E+01 3.78977E-03
0.55 1.0000E+02 2.46185E-03
0.55 1.1000E+02 1.92422E-03
0.55 1.2000E+02 1.46855E-03
0.55 1.3000E+02 1.21763E-03
0.55 1.4000E+02 9.79878E-04
0.55 1.5000E+02 8.22210E-04
0.55 1.6000E+02 6.78770E-04
0.55 1.7000E+02 5.66740E-04
0.55 1.8000E+02 4.94486E-04
0.55 1.9000E+02 4.15048E-04
0.55 2.1000E+02 3.14262E-04
0.55 2.3000E+02 2.32966E-04
0.55 2.5000E+02 1.82590E-04
0.55 2.7000E+02 1.44322E-04
0.55 2.9000E+02 1.17032E-04
0.55 3.1000E+02 9.43829E-05
0.55 3.3000E+02 7.58239E-05
0.55 3.5000E+02 6.33253E-05
0.55 3.7000E+02 5.46232E-05
0.55 3.9000E+02 4.63612E-05
0.55 4.3000E+02 3.05112E-05
0.55 4.7000E+02 2.45768E-05
0.55 5.1000E+02 1.87352E-05 


0.56 2.5600E+01 4.44192E-02
0.56 2.6600E+01 4.26922E-02
0.56 2.7600E+01 4.07646E-02
0.56 2.8600E+01 3.88356E-02
0.56 2.9600E+01 3.70385E-02
0.56 3.0600E+01 3.53866E-02
0.56 3.1600E+01 3.35965E-02
0.56 3.2600E+01 3.16393E-02
0.56 3.3600E+01 3.00727E-02
0.56 3.4600E+01 2.84286E-02
0.56 4.0000E+01 2.16624E-02
0.56 4.5000E+01 1.72261E-02
0.56 5.0000E+01 1.36511E-02
0.56 5.5000E+01 1.07651E-02
0.56 6.0000E+01 8.82660E-03
0.56 6.5000E+01 7.27017E-03
0.56 7.0000E+01 6.07630E-03
0.56 7.5000E+01 5.13602E-03
0.56 8.0000E+01 4.41462E-03
0.56 8.5000E+01 3.69253E-03
0.56 1.0000E+02 2.47560E-03
0.56 1.1000E+02 1.89787E-03
0.56 1.2000E+02 1.49877E-03
0.56 1.3000E+02 1.22511E-03
0.56 1.4000E+02 9.80761E-04
0.56 1.5000E+02 8.21493E-04
0.56 1.6000E+02 6.83438E-04
0.56 1.7000E+02 5.65934E-04
0.56 1.8000E+02 4.86639E-04
0.56 1.9000E+02 4.22679E-04
0.56 2.1000E+02 3.08498E-04
0.56 2.3000E+02 2.36724E-04
0.56 2.5000E+02 1.83315E-04
0.56 2.7000E+02 1.43769E-04
0.56 2.9000E+02 1.16442E-04
0.56 3.1000E+02 9.49482E-05
0.56 3.3000E+02 7.66707E-05
0.56 3.5000E+02 6.26035E-05
0.56 3.7000E+02 5.33568E-05
0.56 3.9000E+02 4.62147E-05
0.56 4.3000E+02 3.16463E-05
0.56 4.7000E+02 2.44196E-05
0.56 5.1000E+02 1.86609E-05 


0.57 2.5600E+01 4.46517E-02
0.57 2.6600E+01 4.26658E-02
0.57 2.7600E+01 4.11148E-02
0.57 2.8600E+01 3.91222E-02
0.57 2.9600E+01 3.72994E-02
0.57 3.0600E+01 3.51397E-02
0.57 3.1600E+01 3.35805E-02
0.57 3.2600E+01 3.20802E-02
0.57 3.3600E+01 3.03638E-02
0.57 3.4600E+01 2.89111E-02
0.57 4.0000E+01 2.19228E-02
0.57 4.5000E+01 1.70163E-02
0.57 5.0000E+01 1.35028E-02
0.57 5.5000E+01 1.10273E-02
0.57 6.0000E+01 8.81221E-03
0.57 6.5000E+01 7.30296E-03
0.57 7.0000E+01 6.10227E-03
0.57 7.5000E+01 5.19822E-03
0.57 8.0000E+01 4.35652E-03
0.57 8.5000E+01 3.75267E-03
0.57 1.0000E+02 2.45105E-03
0.57 1.1000E+02 1.88534E-03
0.57 1.2000E+02 1.52858E-03
0.57 1.3000E+02 1.20846E-03
0.57 1.4000E+02 9.91821E-04
0.57 1.5000E+02 8.12630E-04
0.57 1.6000E+02 6.81295E-04
0.57 1.7000E+02 5.73200E-04
0.57 1.8000E+02 4.79855E-04
0.57 1.9000E+02 4.21022E-04
0.57 2.1000E+02 3.02727E-04
0.57 2.3000E+02 2.39819E-04
0.57 2.5000E+02 1.83837E-04
0.57 2.7000E+02 1.43792E-04
0.57 2.9000E+02 1.15892E-04
0.57 3.1000E+02 9.48899E-05
0.57 3.3000E+02 7.75231E-05
0.57 3.5000E+02 6.29140E-05
0.57 3.7000E+02 5.24935E-05
0.57 3.9000E+02 4.53624E-05
0.57 4.3000E+02 3.31556E-05
0.57 4.7000E+02 2.34910E-05
0.57 5.1000E+02 1.86755E-05 


0.58 2.5600E+01 4.45216E-02
0.58 2.6600E+01 4.28626E-02
0.58 2.7600E+01 4.07154E-02
0.58 2.8600E+01 3.88713E-02
0.58 2.9600E+01 3.69099E-02
0.58 3.0600E+01 3.54547E-02
0.58 3.1600E+01 3.33460E-02
0.58 3.2600E+01 3.16700E-02
0.58 3.3600E+01 3.02114E-02
0.58 3.4600E+01 2.85981E-02
0.58 4.0000E+01 2.17762E-02
0.58 4.5000E+01 1.70737E-02
0.58 5.0000E+01 1.35554E-02
0.58 5.5000E+01 1.08872E-02
0.58 6.0000E+01 8.93821E-03
0.58 6.5000E+01 7.36287E-03
0.58 7.0000E+01 6.16877E-03
0.58 7.5000E+01 5.15542E-03
0.58 8.0000E+01 4.34400E-03
0.58 8.5000E+01 3.78358E-03
0.58 1.0000E+02 2.42963E-03
0.58 1.1000E+02 1.90573E-03
0.58 1.2000E+02 1.51774E-03
0.58 1.3000E+02 1.19566E-03
0.58 1.4000E+02 1.00114E-03
0.58 1.5000E+02 8.07377E-04
0.58 1.6000E+02 6.82793E-04
0.58 1.7000E+02 5.81465E-04
0.58 1.8000E+02 4.80495E-04
0.58 1.9000E+02 4.14399E-04
0.58 2.1000E+02 3.09679E-04
0.58 2.3000E+02 2.39001E-04
0.58 2.5000E+02 1.81661E-04
0.58 2.7000E+02 1.44458E-04
0.58 2.9000E+02 1.14993E-04
0.58 3.1000E+02 9.43964E-05
0.58 3.3000E+02 7.79289E-05
0.58 3.5000E+02 6.37140E-05
0.58 3.7000E+02 5.23531E-05
0.58 3.9000E+02 4.45097E-05
0.58 4.3000E+02 3.36397E-05
0.58 4.7000E+02 2.27726E-05
0.58 5.1000E+02 1.85417E-05 


0.59 2.5600E+01 4.44266E-02
0.59 2.6600E+01 4.27126E-02
0.59 2.7600E+01 4.09264E-02
0.59 2.8600E+01 3.89137E-02
0.59 2.9600E+01 3.72641E-02
0.59 3.0600E+01 3.52013E-02
0.59 3.1600E+01 3.38079E-02
0.59 3.2600E+01 3.18928E-02
0.59 3.3600E+01 3.00773E-02
0.59 3.4600E+01 2.86955E-02
0.59 4.0000E+01 2.17094E-02
0.59 4.5000E+01 1.72011E-02
0.59 5.0000E+01 1.37061E-02
0.59 5.5000E+01 1.08353E-02
0.59 6.0000E+01 8.91633E-03
0.59 6.5000E+01 7.31520E-03
0.59 7.0000E+01 6.06827E-03
0.59 7.5000E+01 5.08847E-03
0.59 8.0000E+01 4.39291E-03
0.59 8.5000E+01 3.74136E-03
0.59 1.0000E+02 2.44615E-03
0.59 1.1000E+02 1.92506E-03
0.59 1.2000E+02 1.49504E-03
0.59 1.3000E+02 1.21089E-03
0.59 1.4000E+02 9.97863E-04
0.59 1.5000E+02 8.13954E-04
0.59 1.6000E+02 6.80366E-04
0.59 1.7000E+02 5.72887E-04
0.59 1.8000E+02 4.87050E-04
0.59 1.9000E+02 4.09946E-04
0.59 2.1000E+02 3.13944E-04
0.59 2.3000E+02 2.31619E-04
0.59 2.5000E+02 1.84403E-04
0.59 2.7000E+02 1.45249E-04
0.59 2.9000E+02 1.14966E-04
0.59 3.1000E+02 9.36945E-05
0.59 3.3000E+02 7.78738E-05
0.59 3.5000E+02 6.43195E-05
0.59 3.7000E+02 5.28456E-05
0.59 3.9000E+02 4.40530E-05
0.59 4.3000E+02 3.36032E-05
0.59 4.7000E+02 2.42816E-05
0.59 5.1000E+02 1.81991E-05 


0.60 2.5600E+01 4.45523E-02
0.60 2.6600E+01 4.25675E-02
0.60 2.7600E+01 4.09677E-02
0.60 2.8600E+01 3.91486E-02
0.60 2.9600E+01 3.70893E-02
0.60 3.0600E+01 3.52178E-02
0.60 3.1600E+01 3.33440E-02
0.60 3.2600E+01 3.19238E-02
0.60 3.3600E+01 3.03983E-02
0.60 3.4600E+01 2.88400E-02
0.60 4.0000E+01 2.19961E-02
0.60 4.5000E+01 1.70019E-02
0.60 5.0000E+01 1.34373E-02
0.60 5.5000E+01 1.09635E-02
0.60 6.0000E+01 8.69571E-03
0.60 6.5000E+01 7.28596E-03
0.60 7.0000E+01 6.08016E-03
0.60 7.5000E+01 5.15832E-03
0.60 8.0000E+01 4.40775E-03
0.60 8.5000E+01 3.71751E-03
0.60 1.0000E+02 2.48293E-03
0.60 1.1000E+02 1.90717E-03
0.60 1.2000E+02 1.49606E-03
0.60 1.3000E+02 1.22238E-03
0.60 1.4000E+02 9.66267E-04
0.60 1.5000E+02 8.24481E-04
0.60 1.6000E+02 6.76063E-04
0.60 1.7000E+02 5.71185E-04
0.60 1.8000E+02 4.92730E-04
0.60 1.9000E+02 4.11707E-04
0.60 2.1000E+02 3.13532E-04
0.60 2.3000E+02 2.32946E-04
0.60 2.5000E+02 1.85817E-04
0.60 2.7000E+02 1.45453E-04
0.60 2.9000E+02 1.15491E-04
0.60 3.1000E+02 9.31641E-05
0.60 3.3000E+02 7.76603E-05
0.60 3.5000E+02 6.46112E-05
0.60 3.7000E+02 5.34301E-05
0.60 3.9000E+02 4.42945E-05
0.60 4.3000E+02 3.28525E-05
0.60 4.7000E+02 2.48925E-05
0.60 5.1000E+02 1.69830E-05 


0.61 2.5600E+01 4.47019E-02
0.61 2.6600E+01 4.29500E-02
0.61 2.7600E+01 4.07142E-02
0.61 2.8600E+01 3.88559E-02
0.61 2.9600E+01 3.69523E-02
0.61 3.0600E+01 3.54977E-02
0.61 3.1600E+01 3.35619E-02
0.61 3.2600E+01 3.16426E-02
0.61 3.3600E+01 3.00422E-02
0.61 3.4600E+01 2.85203E-02
0.61 4.0000E+01 2.16192E-02
0.61 4.5000E+01 1.71404E-02
0.61 5.0000E+01 1.36322E-02
0.61 5.5000E+01 1.09207E-02
0.61 6.0000E+01 8.97770E-03
0.61 6.5000E+01 7.33646E-03
0.61 7.0000E+01 6.14460E-03
0.61 7.5000E+01 5.21396E-03
0.61 8.0000E+01 4.35533E-03
0.61 8.5000E+01 3.74960E-03
0.61 1.0000E+02 2.45566E-03
0.61 1.1000E+02 1.88929E-03
0.61 1.2000E+02 1.51122E-03
0.61 1.3000E+02 1.21912E-03
0.61 1.4000E+02 9.85676E-04
0.61 1.5000E+02 8.29310E-04
0.61 1.6000E+02 6.76965E-04
0.61 1.7000E+02 5.71872E-04
0.61 1.8000E+02 4.88257E-04
0.61 1.9000E+02 4.16923E-04
0.61 2.1000E+02 3.10306E-04
0.61 2.3000E+02 2.37022E-04
0.61 2.5000E+02 1.84113E-04
0.61 2.7000E+02 1.44191E-04
0.61 2.9000E+02 1.16232E-04
0.61 3.1000E+02 9.29444E-05
0.61 3.3000E+02 7.67333E-05
0.61 3.5000E+02 6.44380E-05
0.61 3.7000E+02 5.38572E-05
0.61 3.9000E+02 4.48923E-05
0.61 4.3000E+02 3.22285E-05
0.61 4.7000E+02 2.49221E-05
0.61 5.1000E+02 1.81335E-05 


0.62 2.5600E+01 4.43775E-02
0.62 2.6600E+01 4.26713E-02
0.62 2.7600E+01 4.08925E-02
0.62 2.8600E+01 3.89404E-02
0.62 2.9600E+01 3.74066E-02
0.62 3.0600E+01 3.50726E-02
0.62 3.1600E+01 3.36413E-02
0.62 3.2600E+01 3.20862E-02
0.62 3.3600E+01 3.03357E-02
0.62 3.4600E+01 2.88887E-02
0.62 4.0000E+01 2.18565E-02
0.62 4.5000E+01 1.71756E-02
0.62 5.0000E+01 1.36316E-02
0.62 5.5000E+01 1.08265E-02
0.62 6.0000E+01 8.88905E-03
0.62 6.5000E+01 7.35370E-03
0.62 7.0000E+01 6.11352E-03
0.62 7.5000E+01 5.08056E-03
0.62 8.0000E+01 4.33433E-03
0.62 8.5000E+01 3.77619E-03
0.62 1.0000E+02 2.42039E-03
0.62 1.1000E+02 1.89288E-03
0.62 1.2000E+02 1.51777E-03
0.62 1.3000E+02 1.20377E-03
0.62 1.4000E+02 9.99552E-04
0.62 1.5000E+02 8.02351E-04
0.62 1.6000E+02 6.84022E-04
0.62 1.7000E+02 5.71501E-04
0.62 1.8000E+02 4.82294E-04
0.62 1.9000E+02 4.21264E-04
0.62 2.1000E+02 3.06958E-04
0.62 2.3000E+02 2.38451E-04
0.62 2.5000E+02 1.80453E-04
0.62 2.7000E+02 1.45940E-04
0.62 2.9000E+02 1.16719E-04
0.62 3.1000E+02 9.35163E-05
0.62 3.3000E+02 7.63709E-05
0.62 3.5000E+02 6.39855E-05
0.62 3.7000E+02 5.40695E-05
0.62 3.9000E+02 4.51824E-05
0.62 4.3000E+02 3.20113E-05
0.62 4.7000E+02 2.44119E-05
0.62 5.1000E+02 1.87079E-05 


0.63 2.5600E+01 4.44766E-02
0.63 2.6600E+01 4.26323E-02
0.63 2.7600E+01 4.09646E-02
0.63 2.8600E+01 3.91741E-02
0.63 2.9600E+01 3.69329E-02
0.63 3.0600E+01 3.54052E-02
0.63 3.1600E+01 3.33535E-02
0.63 3.2600E+01 3.17428E-02
0.63 3.3600E+01 3.02895E-02
0.63 3.4600E+01 2.86951E-02
0.63 4.0000E+01 2.18838E-02
0.63 4.5000E+01 1.69712E-02
0.63 5.0000E+01 1.34883E-02
0.63 5.5000E+01 1.09263E-02
0.63 6.0000E+01 8.78608E-03
0.63 6.5000E+01 7.28733E-03
0.63 7.0000E+01 6.08046E-03
0.63 7.5000E+01 5.13207E-03
0.63 8.0000E+01 4.43652E-03
0.63 8.5000E+01 3.74903E-03
0.63 1.0000E+02 2.45630E-03
0.63 1.1000E+02 1.91288E-03
0.63 1.2000E+02 1.50996E-03
0.63 1.3000E+02 1.20217E-03
0.63 1.4000E+02 9.94817E-04
0.63 1.5000E+02 8.03053E-04
0.63 1.6000E+02 6.91433E-04
0.63 1.7000E+02 5.71168E-04
0.63 1.8000E+02 4.83435E-04
0.63 1.9000E+02 4.19605E-04
0.63 2.1000E+02 3.06409E-04
0.63 2.3000E+02 2.38072E-04
0.63 2.5000E+02 1.82628E-04
0.63 2.7000E+02 1.45961E-04
0.63 2.9000E+02 1.15446E-04
0.63 3.1000E+02 9.41724E-05
0.63 3.3000E+02 7.62808E-05
0.63 3.5000E+02 6.34942E-05
0.63 3.7000E+02 5.37891E-05
0.63 3.9000E+02 4.54226E-05
0.63 4.3000E+02 3.21190E-05
0.63 4.7000E+02 2.42652E-05
0.63 5.1000E+02 1.90801E-05 


0.64 2.5600E+01 4.46341E-02
0.64 2.6600E+01 4.28416E-02
0.64 2.7600E+01 4.06896E-02
0.64 2.8600E+01 3.87753E-02
0.64 2.9600E+01 3.70926E-02
0.64 3.0600E+01 3.53503E-02
0.64 3.1600E+01 3.36013E-02
0.64 3.2600E+01 3.17610E-02
0.64 3.3600E+01 3.00331E-02
0.64 3.4600E+01 2.85777E-02
0.64 4.0000E+01 2.16758E-02
0.64 4.5000E+01 1.71506E-02
0.64 5.0000E+01 1.35850E-02
0.64 5.5000E+01 1.09945E-02
0.64 6.0000E+01 8.88928E-03
0.64 6.5000E+01 7.30968E-03
0.64 7.0000E+01 6.11306E-03
0.64 7.5000E+01 5.19988E-03
0.64 8.0000E+01 4.39009E-03
0.64 8.5000E+01 3.70977E-03
0.64 1.0000E+02 2.47627E-03
0.64 1.1000E+02 1.93411E-03
0.64 1.2000E+02 1.50287E-03
0.64 1.3000E+02 1.21458E-03
0.64 1.4000E+02 9.85779E-04
0.64 1.5000E+02 8.20325E-04
0.64 1.6000E+02 6.76666E-04
0.64 1.7000E+02 5.74232E-04
0.64 1.8000E+02 4.85626E-04
0.64 1.9000E+02 4.11156E-04
0.64 2.1000E+02 3.08680E-04
0.64 2.3000E+02 2.36331E-04
0.64 2.5000E+02 1.84213E-04
0.64 2.7000E+02 1.42499E-04
0.64 2.9000E+02 1.16158E-04
0.64 3.1000E+02 9.46695E-05
0.64 3.3000E+02 7.66270E-05
0.64 3.5000E+02 6.31617E-05
0.64 3.7000E+02 5.34106E-05
0.64 3.9000E+02 4.54285E-05
0.64 4.3000E+02 3.24137E-05
0.64 4.7000E+02 2.39254E-05
0.64 5.1000E+02 1.89246E-05 


0.65 2.5600E+01 4.45727E-02
0.65 2.6600E+01 4.28407E-02
0.65 2.7600E+01 4.09194E-02
0.65 2.8600E+01 3.90310E-02
0.65 2.9600E+01 3.72775E-02
0.65 3.0600E+01 3.50996E-02
0.65 3.1600E+01 3.35698E-02
0.65 3.2600E+01 3.20128E-02
0.65 3.3600E+01 3.04899E-02
0.65 3.4600E+01 2.88601E-02
0.65 4.0000E+01 2.18473E-02
0.65 4.5000E+01 1.71611E-02
0.65 5.0000E+01 1.36579E-02
0.65 5.5000E+01 1.07904E-02
0.65 6.0000E+01 8.92677E-03
0.65 6.5000E+01 7.37092E-03
0.65 7.0000E+01 6.14267E-03
0.65 7.5000E+01 5.15853E-03
0.65 8.0000E+01 4.32684E-03
0.65 8.5000E+01 3.74336E-03
0.65 1.0000E+02 2.45789E-03
0.65 1.1000E+02 1.88506E-03
0.65 1.2000E+02 1.49485E-03
0.65 1.3000E+02 1.22259E-03
0.65 1.4000E+02 9.82486E-04
0.65 1.5000E+02 8.27998E-04
0.65 1.6000E+02 6.68813E-04
0.65 1.7000E+02 5.80050E-04
0.65 1.8000E+02 4.86703E-04
0.65 1.9000E+02 4.11690E-04
0.65 2.1000E+02 3.11653E-04
0.65 2.3000E+02 2.34721E-04
0.65 2.5000E+02 1.84688E-04
0.65 2.7000E+02 1.43945E-04
0.65 2.9000E+02 1.16741E-04
0.65 3.1000E+02 9.43362E-05
0.65 3.3000E+02 7.70985E-05
0.65 3.5000E+02 6.31479E-05
0.65 3.7000E+02 5.29806E-05
0.65 3.9000E+02 4.55497E-05
0.65 4.3000E+02 3.27601E-05
0.65 4.7000E+02 2.38390E-05
0.65 5.1000E+02 1.86827E-05 


