0.40 2.5600E+01 7.15458E-05
0.40 2.6600E+01 8.45014E-05
0.40 2.7600E+01 9.39805E-05
0.40 2.8600E+01 1.11546E-04
0.40 2.9600E+01 1.12072E-04
0.40 3.0600E+01 1.27151E-04
0.40 3.1600E+01 1.26244E-04
0.40 3.2600E+01 1.29046E-04
0.40 3.3600E+01 1.40117E-04
0.40 3.4600E+01 1.38148E-04
0.40 4.0000E+01 1.28528E-04
0.40 4.5000E+01 1.27950E-04
0.40 5.0000E+01 1.19365E-04
0.40 5.5000E+01 1.15100E-04
0.40 6.0000E+01 1.01845E-04
0.40 6.5000E+01 9.39633E-05
0.40 7.0000E+01 8.56160E-05
0.40 7.5000E+01 8.33605E-05
0.40 8.0000E+01 7.55064E-05
0.40 8.5000E+01 7.19994E-05
0.40 1.0000E+02 5.85627E-05
0.40 1.1000E+02 5.21767E-05
0.40 1.2000E+02 4.51741E-05
0.40 1.3000E+02 4.08571E-05
0.40 1.4000E+02 3.79627E-05
0.40 1.5000E+02 3.43907E-05
0.40 1.6000E+02 3.02463E-05
0.40 1.7000E+02 2.82776E-05
0.40 1.8000E+02 2.54986E-05
0.40 1.9000E+02 2.37530E-05
0.40 2.1000E+02 2.10439E-05
0.40 2.3000E+02 1.70653E-05
0.40 2.5000E+02 1.54075E-05
0.40 2.7000E+02 1.38927E-05
0.40 2.9000E+02 1.19351E-05
0.40 3.1000E+02 1.09334E-05
0.40 3.3000E+02 9.69974E-06
0.40 3.5000E+02 8.78077E-06
0.40 3.7000E+02 7.68131E-06
0.40 3.9000E+02 7.32209E-06
0.40 4.3000E+02 6.18639E-06
0.40 4.7000E+02 5.33791E-06
0.40 5.1000E+02 4.61872E-06 


0.41 2.5600E+01 6.46848E-05
0.41 2.6600E+01 9.72953E-05
0.41 2.7600E+01 1.00887E-04
0.41 2.8600E+01 1.13755E-04
0.41 2.9600E+01 1.13795E-04
0.41 3.0600E+01 1.29688E-04
0.41 3.1600E+01 1.25435E-04
0.41 3.2600E+01 1.31771E-04
0.41 3.3600E+01 1.27638E-04
0.41 3.4600E+01 1.30609E-04
0.41 4.0000E+01 1.32662E-04
0.41 4.5000E+01 1.27676E-04
0.41 5.0000E+01 1.15159E-04
0.41 5.5000E+01 1.12077E-04
0.41 6.0000E+01 1.10884E-04
0.41 6.5000E+01 9.53781E-05
0.41 7.0000E+01 8.96723E-05
0.41 7.5000E+01 8.19890E-05
0.41 8.0000E+01 7.76662E-05
0.41 8.5000E+01 7.15356E-05
0.41 1.0000E+02 5.86479E-05
0.41 1.1000E+02 5.26514E-05
0.41 1.2000E+02 4.58690E-05
0.41 1.3000E+02 4.20594E-05
0.41 1.4000E+02 4.02487E-05
0.41 1.5000E+02 3.40667E-05
0.41 1.6000E+02 3.10440E-05
0.41 1.7000E+02 2.76770E-05
0.41 1.8000E+02 2.55091E-05
0.41 1.9000E+02 2.44530E-05
0.41 2.1000E+02 2.18749E-05
0.41 2.3000E+02 1.67243E-05
0.41 2.5000E+02 1.49308E-05
0.41 2.7000E+02 1.12284E-05
0.41 2.9000E+02 1.21580E-05
0.41 3.1000E+02 1.07901E-05
0.41 3.3000E+02 9.72656E-06
0.41 3.5000E+02 8.80750E-06
0.41 3.7000E+02 7.99263E-06
0.41 3.9000E+02 7.30376E-06
0.41 4.3000E+02 6.17500E-06
0.41 4.7000E+02 5.30273E-06
0.41 5.1000E+02 4.59687E-06 


0.42 2.5600E+01 7.42018E-05
0.42 2.6600E+01 7.31421E-05
0.42 2.7600E+01 1.08612E-04
0.42 2.8600E+01 1.09529E-04
0.42 2.9600E+01 1.10180E-04
0.42 3.0600E+01 1.23705E-04
0.42 3.1600E+01 1.31121E-04
0.42 3.2600E+01 1.37405E-04
0.42 3.3600E+01 1.33089E-04
0.42 3.4600E+01 1.15884E-04
0.42 4.0000E+01 1.27807E-04
0.42 4.5000E+01 1.32024E-04
0.42 5.0000E+01 1.07870E-04
0.42 5.5000E+01 1.09171E-04
0.42 6.0000E+01 1.03533E-04
0.42 6.5000E+01 9.87222E-05
0.42 7.0000E+01 8.81089E-05
0.42 7.5000E+01 8.26788E-05
0.42 8.0000E+01 7.90448E-05
0.42 8.5000E+01 7.11231E-05
0.42 1.0000E+02 5.87711E-05
0.42 1.1000E+02 5.10136E-05
0.42 1.2000E+02 4.70309E-05
0.42 1.3000E+02 4.18530E-05
0.42 1.4000E+02 3.75681E-05
0.42 1.5000E+02 3.52831E-05
0.42 1.6000E+02 3.12810E-05
0.42 1.7000E+02 2.87370E-05
0.42 1.8000E+02 2.60251E-05
0.42 1.9000E+02 2.37092E-05
0.42 2.1000E+02 2.03863E-05
0.42 2.3000E+02 1.82180E-05
0.42 2.5000E+02 1.53757E-05
0.42 2.7000E+02 1.37460E-05
0.42 2.9000E+02 1.22110E-05
0.42 3.1000E+02 1.08802E-05
0.42 3.3000E+02 9.73935E-06
0.42 3.5000E+02 8.87709E-06
0.42 3.7000E+02 8.05240E-06
0.42 3.9000E+02 7.21688E-06
0.42 4.3000E+02 6.20226E-06
0.42 4.7000E+02 5.30092E-06
0.42 5.1000E+02 4.58340E-06 


0.43 2.5600E+01 5.41969E-05
0.43 2.6600E+01 9.27682E-05
0.43 2.7600E+01 9.93559E-05
0.43 2.8600E+01 1.10786E-04
0.43 2.9600E+01 1.20154E-04
0.43 3.0600E+01 1.26487E-04
0.43 3.1600E+01 1.05855E-04
0.43 3.2600E+01 1.25021E-04
0.43 3.3600E+01 1.44177E-04
0.43 3.4600E+01 1.30564E-04
0.43 4.0000E+01 1.42438E-04
0.43 4.5000E+01 1.44034E-04
0.43 5.0000E+01 1.14812E-04
0.43 5.5000E+01 1.12090E-04
0.43 6.0000E+01 1.04067E-04
0.43 6.5000E+01 9.20741E-05
0.43 7.0000E+01 8.90448E-05
0.43 7.5000E+01 8.49262E-05
0.43 8.0000E+01 7.59402E-05
0.43 8.5000E+01 7.16100E-05
0.43 1.0000E+02 6.04553E-05
0.43 1.1000E+02 5.19105E-05
0.43 1.2000E+02 4.74645E-05
0.43 1.3000E+02 4.24826E-05
0.43 1.4000E+02 3.79008E-05
0.43 1.5000E+02 3.45045E-05
0.43 1.6000E+02 3.10167E-05
0.43 1.7000E+02 2.84372E-05
0.43 1.8000E+02 2.60531E-05
0.43 1.9000E+02 2.37137E-05
0.43 2.1000E+02 2.01795E-05
0.43 2.3000E+02 1.75116E-05
0.43 2.5000E+02 1.49658E-05
0.43 2.7000E+02 1.37932E-05
0.43 2.9000E+02 1.21598E-05
0.43 3.1000E+02 1.09654E-05
0.43 3.3000E+02 9.74911E-06
0.43 3.5000E+02 8.85625E-06
0.43 3.7000E+02 8.07305E-06
0.43 3.9000E+02 7.36708E-06
0.43 4.3000E+02 6.42681E-06
0.43 4.7000E+02 5.37357E-06
0.43 5.1000E+02 4.63040E-06 


0.44 2.5600E+01 7.40000E-05
0.44 2.6600E+01 7.94898E-05
0.44 2.7600E+01 1.15193E-04
0.44 2.8600E+01 1.15760E-04
0.44 2.9600E+01 1.24454E-04
0.44 3.0600E+01 1.22617E-04
0.44 3.1600E+01 1.38275E-04
0.44 3.2600E+01 1.34392E-04
0.44 3.3600E+01 1.38576E-04
0.44 3.4600E+01 1.67288E-04
0.44 4.0000E+01 1.37160E-04
0.44 4.5000E+01 1.25688E-04
0.44 5.0000E+01 1.16971E-04
0.44 5.5000E+01 1.11917E-04
0.44 6.0000E+01 1.03739E-04
0.44 6.5000E+01 9.48387E-05
0.44 7.0000E+01 9.09065E-05
0.44 7.5000E+01 8.32378E-05
0.44 8.0000E+01 7.91911E-05
0.44 8.5000E+01 7.29163E-05
0.44 1.0000E+02 5.99678E-05
0.44 1.1000E+02 5.20808E-05
0.44 1.2000E+02 4.75604E-05
0.44 1.3000E+02 4.17454E-05
0.44 1.4000E+02 3.83053E-05
0.44 1.5000E+02 3.43666E-05
0.44 1.6000E+02 3.11022E-05
0.44 1.7000E+02 2.85603E-05
0.44 1.8000E+02 2.64567E-05
0.44 1.9000E+02 2.41344E-05
0.44 2.1000E+02 2.04261E-05
0.44 2.3000E+02 1.64339E-05
0.44 2.5000E+02 1.55888E-05
0.44 2.7000E+02 1.37028E-05
0.44 2.9000E+02 1.22486E-05
0.44 3.1000E+02 9.48522E-06
0.44 3.3000E+02 9.84246E-06
0.44 3.5000E+02 8.81332E-06
0.44 3.7000E+02 8.08569E-06
0.44 3.9000E+02 7.42055E-06
0.44 4.3000E+02 6.20590E-06
0.44 4.7000E+02 5.36372E-06
0.44 5.1000E+02 4.68346E-06 


0.45 2.5600E+01 6.93218E-05
0.45 2.6600E+01 9.12981E-05
0.45 2.7600E+01 9.95968E-05
0.45 2.8600E+01 1.11561E-04
0.45 2.9600E+01 1.23967E-04
0.45 3.0600E+01 1.32656E-04
0.45 3.1600E+01 1.36486E-04
0.45 3.2600E+01 1.34963E-04
0.45 3.3600E+01 1.29577E-04
0.45 3.4600E+01 1.29177E-04
0.45 4.0000E+01 1.35386E-04
0.45 4.5000E+01 1.28518E-04
0.45 5.0000E+01 1.20318E-04
0.45 5.5000E+01 1.11579E-04
0.45 6.0000E+01 1.05741E-04
0.45 6.5000E+01 9.72806E-05
0.45 7.0000E+01 9.07171E-05
0.45 7.5000E+01 8.37394E-05
0.45 8.0000E+01 7.86188E-05
0.45 8.5000E+01 7.33618E-05
0.45 1.0000E+02 5.98665E-05
0.45 1.1000E+02 5.33879E-05
0.45 1.2000E+02 4.68939E-05
0.45 1.3000E+02 4.30908E-05
0.45 1.4000E+02 3.89701E-05
0.45 1.5000E+02 3.48977E-05
0.45 1.6000E+02 3.14890E-05
0.45 1.7000E+02 2.74225E-05
0.45 1.8000E+02 2.63948E-05
0.45 1.9000E+02 2.42855E-05
0.45 2.1000E+02 2.07977E-05
0.45 2.3000E+02 1.80900E-05
0.45 2.5000E+02 1.59328E-05
0.45 2.7000E+02 1.56023E-05
0.45 2.9000E+02 1.22976E-05
0.45 3.1000E+02 1.09368E-05
0.45 3.3000E+02 1.00128E-05
0.45 3.5000E+02 8.95364E-06
0.45 3.7000E+02 8.05018E-06
0.45 3.9000E+02 7.49915E-06
0.45 4.3000E+02 6.32311E-06
0.45 4.7000E+02 5.40361E-06
0.45 5.1000E+02 4.70258E-06 


0.46 2.5600E+01 8.36399E-05
0.46 2.6600E+01 8.50134E-05
0.46 2.7600E+01 1.08619E-04
0.46 2.8600E+01 1.17437E-04
0.46 2.9600E+01 1.27472E-04
0.46 3.0600E+01 1.21719E-04
0.46 3.1600E+01 1.32250E-04
0.46 3.2600E+01 1.33469E-04
0.46 3.3600E+01 1.41071E-04
0.46 3.4600E+01 1.44078E-04
0.46 4.0000E+01 1.32629E-04
0.46 4.5000E+01 1.35398E-04
0.46 5.0000E+01 1.25658E-04
0.46 5.5000E+01 1.15002E-04
0.46 6.0000E+01 1.09826E-04
0.46 6.5000E+01 9.99394E-05
0.46 7.0000E+01 9.03110E-05
0.46 7.5000E+01 8.60467E-05
0.46 8.0000E+01 7.88492E-05
0.46 8.5000E+01 7.45057E-05
0.46 1.0000E+02 6.03114E-05
0.46 1.1000E+02 5.41630E-05
0.46 1.2000E+02 4.76646E-05
0.46 1.3000E+02 4.33345E-05
0.46 1.4000E+02 4.65387E-05
0.46 1.5000E+02 3.67853E-05
0.46 1.6000E+02 3.20521E-05
0.46 1.7000E+02 2.86916E-05
0.46 1.8000E+02 2.65451E-05
0.46 1.9000E+02 2.46822E-05
0.46 2.1000E+02 2.10484E-05
0.46 2.3000E+02 1.81632E-05
0.46 2.5000E+02 1.92163E-05
0.46 2.7000E+02 1.38902E-05
0.46 2.9000E+02 1.23379E-05
0.46 3.1000E+02 1.20237E-05
0.46 3.3000E+02 1.01074E-05
0.46 3.5000E+02 9.16033E-06
0.46 3.7000E+02 8.32489E-06
0.46 3.9000E+02 7.59588E-06
0.46 4.3000E+02 6.41064E-06
0.46 4.7000E+02 5.44589E-06
0.46 5.1000E+02 4.71829E-06 


0.47 2.5600E+01 5.20351E-05
0.47 2.6600E+01 9.00624E-05
0.47 2.7600E+01 9.61577E-05
0.47 2.8600E+01 1.24114E-04
0.47 2.9600E+01 1.19955E-04
0.47 3.0600E+01 1.32685E-04
0.47 3.1600E+01 1.32132E-04
0.47 3.2600E+01 1.40221E-04
0.47 3.3600E+01 1.38988E-04
0.47 3.4600E+01 1.37635E-04
0.47 4.0000E+01 1.41134E-04
0.47 4.5000E+01 1.27792E-04
0.47 5.0000E+01 1.24655E-04
0.47 5.5000E+01 1.13168E-04
0.47 6.0000E+01 1.07779E-04
0.47 6.5000E+01 1.06164E-04
0.47 7.0000E+01 9.15879E-05
0.47 7.5000E+01 8.72231E-05
0.47 8.0000E+01 8.05345E-05
0.47 8.5000E+01 7.52446E-05
0.47 1.0000E+02 6.16622E-05
0.47 1.1000E+02 5.47067E-05
0.47 1.2000E+02 4.88927E-05
0.47 1.3000E+02 4.33126E-05
0.47 1.4000E+02 3.94548E-05
0.47 1.5000E+02 3.50760E-05
0.47 1.6000E+02 3.27900E-05
0.47 1.7000E+02 2.93665E-05
0.47 1.8000E+02 2.76404E-05
0.47 1.9000E+02 2.47474E-05
0.47 2.1000E+02 2.08073E-05
0.47 2.3000E+02 1.85450E-05
0.47 2.5000E+02 1.60482E-05
0.47 2.7000E+02 1.42984E-05
0.47 2.9000E+02 1.27218E-05
0.47 3.1000E+02 1.15409E-05
0.47 3.3000E+02 1.04232E-05
0.47 3.5000E+02 9.37278E-06
0.47 3.7000E+02 8.45430E-06
0.47 3.9000E+02 7.71191E-06
0.47 4.3000E+02 6.49541E-06
0.47 4.7000E+02 5.74067E-06
0.47 5.1000E+02 4.79926E-06 


0.48 2.5600E+01 5.16259E-05
0.48 2.6600E+01 1.00529E-04
0.48 2.7600E+01 1.44376E-04
0.48 2.8600E+01 1.03372E-04
0.48 2.9600E+01 1.38361E-04
0.48 3.0600E+01 1.31798E-04
0.48 3.1600E+01 1.48160E-04
0.48 3.2600E+01 1.44484E-04
0.48 3.3600E+01 1.37345E-04
0.48 3.4600E+01 1.48342E-04
0.48 4.0000E+01 1.48134E-04
0.48 4.5000E+01 1.24909E-04
0.48 5.0000E+01 1.25463E-04
0.48 5.5000E+01 1.13384E-04
0.48 6.0000E+01 1.11278E-04
0.48 6.5000E+01 1.03946E-04
0.48 7.0000E+01 9.54106E-05
0.48 7.5000E+01 8.71007E-05
0.48 8.0000E+01 8.30566E-05
0.48 8.5000E+01 7.60257E-05
0.48 1.0000E+02 6.36253E-05
0.48 1.1000E+02 5.51873E-05
0.48 1.2000E+02 5.22505E-05
0.48 1.3000E+02 4.43334E-05
0.48 1.4000E+02 4.01956E-05
0.48 1.5000E+02 3.78403E-05
0.48 1.6000E+02 4.53175E-05
0.48 1.7000E+02 3.04595E-05
0.48 1.8000E+02 2.87487E-05
0.48 1.9000E+02 2.54868E-05
0.48 2.1000E+02 2.12968E-05
0.48 2.3000E+02 1.89453E-05
0.48 2.5000E+02 1.65009E-05
0.48 2.7000E+02 1.45665E-05
0.48 2.9000E+02 1.27717E-05
0.48 3.1000E+02 1.15778E-05
0.48 3.3000E+02 1.02396E-05
0.48 3.5000E+02 9.42036E-06
0.48 3.7000E+02 8.60434E-06
0.48 3.9000E+02 7.87550E-06
0.48 4.3000E+02 6.59595E-06
0.48 4.7000E+02 5.65162E-06
0.48 5.1000E+02 4.90040E-06 


0.49 2.5600E+01 7.82861E-05
0.49 2.6600E+01 9.64046E-05
0.49 2.7600E+01 1.00906E-04
0.49 2.8600E+01 1.26836E-04
0.49 2.9600E+01 1.28347E-04
0.49 3.0600E+01 1.34596E-04
0.49 3.1600E+01 1.28418E-04
0.49 3.2600E+01 1.38065E-04
0.49 3.3600E+01 1.43604E-04
0.49 3.4600E+01 1.49925E-04
0.49 4.0000E+01 1.41429E-04
0.49 4.5000E+01 1.40231E-04
0.49 5.0000E+01 1.28934E-04
0.49 5.5000E+01 1.22232E-04
0.49 6.0000E+01 1.16538E-04
0.49 6.5000E+01 1.04359E-04
0.49 7.0000E+01 9.71877E-05
0.49 7.5000E+01 8.79174E-05
0.49 8.0000E+01 8.42962E-05
0.49 8.5000E+01 7.82233E-05
0.49 1.0000E+02 6.52030E-05
0.49 1.1000E+02 5.65581E-05
0.49 1.2000E+02 5.04669E-05
0.49 1.3000E+02 4.55703E-05
0.49 1.4000E+02 4.05617E-05
0.49 1.5000E+02 3.58517E-05
0.49 1.6000E+02 3.40238E-05
0.49 1.7000E+02 3.08893E-05
0.49 1.8000E+02 2.84114E-05
0.49 1.9000E+02 2.60940E-05
0.49 2.1000E+02 2.21124E-05
0.49 2.3000E+02 2.00533E-05
0.49 2.5000E+02 1.64799E-05
0.49 2.7000E+02 1.48920E-05
0.49 2.9000E+02 1.38634E-05
0.49 3.1000E+02 1.24548E-05
0.49 3.3000E+02 1.06256E-05
0.49 3.5000E+02 9.38359E-06
0.49 3.7000E+02 8.77382E-06
0.49 3.9000E+02 9.91807E-06
0.49 4.3000E+02 6.79512E-06
0.49 4.7000E+02 5.81215E-06
0.49 5.1000E+02 4.24145E-06 


0.50 2.5600E+01 7.25285E-05
0.50 2.6600E+01 8.80422E-05
0.50 2.7600E+01 1.19946E-04
0.50 2.8600E+01 1.28445E-04
0.50 2.9600E+01 1.41355E-04
0.50 3.0600E+01 1.29591E-04
0.50 3.1600E+01 1.48858E-04
0.50 3.2600E+01 1.57118E-04
0.50 3.3600E+01 1.58598E-04
0.50 3.4600E+01 1.42403E-04
0.50 4.0000E+01 1.53762E-04
0.50 4.5000E+01 1.36601E-04
0.50 5.0000E+01 1.36687E-04
0.50 5.5000E+01 1.30250E-04
0.50 6.0000E+01 1.15746E-04
0.50 6.5000E+01 1.06481E-04
0.50 7.0000E+01 9.95038E-05
0.50 7.5000E+01 9.25166E-05
0.50 8.0000E+01 8.49842E-05
0.50 8.5000E+01 8.14323E-05
0.50 1.0000E+02 6.61135E-05
0.50 1.1000E+02 5.87520E-05
0.50 1.2000E+02 5.16363E-05
0.50 1.3000E+02 4.70114E-05
0.50 1.4000E+02 4.19012E-05
0.50 1.5000E+02 3.90051E-05
0.50 1.6000E+02 3.46150E-05
0.50 1.7000E+02 3.19485E-05
0.50 1.8000E+02 2.92170E-05
0.50 1.9000E+02 2.67854E-05
0.50 2.1000E+02 2.30188E-05
0.50 2.3000E+02 1.95369E-05
0.50 2.5000E+02 1.72351E-05
0.50 2.7000E+02 1.53586E-05
0.50 2.9000E+02 1.33383E-05
0.50 3.1000E+02 1.12310E-05
0.50 3.3000E+02 1.09346E-05
0.50 3.5000E+02 9.77557E-06
0.50 3.7000E+02 8.98478E-06
0.50 3.9000E+02 8.26229E-06
0.50 4.3000E+02 6.97686E-06
0.50 4.7000E+02 5.95838E-06
0.50 5.1000E+02 5.26378E-06 


0.51 2.5600E+01 7.66449E-05
0.51 2.6600E+01 1.30228E-04
0.51 2.7600E+01 1.26260E-04
0.51 2.8600E+01 1.21713E-04
0.51 2.9600E+01 1.47590E-04
0.51 3.0600E+01 1.63118E-04
0.51 3.1600E+01 1.50142E-04
0.51 3.2600E+01 1.67835E-04
0.51 3.3600E+01 1.41795E-04
0.51 3.4600E+01 1.60597E-04
0.51 4.0000E+01 1.52006E-04
0.51 4.5000E+01 1.44528E-04
0.51 5.0000E+01 1.38426E-04
0.51 5.5000E+01 1.26327E-04
0.51 6.0000E+01 1.12264E-04
0.51 6.5000E+01 1.12349E-04
0.51 7.0000E+01 1.02582E-04
0.51 7.5000E+01 9.95920E-05
0.51 8.0000E+01 8.68746E-05
0.51 8.5000E+01 8.30646E-05
0.51 1.0000E+02 6.80215E-05
0.51 1.1000E+02 6.10379E-05
0.51 1.2000E+02 5.31583E-05
0.51 1.3000E+02 4.81232E-05
0.51 1.4000E+02 4.33775E-05
0.51 1.5000E+02 3.89269E-05
0.51 1.6000E+02 3.46394E-05
0.51 1.7000E+02 3.23816E-05
0.51 1.8000E+02 2.99208E-05
0.51 1.9000E+02 2.76081E-05
0.51 2.1000E+02 2.33524E-05
0.51 2.3000E+02 2.03672E-05
0.51 2.5000E+02 1.79360E-05
0.51 2.7000E+02 1.58394E-05
0.51 2.9000E+02 1.40030E-05
0.51 3.1000E+02 1.24586E-05
0.51 3.3000E+02 1.00695E-05
0.51 3.5000E+02 1.02014E-05
0.51 3.7000E+02 9.26511E-06
0.51 3.9000E+02 8.43536E-06
0.51 4.3000E+02 7.18525E-06
0.51 4.7000E+02 6.13627E-06
0.51 5.1000E+02 5.25892E-06 


0.52 2.5600E+01 9.46845E-05
0.52 2.6600E+01 9.98083E-05
0.52 2.7600E+01 1.05017E-04
0.52 2.8600E+01 1.37838E-04
0.52 2.9600E+01 1.34307E-04
0.52 3.0600E+01 1.39899E-04
0.52 3.1600E+01 1.48717E-04
0.52 3.2600E+01 1.59093E-04
0.52 3.3600E+01 1.62499E-04
0.52 3.4600E+01 1.62561E-04
0.52 4.0000E+01 1.54332E-04
0.52 4.5000E+01 1.49889E-04
0.52 5.0000E+01 1.23962E-04
0.52 5.5000E+01 1.30112E-04
0.52 6.0000E+01 1.30390E-04
0.52 6.5000E+01 1.15784E-04
0.52 7.0000E+01 1.04984E-04
0.52 7.5000E+01 9.90732E-05
0.52 8.0000E+01 9.06731E-05
0.52 8.5000E+01 8.39631E-05
0.52 1.0000E+02 6.99411E-05
0.52 1.1000E+02 6.61479E-05
0.52 1.2000E+02 5.52850E-05
0.52 1.3000E+02 4.95383E-05
0.52 1.4000E+02 4.50992E-05
0.52 1.5000E+02 4.04705E-05
0.52 1.6000E+02 3.70987E-05
0.52 1.7000E+02 3.35866E-05
0.52 1.8000E+02 3.09733E-05
0.52 1.9000E+02 2.88893E-05
0.52 2.1000E+02 2.46087E-05
0.52 2.3000E+02 2.08790E-05
0.52 2.5000E+02 1.80355E-05
0.52 2.7000E+02 1.59131E-05
0.52 2.9000E+02 1.43321E-05
0.52 3.1000E+02 1.28566E-05
0.52 3.3000E+02 1.18304E-05
0.52 3.5000E+02 1.05510E-05
0.52 3.7000E+02 9.21952E-06
0.52 3.9000E+02 8.74520E-06
0.52 4.3000E+02 7.42191E-06
0.52 4.7000E+02 6.36282E-06
0.52 5.1000E+02 5.48438E-06 


0.53 2.5600E+01 9.09766E-05
0.53 2.6600E+01 9.95787E-05
0.53 2.7600E+01 1.24991E-04
0.53 2.8600E+01 1.62293E-04
0.53 2.9600E+01 1.53822E-04
0.53 3.0600E+01 1.50528E-04
0.53 3.1600E+01 1.46430E-04
0.53 3.2600E+01 1.68399E-04
0.53 3.3600E+01 1.85815E-04
0.53 3.4600E+01 1.59752E-04
0.53 4.0000E+01 1.56770E-04
0.53 4.5000E+01 1.66161E-04
0.53 5.0000E+01 1.51654E-04
0.53 5.5000E+01 1.37274E-04
0.53 6.0000E+01 1.30336E-04
0.53 6.5000E+01 1.14644E-04
0.53 7.0000E+01 1.10417E-04
0.53 7.5000E+01 1.01712E-04
0.53 8.0000E+01 1.00487E-04
0.53 8.5000E+01 8.64546E-05
0.53 1.0000E+02 7.25284E-05
0.53 1.1000E+02 6.44895E-05
0.53 1.2000E+02 5.79207E-05
0.53 1.3000E+02 5.08376E-05
0.53 1.4000E+02 4.64349E-05
0.53 1.5000E+02 4.20434E-05
0.53 1.6000E+02 3.81509E-05
0.53 1.7000E+02 3.50620E-05
0.53 1.8000E+02 3.18770E-05
0.53 1.9000E+02 2.98493E-05
0.53 2.1000E+02 2.53744E-05
0.53 2.3000E+02 2.15713E-05
0.53 2.5000E+02 1.87554E-05
0.53 2.7000E+02 1.64666E-05
0.53 2.9000E+02 1.50147E-05
0.53 3.1000E+02 1.34254E-05
0.53 3.3000E+02 1.20475E-05
0.53 3.5000E+02 1.08797E-05
0.53 3.7000E+02 9.63220E-06
0.53 3.9000E+02 8.97801E-06
0.53 4.3000E+02 7.67309E-06
0.53 4.7000E+02 6.60287E-06
0.53 5.1000E+02 5.70688E-06 


0.54 2.5600E+01 6.74568E-05
0.54 2.6600E+01 1.40892E-04
0.54 2.7600E+01 1.38124E-04
0.54 2.8600E+01 1.21320E-04
0.54 2.9600E+01 1.54750E-04
0.54 3.0600E+01 1.79040E-04
0.54 3.1600E+01 1.89866E-04
0.54 3.2600E+01 1.77374E-04
0.54 3.3600E+01 1.43648E-04
0.54 3.4600E+01 1.72312E-04
0.54 4.0000E+01 1.95828E-04
0.54 4.5000E+01 1.57676E-04
0.54 5.0000E+01 1.55697E-04
0.54 5.5000E+01 1.46741E-04
0.54 6.0000E+01 1.32298E-04
0.54 6.5000E+01 1.16262E-04
0.54 7.0000E+01 1.16899E-04
0.54 7.5000E+01 1.05293E-04
0.54 8.0000E+01 9.99725E-05
0.54 8.5000E+01 9.14950E-05
0.54 1.0000E+02 7.61702E-05
0.54 1.1000E+02 6.68344E-05
0.54 1.2000E+02 6.10924E-05
0.54 1.3000E+02 5.30999E-05
0.54 1.4000E+02 4.79291E-05
0.54 1.5000E+02 4.38359E-05
0.54 1.6000E+02 4.39615E-05
0.54 1.7000E+02 3.66352E-05
0.54 1.8000E+02 3.33242E-05
0.54 1.9000E+02 3.05424E-05
0.54 2.1000E+02 2.64386E-05
0.54 2.3000E+02 2.24913E-05
0.54 2.5000E+02 1.98113E-05
0.54 2.7000E+02 1.75649E-05
0.54 2.9000E+02 1.56729E-05
0.54 3.1000E+02 1.39863E-05
0.54 3.3000E+02 1.26460E-05
0.54 3.5000E+02 1.09833E-05
0.54 3.7000E+02 1.03090E-05
0.54 3.9000E+02 9.36663E-06
0.54 4.3000E+02 7.97601E-06
0.54 4.7000E+02 6.81700E-06
0.54 5.1000E+02 5.92639E-06 


0.55 2.5600E+01 9.73824E-05
0.55 2.6600E+01 9.51851E-05
0.55 2.7600E+01 1.28639E-04
0.55 2.8600E+01 1.58108E-04
0.55 2.9600E+01 1.41966E-04
0.55 3.0600E+01 1.55823E-04
0.55 3.1600E+01 1.68079E-04
0.55 3.2600E+01 1.64286E-04
0.55 3.3600E+01 1.85086E-04
0.55 3.4600E+01 2.02998E-04
0.55 4.0000E+01 1.75379E-04
0.55 4.5000E+01 1.58481E-04
0.55 5.0000E+01 1.55808E-04
0.55 5.5000E+01 1.48773E-04
0.55 6.0000E+01 1.39331E-04
0.55 6.5000E+01 1.33671E-04
0.55 7.0000E+01 1.19743E-04
0.55 7.5000E+01 1.10386E-04
0.55 8.0000E+01 1.02246E-04
0.55 8.5000E+01 1.01638E-04
0.55 1.0000E+02 7.98223E-05
0.55 1.1000E+02 6.94219E-05
0.55 1.2000E+02 6.31889E-05
0.55 1.3000E+02 5.59825E-05
0.55 1.4000E+02 4.96176E-05
0.55 1.5000E+02 4.55153E-05
0.55 1.6000E+02 3.99807E-05
0.55 1.7000E+02 3.78141E-05
0.55 1.8000E+02 3.49064E-05
0.55 1.9000E+02 3.28180E-05
0.55 2.1000E+02 2.75854E-05
0.55 2.3000E+02 2.37939E-05
0.55 2.5000E+02 2.05318E-05
0.55 2.7000E+02 1.82475E-05
0.55 2.9000E+02 1.61873E-05
0.55 3.1000E+02 1.46107E-05
0.55 3.3000E+02 1.30903E-05
0.55 3.5000E+02 1.18618E-05
0.55 3.7000E+02 1.04651E-05
0.55 3.9000E+02 9.93067E-06
0.55 4.3000E+02 8.39455E-06
0.55 4.7000E+02 7.11988E-06
0.55 5.1000E+02 6.17414E-06 


0.56 2.5600E+01 1.44749E-04
0.56 2.6600E+01 1.14566E-04
0.56 2.7600E+01 1.13854E-04
0.56 2.8600E+01 1.78159E-04
0.56 2.9600E+01 1.54305E-04
0.56 3.0600E+01 1.69093E-04
0.56 3.1600E+01 1.75560E-04
0.56 3.2600E+01 1.79985E-04
0.56 3.3600E+01 1.94805E-04
0.56 3.4600E+01 1.57284E-04
0.56 4.0000E+01 1.76042E-04
0.56 4.5000E+01 1.84204E-04
0.56 5.0000E+01 1.62056E-04
0.56 5.5000E+01 1.34485E-04
0.56 6.0000E+01 1.44960E-04
0.56 6.5000E+01 1.37930E-04
0.56 7.0000E+01 1.19346E-04
0.56 7.5000E+01 1.17468E-04
0.56 8.0000E+01 1.06231E-04
0.56 8.5000E+01 1.01596E-04
0.56 1.0000E+02 8.25830E-05
0.56 1.1000E+02 7.25959E-05
0.56 1.2000E+02 6.44502E-05
0.56 1.3000E+02 5.92683E-05
0.56 1.4000E+02 5.19038E-05
0.56 1.5000E+02 4.71198E-05
0.56 1.6000E+02 4.30122E-05
0.56 1.7000E+02 3.95428E-05
0.56 1.8000E+02 3.96526E-05
0.56 1.9000E+02 3.31832E-05
0.56 2.1000E+02 2.84650E-05
0.56 2.3000E+02 2.49604E-05
0.56 2.5000E+02 2.15471E-05
0.56 2.7000E+02 1.89527E-05
0.56 2.9000E+02 1.69507E-05
0.56 3.1000E+02 1.51598E-05
0.56 3.3000E+02 1.37343E-05
0.56 3.5000E+02 1.23903E-05
0.56 3.7000E+02 1.11984E-05
0.56 3.9000E+02 1.02334E-05
0.56 4.3000E+02 8.58445E-06
0.56 4.7000E+02 7.43377E-06
0.56 5.1000E+02 6.45674E-06 


0.57 2.5600E+01 7.15494E-05
0.57 2.6600E+01 1.54787E-04
0.57 2.7600E+01 2.10435E-04
0.57 2.8600E+01 1.36428E-04
0.57 2.9600E+01 2.23936E-04
0.57 3.0600E+01 1.92764E-04
0.57 3.1600E+01 2.10801E-04
0.57 3.2600E+01 2.16711E-04
0.57 3.3600E+01 1.86395E-04
0.57 3.4600E+01 1.92103E-04
0.57 4.0000E+01 2.03396E-04
0.57 4.5000E+01 1.87637E-04
0.57 5.0000E+01 1.73406E-04
0.57 5.5000E+01 1.61995E-04
0.57 6.0000E+01 1.53950E-04
0.57 6.5000E+01 1.39056E-04
0.57 7.0000E+01 1.21969E-04
0.57 7.5000E+01 1.22698E-04
0.57 8.0000E+01 1.11830E-04
0.57 8.5000E+01 1.03963E-04
0.57 1.0000E+02 8.46360E-05
0.57 1.1000E+02 7.65687E-05
0.57 1.2000E+02 6.74732E-05
0.57 1.3000E+02 6.32080E-05
0.57 1.4000E+02 5.47767E-05
0.57 1.5000E+02 4.89226E-05
0.57 1.6000E+02 4.49658E-05
0.57 1.7000E+02 4.14325E-05
0.57 1.8000E+02 3.78599E-05
0.57 1.9000E+02 3.46684E-05
0.57 2.1000E+02 2.94388E-05
0.57 2.3000E+02 2.60575E-05
0.57 2.5000E+02 2.25193E-05
0.57 2.7000E+02 1.81618E-05
0.57 2.9000E+02 1.72891E-05
0.57 3.1000E+02 1.56450E-05
0.57 3.3000E+02 1.40863E-05
0.57 3.5000E+02 1.27638E-05
0.57 3.7000E+02 1.17381E-05
0.57 3.9000E+02 1.06959E-05
0.57 4.3000E+02 8.99434E-06
0.57 4.7000E+02 7.79395E-06
0.57 5.1000E+02 6.76679E-06 


0.58 2.5600E+01 8.80626E-05
0.58 2.6600E+01 1.38344E-04
0.58 2.7600E+01 1.61384E-04
0.58 2.8600E+01 1.70390E-04
0.58 2.9600E+01 1.54831E-04
0.58 3.0600E+01 1.87517E-04
0.58 3.1600E+01 2.03102E-04
0.58 3.2600E+01 1.82936E-04
0.58 3.3600E+01 1.83787E-04
0.58 3.4600E+01 2.18784E-04
0.58 4.0000E+01 2.11427E-04
0.58 4.5000E+01 1.85049E-04
0.58 5.0000E+01 1.92152E-04
0.58 5.5000E+01 1.74144E-04
0.58 6.0000E+01 1.64585E-04
0.58 6.5000E+01 1.43853E-04
0.58 7.0000E+01 1.44020E-04
0.58 7.5000E+01 1.24558E-04
0.58 8.0000E+01 1.19031E-04
0.58 8.5000E+01 1.08207E-04
0.58 1.0000E+02 8.72478E-05
0.58 1.1000E+02 8.04680E-05
0.58 1.2000E+02 7.04638E-05
0.58 1.3000E+02 6.33235E-05
0.58 1.4000E+02 5.80133E-05
0.58 1.5000E+02 5.12774E-05
0.58 1.6000E+02 4.67435E-05
0.58 1.7000E+02 4.31482E-05
0.58 1.8000E+02 3.99095E-05
0.58 1.9000E+02 3.63722E-05
0.58 2.1000E+02 3.09111E-05
0.58 2.3000E+02 2.73365E-05
0.58 2.5000E+02 2.37587E-05
0.58 2.7000E+02 2.05578E-05
0.58 2.9000E+02 1.83515E-05
0.58 3.1000E+02 1.65422E-05
0.58 3.3000E+02 1.49371E-05
0.58 3.5000E+02 1.34251E-05
0.58 3.7000E+02 1.22871E-05
0.58 3.9000E+02 1.11727E-05
0.58 4.3000E+02 9.43170E-06
0.58 4.7000E+02 8.01879E-06
0.58 5.1000E+02 6.94471E-06 


0.59 2.5600E+01 1.51880E-04
0.59 2.6600E+01 1.13681E-04
0.59 2.7600E+01 1.33687E-04
0.59 2.8600E+01 1.99812E-04
0.59 2.9600E+01 1.84297E-04
0.59 3.0600E+01 1.76933E-04
0.59 3.1600E+01 1.68596E-04
0.59 3.2600E+01 2.09301E-04
0.59 3.3600E+01 2.56305E-04
0.59 3.4600E+01 2.09950E-04
0.59 4.0000E+01 1.97337E-04
0.59 4.5000E+01 1.92537E-04
0.59 5.0000E+01 1.97850E-04
0.59 5.5000E+01 1.73478E-04
0.59 6.0000E+01 1.66622E-04
0.59 6.5000E+01 1.51559E-04
0.59 7.0000E+01 1.45808E-04
0.59 7.5000E+01 1.24886E-04
0.59 8.0000E+01 1.25306E-04
0.59 8.5000E+01 1.13793E-04
0.59 1.0000E+02 9.16642E-05
0.59 1.1000E+02 8.34073E-05
0.59 1.2000E+02 7.40380E-05
0.59 1.3000E+02 6.59804E-05
0.59 1.4000E+02 6.22570E-05
0.59 1.5000E+02 5.41733E-05
0.59 1.6000E+02 4.83381E-05
0.59 1.7000E+02 4.47136E-05
0.59 1.8000E+02 4.14781E-05
0.59 1.9000E+02 3.82022E-05
0.59 2.1000E+02 3.30971E-05
0.59 2.3000E+02 2.82605E-05
0.59 2.5000E+02 2.49064E-05
0.59 2.7000E+02 2.17191E-05
0.59 2.9000E+02 1.91844E-05
0.59 3.1000E+02 1.71302E-05
0.59 3.3000E+02 1.55129E-05
0.59 3.5000E+02 1.41116E-05
0.59 3.7000E+02 1.28253E-05
0.59 3.9000E+02 1.15778E-05
0.59 4.3000E+02 9.88079E-06
0.59 4.7000E+02 8.41611E-06
0.59 5.1000E+02 7.32543E-06 


0.60 2.5600E+01 1.83960E-04
0.60 2.6600E+01 1.10716E-04
0.60 2.7600E+01 1.88601E-04
0.60 2.8600E+01 1.83491E-04
0.60 2.9600E+01 2.33115E-04
0.60 3.0600E+01 2.11670E-04
0.60 3.1600E+01 2.37902E-04
0.60 3.2600E+01 2.49083E-04
0.60 3.3600E+01 2.31802E-04
0.60 3.4600E+01 2.06089E-04
0.60 4.0000E+01 1.96014E-04
0.60 4.5000E+01 2.18170E-04
0.60 5.0000E+01 1.78345E-04
0.60 5.5000E+01 1.78806E-04
0.60 6.0000E+01 1.50597E-04
0.60 6.5000E+01 1.62544E-04
0.60 7.0000E+01 1.49049E-04
0.60 7.5000E+01 1.31818E-04
0.60 8.0000E+01 1.28231E-04
0.60 8.5000E+01 1.21086E-04
0.60 1.0000E+02 9.99951E-05
0.60 1.1000E+02 8.58376E-05
0.60 1.2000E+02 7.80384E-05
0.60 1.3000E+02 6.87942E-05
0.60 1.4000E+02 6.29321E-05
0.60 1.5000E+02 5.73617E-05
0.60 1.6000E+02 5.10524E-05
0.60 1.7000E+02 4.65455E-05
0.60 1.8000E+02 4.31820E-05
0.60 1.9000E+02 3.98294E-05
0.60 2.1000E+02 3.40241E-05
0.60 2.3000E+02 2.91509E-05
0.60 2.5000E+02 2.61513E-05
0.60 2.7000E+02 2.28433E-05
0.60 2.9000E+02 2.00328E-05
0.60 3.1000E+02 1.79625E-05
0.60 3.3000E+02 1.69473E-05
0.60 3.5000E+02 1.45636E-05
0.60 3.7000E+02 1.36849E-05
0.60 3.9000E+02 1.23146E-05
0.60 4.3000E+02 1.03383E-05
0.60 4.7000E+02 8.81260E-06
0.60 5.1000E+02 7.62271E-06 


0.61 2.5600E+01 7.65571E-05
0.61 2.6600E+01 1.83859E-04
0.61 2.7600E+01 2.38786E-04
0.61 2.8600E+01 1.63520E-04
0.61 2.9600E+01 2.23844E-04
0.61 3.0600E+01 2.68628E-04
0.61 3.1600E+01 2.29581E-04
0.61 3.2600E+01 2.41654E-04
0.61 3.3600E+01 2.05195E-04
0.61 3.4600E+01 2.32249E-04
0.61 4.0000E+01 2.56061E-04
0.61 4.5000E+01 2.42196E-04
0.61 5.0000E+01 2.09524E-04
0.61 5.5000E+01 1.90332E-04
0.61 6.0000E+01 1.89239E-04
0.61 6.5000E+01 1.72788E-04
0.61 7.0000E+01 1.53127E-04
0.61 7.5000E+01 1.53685E-04
0.61 8.0000E+01 1.29457E-04
0.61 8.5000E+01 1.27879E-04
0.61 1.0000E+02 1.07820E-04
0.61 1.1000E+02 8.84555E-05
0.61 1.2000E+02 8.18170E-05
0.61 1.3000E+02 7.22967E-05
0.61 1.4000E+02 6.47041E-05
0.61 1.5000E+02 6.12072E-05
0.61 1.6000E+02 5.39455E-05
0.61 1.7000E+02 4.85840E-05
0.61 1.8000E+02 4.49296E-05
0.61 1.9000E+02 4.17366E-05
0.61 2.1000E+02 3.62823E-05
0.61 2.3000E+02 2.94712E-05
0.61 2.5000E+02 2.73845E-05
0.61 2.7000E+02 2.40723E-05
0.61 2.9000E+02 2.11133E-05
0.61 3.1000E+02 1.89293E-05
0.61 3.3000E+02 1.68700E-05
0.61 3.5000E+02 1.53644E-05
0.61 3.7000E+02 1.40230E-05
0.61 3.9000E+02 1.28150E-05
0.61 4.3000E+02 1.08276E-05
0.61 4.7000E+02 9.23004E-06
0.61 5.1000E+02 7.95031E-06 


0.62 2.5600E+01 1.11075E-04
0.62 2.6600E+01 1.59601E-04
0.62 2.7600E+01 1.57191E-04
0.62 2.8600E+01 2.00807E-04
0.62 2.9600E+01 1.17967E-04
0.62 3.0600E+01 1.92482E-04
0.62 3.1600E+01 2.12570E-04
0.62 3.2600E+01 1.79564E-04
0.62 3.3600E+01 2.53624E-04
0.62 3.4600E+01 2.90205E-04
0.62 4.0000E+01 2.45260E-04
0.62 4.5000E+01 2.17857E-04
0.62 5.0000E+01 2.25930E-04
0.62 5.5000E+01 2.07650E-04
0.62 6.0000E+01 1.99752E-04
0.62 6.5000E+01 1.77316E-04
0.62 7.0000E+01 1.61397E-04
0.62 7.5000E+01 1.53668E-04
0.62 8.0000E+01 1.30893E-04
0.62 8.5000E+01 1.31945E-04
0.62 1.0000E+02 1.07764E-04
0.62 1.1000E+02 9.26287E-05
0.62 1.2000E+02 8.48933E-05
0.62 1.3000E+02 7.61159E-05
0.62 1.4000E+02 6.78845E-05
0.62 1.5000E+02 6.29055E-05
0.62 1.6000E+02 5.75586E-05
0.62 1.7000E+02 5.09460E-05
0.62 1.8000E+02 4.67854E-05
0.62 1.9000E+02 4.33855E-05
0.62 2.1000E+02 3.72497E-05
0.62 2.3000E+02 3.21701E-05
0.62 2.5000E+02 2.78495E-05
0.62 2.7000E+02 2.51857E-05
0.62 2.9000E+02 2.21926E-05
0.62 3.1000E+02 1.96670E-05
0.62 3.3000E+02 1.77303E-05
0.62 3.5000E+02 1.61109E-05
0.62 3.7000E+02 1.42983E-05
0.62 3.9000E+02 1.33878E-05
0.62 4.3000E+02 1.13283E-05
0.62 4.7000E+02 9.84588E-06
0.62 5.1000E+02 8.31679E-06 


0.63 2.5600E+01 1.96894E-04
0.63 2.6600E+01 1.29425E-04
0.63 2.7600E+01 1.71611E-04
0.63 2.8600E+01 2.85152E-04
0.63 2.9600E+01 2.55240E-04
0.63 3.0600E+01 2.29911E-04
0.63 3.1600E+01 2.20260E-04
0.63 3.2600E+01 2.77719E-04
0.63 3.3600E+01 2.90521E-04
0.63 3.4600E+01 2.39192E-04
0.63 4.0000E+01 2.39944E-04
0.63 4.5000E+01 2.28792E-04
0.63 5.0000E+01 2.22198E-04
0.63 5.5000E+01 2.30618E-04
0.63 6.0000E+01 1.95075E-04
0.63 6.5000E+01 1.63699E-04
0.63 7.0000E+01 1.72327E-04
0.63 7.5000E+01 1.55209E-04
0.63 8.0000E+01 1.53914E-04
0.63 8.5000E+01 1.33486E-04
0.63 1.0000E+02 1.10877E-04
0.63 1.1000E+02 9.88770E-05
0.63 1.2000E+02 8.73330E-05
0.63 1.3000E+02 8.00566E-05
0.63 1.4000E+02 7.11254E-05
0.63 1.5000E+02 6.41520E-05
0.63 1.6000E+02 6.08145E-05
0.63 1.7000E+02 5.38392E-05
0.63 1.8000E+02 4.82769E-05
0.63 1.9000E+02 4.51923E-05
0.63 2.1000E+02 3.90393E-05
0.63 2.3000E+02 3.36393E-05
0.63 2.5000E+02 2.91606E-05
0.63 2.7000E+02 2.64012E-05
0.63 2.9000E+02 2.33342E-05
0.63 3.1000E+02 2.06426E-05
0.63 3.3000E+02 1.84530E-05
0.63 3.5000E+02 1.66862E-05
0.63 3.7000E+02 1.52419E-05
0.63 3.9000E+02 1.39618E-05
0.63 4.3000E+02 1.18113E-05
0.63 4.7000E+02 1.01157E-05
0.63 5.1000E+02 8.63534E-06 


0.64 2.5600E+01 1.73523E-04
0.64 2.6600E+01 1.48793E-04
0.64 2.7600E+01 2.45084E-04
0.64 2.8600E+01 1.93646E-04
0.64 2.9600E+01 2.56740E-04
0.64 3.0600E+01 2.92824E-04
0.64 3.1600E+01 3.27575E-04
0.64 3.2600E+01 2.72662E-04
0.64 3.3600E+01 2.59950E-04
0.64 3.4600E+01 2.50372E-04
0.64 4.0000E+01 2.60775E-04
0.64 4.5000E+01 2.62734E-04
0.64 5.0000E+01 2.21898E-04
0.64 5.5000E+01 2.03253E-04
0.64 6.0000E+01 1.99641E-04
0.64 6.5000E+01 1.87159E-04
0.64 7.0000E+01 1.83802E-04
0.64 7.5000E+01 1.62018E-04
0.64 8.0000E+01 1.61080E-04
0.64 8.5000E+01 1.34588E-04
0.64 1.0000E+02 1.16093E-04
0.64 1.1000E+02 1.10653E-04
0.64 1.2000E+02 8.98775E-05
0.64 1.3000E+02 8.33465E-05
0.64 1.4000E+02 7.46404E-05
0.64 1.5000E+02 6.69396E-05
0.64 1.6000E+02 6.27934E-05
0.64 1.7000E+02 5.69733E-05
0.64 1.8000E+02 5.11380E-05
0.64 1.9000E+02 4.68697E-05
0.64 2.1000E+02 4.07427E-05
0.64 2.3000E+02 3.51134E-05
0.64 2.5000E+02 3.05966E-05
0.64 2.7000E+02 2.68801E-05
0.64 2.9000E+02 2.44284E-05
0.64 3.1000E+02 2.16687E-05
0.64 3.3000E+02 1.93477E-05
0.64 3.5000E+02 1.74365E-05
0.64 3.7000E+02 1.58768E-05
0.64 3.9000E+02 1.45509E-05
0.64 4.3000E+02 1.23469E-05
0.64 4.7000E+02 1.05467E-05
0.64 5.1000E+02 9.14245E-06 


0.65 2.5600E+01 1.10067E-04
0.65 2.6600E+01 2.66699E-04
0.65 2.7600E+01 2.22775E-04
0.65 2.8600E+01 2.01858E-04
0.65 2.9600E+01 2.26839E-04
0.65 3.0600E+01 2.84673E-04
0.65 3.1600E+01 2.72230E-04
0.65 3.2600E+01 2.50183E-04
0.65 3.3600E+01 2.21097E-04
0.65 3.4600E+01 3.09365E-04
0.65 4.0000E+01 3.05031E-04
0.65 4.5000E+01 2.76373E-04
0.65 5.0000E+01 2.36710E-04
0.65 5.5000E+01 2.10345E-04
0.65 6.0000E+01 2.15494E-04
0.65 6.5000E+01 2.09857E-04
0.65 7.0000E+01 1.89288E-04
0.65 7.5000E+01 1.71370E-04
0.65 8.0000E+01 1.60563E-04
0.65 8.5000E+01 1.43919E-04
0.65 1.0000E+02 1.22202E-04
0.65 1.1000E+02 1.10597E-04
0.65 1.2000E+02 9.39595E-05
0.65 1.3000E+02 8.62906E-05
0.65 1.4000E+02 7.83609E-05
0.65 1.5000E+02 6.99886E-05
0.65 1.6000E+02 6.36639E-05
0.65 1.7000E+02 6.02620E-05
0.65 1.8000E+02 5.39514E-05
0.65 1.9000E+02 4.88899E-05
0.65 2.1000E+02 4.23347E-05
0.65 2.3000E+02 3.67804E-05
0.65 2.5000E+02 3.19445E-05
0.65 2.7000E+02 2.79906E-05
0.65 2.9000E+02 2.55134E-05
0.65 3.1000E+02 2.28068E-05
0.65 3.3000E+02 2.03245E-05
0.65 3.5000E+02 1.82540E-05
0.65 3.7000E+02 1.65623E-05
0.65 3.9000E+02 1.49408E-05
0.65 4.3000E+02 1.28545E-05
0.65 4.7000E+02 1.10083E-05
0.65 5.1000E+02 9.50692E-06 


