0.40 2.5600E+01 1.11964E-04
0.40 2.6600E+01 1.35312E-04
0.40 2.7600E+01 1.52277E-04
0.40 2.8600E+01 1.63808E-04
0.40 2.9600E+01 1.79969E-04
0.40 3.0600E+01 1.92583E-04
0.40 3.1600E+01 1.96834E-04
0.40 3.2600E+01 1.99526E-04
0.40 3.3600E+01 2.01522E-04
0.40 3.4600E+01 2.04822E-04
0.40 4.0000E+01 1.96492E-04
0.40 4.5000E+01 1.85765E-04
0.40 5.0000E+01 1.80330E-04
0.40 5.5000E+01 1.64997E-04
0.40 6.0000E+01 1.55318E-04
0.40 6.5000E+01 1.45340E-04
0.40 7.0000E+01 1.30404E-04
0.40 7.5000E+01 1.25322E-04
0.40 8.0000E+01 1.14722E-04
0.40 8.5000E+01 1.08537E-04
0.40 1.0000E+02 8.91766E-05
0.40 1.1000E+02 7.71068E-05
0.40 1.2000E+02 7.02787E-05
0.40 1.3000E+02 6.24624E-05
0.40 1.4000E+02 5.59592E-05
0.40 1.5000E+02 5.10603E-05
0.40 1.6000E+02 4.66988E-05
0.40 1.7000E+02 4.21360E-05
0.40 1.8000E+02 3.88170E-05
0.40 1.9000E+02 3.56364E-05
0.40 2.1000E+02 3.05862E-05
0.40 2.3000E+02 2.64006E-05
0.40 2.5000E+02 2.31989E-05
0.40 2.7000E+02 2.01938E-05
0.40 2.9000E+02 1.82060E-05
0.40 3.1000E+02 1.60010E-05
0.40 3.3000E+02 1.45950E-05
0.40 3.5000E+02 1.31975E-05
0.40 3.7000E+02 1.24162E-05
0.40 3.9000E+02 1.09766E-05
0.40 4.3000E+02 9.27640E-06
0.40 4.7000E+02 7.98791E-06
0.40 5.1000E+02 6.85209E-06 


0.41 2.5600E+01 1.03913E-04
0.41 2.6600E+01 1.37797E-04
0.41 2.7600E+01 1.56713E-04
0.41 2.8600E+01 1.75361E-04
0.41 2.9600E+01 1.79007E-04
0.41 3.0600E+01 1.90214E-04
0.41 3.1600E+01 1.86326E-04
0.41 3.2600E+01 2.00076E-04
0.41 3.3600E+01 1.99082E-04
0.41 3.4600E+01 1.97551E-04
0.41 4.0000E+01 2.06441E-04
0.41 4.5000E+01 1.94077E-04
0.41 5.0000E+01 1.75797E-04
0.41 5.5000E+01 1.66586E-04
0.41 6.0000E+01 1.57841E-04
0.41 6.5000E+01 1.44550E-04
0.41 7.0000E+01 1.33809E-04
0.41 7.5000E+01 1.25066E-04
0.41 8.0000E+01 1.15722E-04
0.41 8.5000E+01 1.07016E-04
0.41 1.0000E+02 8.75807E-05
0.41 1.1000E+02 7.89306E-05
0.41 1.2000E+02 6.97921E-05
0.41 1.3000E+02 6.28266E-05
0.41 1.4000E+02 5.58502E-05
0.41 1.5000E+02 5.07496E-05
0.41 1.6000E+02 4.65404E-05
0.41 1.7000E+02 4.28332E-05
0.41 1.8000E+02 3.87937E-05
0.41 1.9000E+02 3.51462E-05
0.41 2.1000E+02 2.97687E-05
0.41 2.3000E+02 2.66381E-05
0.41 2.5000E+02 2.30067E-05
0.41 2.7000E+02 2.29979E-05
0.41 2.9000E+02 1.81032E-05
0.41 3.1000E+02 1.63242E-05
0.41 3.3000E+02 1.45927E-05
0.41 3.5000E+02 1.31982E-05
0.41 3.7000E+02 1.20108E-05
0.41 3.9000E+02 1.09654E-05
0.41 4.3000E+02 9.29019E-06
0.41 4.7000E+02 7.96502E-06
0.41 5.1000E+02 6.88665E-06 


0.42 2.5600E+01 1.08195E-04
0.42 2.6600E+01 1.30588E-04
0.42 2.7600E+01 1.56875E-04
0.42 2.8600E+01 1.64088E-04
0.42 2.9600E+01 1.81997E-04
0.42 3.0600E+01 1.88877E-04
0.42 3.1600E+01 1.94141E-04
0.42 3.2600E+01 2.03912E-04
0.42 3.3600E+01 2.01941E-04
0.42 3.4600E+01 2.07920E-04
0.42 4.0000E+01 1.93877E-04
0.42 4.5000E+01 1.86497E-04
0.42 5.0000E+01 1.78092E-04
0.42 5.5000E+01 1.62377E-04
0.42 6.0000E+01 1.53625E-04
0.42 6.5000E+01 1.45042E-04
0.42 7.0000E+01 1.33078E-04
0.42 7.5000E+01 1.23328E-04
0.42 8.0000E+01 1.15924E-04
0.42 8.5000E+01 1.06866E-04
0.42 1.0000E+02 8.81488E-05
0.42 1.1000E+02 7.89658E-05
0.42 1.2000E+02 6.88037E-05
0.42 1.3000E+02 6.27042E-05
0.42 1.4000E+02 5.63800E-05
0.42 1.5000E+02 5.05514E-05
0.42 1.6000E+02 4.62721E-05
0.42 1.7000E+02 4.24775E-05
0.42 1.8000E+02 3.89665E-05
0.42 1.9000E+02 3.55949E-05
0.42 2.1000E+02 3.05618E-05
0.42 2.3000E+02 2.66345E-05
0.42 2.5000E+02 2.32424E-05
0.42 2.7000E+02 2.07088E-05
0.42 2.9000E+02 1.81567E-05
0.42 3.1000E+02 1.62507E-05
0.42 3.3000E+02 1.46533E-05
0.42 3.5000E+02 1.31744E-05
0.42 3.7000E+02 1.20113E-05
0.42 3.9000E+02 1.11420E-05
0.42 4.3000E+02 9.27493E-06
0.42 4.7000E+02 7.98960E-06
0.42 5.1000E+02 6.88808E-06 


0.43 2.5600E+01 9.82278E-05
0.43 2.6600E+01 1.37763E-04
0.43 2.7600E+01 1.56478E-04
0.43 2.8600E+01 1.71265E-04
0.43 2.9600E+01 1.75467E-04
0.43 3.0600E+01 1.91457E-04
0.43 3.1600E+01 1.95355E-04
0.43 3.2600E+01 1.96118E-04
0.43 3.3600E+01 1.96472E-04
0.43 3.4600E+01 2.02982E-04
0.43 4.0000E+01 2.03570E-04
0.43 4.5000E+01 1.87958E-04
0.43 5.0000E+01 1.78871E-04
0.43 5.5000E+01 1.67699E-04
0.43 6.0000E+01 1.59104E-04
0.43 6.5000E+01 1.44269E-04
0.43 7.0000E+01 1.31913E-04
0.43 7.5000E+01 1.25101E-04
0.43 8.0000E+01 1.15157E-04
0.43 8.5000E+01 1.08213E-04
0.43 1.0000E+02 8.89655E-05
0.43 1.1000E+02 7.78469E-05
0.43 1.2000E+02 7.00892E-05
0.43 1.3000E+02 6.23142E-05
0.43 1.4000E+02 5.66078E-05
0.43 1.5000E+02 5.07544E-05
0.43 1.6000E+02 4.62087E-05
0.43 1.7000E+02 4.23724E-05
0.43 1.8000E+02 3.90763E-05
0.43 1.9000E+02 3.59489E-05
0.43 2.1000E+02 3.03797E-05
0.43 2.3000E+02 2.68313E-05
0.43 2.5000E+02 2.27293E-05
0.43 2.7000E+02 2.04156E-05
0.43 2.9000E+02 1.81616E-05
0.43 3.1000E+02 1.62197E-05
0.43 3.3000E+02 1.45870E-05
0.43 3.5000E+02 1.32824E-05
0.43 3.7000E+02 1.20111E-05
0.43 3.9000E+02 1.09689E-05
0.43 4.3000E+02 9.56533E-06
0.43 4.7000E+02 7.96383E-06
0.43 5.1000E+02 6.88689E-06 


0.44 2.5600E+01 1.04065E-04
0.44 2.6600E+01 1.30746E-04
0.44 2.7600E+01 1.64682E-04
0.44 2.8600E+01 1.69607E-04
0.44 2.9600E+01 1.88869E-04
0.44 3.0600E+01 1.88589E-04
0.44 3.1600E+01 1.99354E-04
0.44 3.2600E+01 2.03404E-04
0.44 3.3600E+01 2.05653E-04
0.44 3.4600E+01 2.06920E-04
0.44 4.0000E+01 1.95514E-04
0.44 4.5000E+01 1.90371E-04
0.44 5.0000E+01 1.75464E-04
0.44 5.5000E+01 1.63949E-04
0.44 6.0000E+01 1.58206E-04
0.44 6.5000E+01 1.41668E-04
0.44 7.0000E+01 1.33679E-04
0.44 7.5000E+01 1.24078E-04
0.44 8.0000E+01 1.15766E-04
0.44 8.5000E+01 1.08196E-04
0.44 1.0000E+02 8.87197E-05
0.44 1.1000E+02 7.78671E-05
0.44 1.2000E+02 7.02914E-05
0.44 1.3000E+02 6.21828E-05
0.44 1.4000E+02 5.64236E-05
0.44 1.5000E+02 5.11370E-05
0.44 1.6000E+02 4.62198E-05
0.44 1.7000E+02 4.21745E-05
0.44 1.8000E+02 3.88940E-05
0.44 1.9000E+02 3.59891E-05
0.44 2.1000E+02 3.04956E-05
0.44 2.3000E+02 2.69723E-05
0.44 2.5000E+02 2.33850E-05
0.44 2.7000E+02 2.02426E-05
0.44 2.9000E+02 1.81429E-05
0.44 3.1000E+02 1.84006E-05
0.44 3.3000E+02 1.46893E-05
0.44 3.5000E+02 1.33513E-05
0.44 3.7000E+02 1.20575E-05
0.44 3.9000E+02 1.09695E-05
0.44 4.3000E+02 9.23820E-06
0.44 4.7000E+02 7.94159E-06
0.44 5.1000E+02 6.84062E-06 


0.45 2.5600E+01 1.08107E-04
0.45 2.6600E+01 1.37355E-04
0.45 2.7600E+01 1.50386E-04
0.45 2.8600E+01 1.67084E-04
0.45 2.9600E+01 1.76986E-04
0.45 3.0600E+01 1.92504E-04
0.45 3.1600E+01 1.93932E-04
0.45 3.2600E+01 1.95122E-04
0.45 3.3600E+01 1.99169E-04
0.45 3.4600E+01 2.00141E-04
0.45 4.0000E+01 2.04215E-04
0.45 4.5000E+01 1.89184E-04
0.45 5.0000E+01 1.81374E-04
0.45 5.5000E+01 1.65518E-04
0.45 6.0000E+01 1.53056E-04
0.45 6.5000E+01 1.43363E-04
0.45 7.0000E+01 1.34351E-04
0.45 7.5000E+01 1.23027E-04
0.45 8.0000E+01 1.16388E-04
0.45 8.5000E+01 1.08004E-04
0.45 1.0000E+02 8.82065E-05
0.45 1.1000E+02 7.83985E-05
0.45 1.2000E+02 6.95850E-05
0.45 1.3000E+02 6.25207E-05
0.45 1.4000E+02 5.59765E-05
0.45 1.5000E+02 5.12460E-05
0.45 1.6000E+02 4.62840E-05
0.45 1.7000E+02 4.24356E-05
0.45 1.8000E+02 3.87036E-05
0.45 1.9000E+02 3.60547E-05
0.45 2.1000E+02 3.06228E-05
0.45 2.3000E+02 2.62647E-05
0.45 2.5000E+02 2.31835E-05
0.45 2.7000E+02 1.82612E-05
0.45 2.9000E+02 1.80432E-05
0.45 3.1000E+02 1.66541E-05
0.45 3.3000E+02 1.46078E-05
0.45 3.5000E+02 1.32692E-05
0.45 3.7000E+02 1.20112E-05
0.45 3.9000E+02 1.09771E-05
0.45 4.3000E+02 9.26915E-06
0.45 4.7000E+02 7.85167E-06
0.45 5.1000E+02 6.83613E-06 


0.46 2.5600E+01 1.07387E-04
0.46 2.6600E+01 1.32252E-04
0.46 2.7600E+01 1.58162E-04
0.46 2.8600E+01 1.72457E-04
0.46 2.9600E+01 1.83920E-04
0.46 3.0600E+01 1.85279E-04
0.46 3.1600E+01 1.96172E-04
0.46 3.2600E+01 2.04018E-04
0.46 3.3600E+01 2.03762E-04
0.46 3.4600E+01 2.06795E-04
0.46 4.0000E+01 1.98764E-04
0.46 4.5000E+01 1.91327E-04
0.46 5.0000E+01 1.74311E-04
0.46 5.5000E+01 1.66566E-04
0.46 6.0000E+01 1.58988E-04
0.46 6.5000E+01 1.43928E-04
0.46 7.0000E+01 1.32470E-04
0.46 7.5000E+01 1.24415E-04
0.46 8.0000E+01 1.15025E-04
0.46 8.5000E+01 1.08407E-04
0.46 1.0000E+02 8.80440E-05
0.46 1.1000E+02 7.86610E-05
0.46 1.2000E+02 6.92032E-05
0.46 1.3000E+02 6.28124E-05
0.46 1.4000E+02 5.45423E-05
0.46 1.5000E+02 5.08193E-05
0.46 1.6000E+02 4.65365E-05
0.46 1.7000E+02 4.23698E-05
0.46 1.8000E+02 3.86991E-05
0.46 1.9000E+02 3.56180E-05
0.46 2.1000E+02 3.07972E-05
0.46 2.3000E+02 2.63765E-05
0.46 2.5000E+02 2.05333E-05
0.46 2.7000E+02 2.05362E-05
0.46 2.9000E+02 1.80736E-05
0.46 3.1000E+02 1.61350E-05
0.46 3.3000E+02 1.46085E-05
0.46 3.5000E+02 1.32281E-05
0.46 3.7000E+02 1.19750E-05
0.46 3.9000E+02 1.09980E-05
0.46 4.3000E+02 9.27013E-06
0.46 4.7000E+02 7.93535E-06
0.46 5.1000E+02 6.88458E-06 


0.47 2.5600E+01 9.98671E-05
0.47 2.6600E+01 1.35375E-04
0.47 2.7600E+01 1.51767E-04
0.47 2.8600E+01 1.67901E-04
0.47 2.9600E+01 1.75480E-04
0.47 3.0600E+01 1.94918E-04
0.47 3.1600E+01 1.93188E-04
0.47 3.2600E+01 1.92642E-04
0.47 3.3600E+01 1.98606E-04
0.47 3.4600E+01 1.99968E-04
0.47 4.0000E+01 2.00866E-04
0.47 4.5000E+01 1.87696E-04
0.47 5.0000E+01 1.78445E-04
0.47 5.5000E+01 1.64077E-04
0.47 6.0000E+01 1.54475E-04
0.47 6.5000E+01 1.42060E-04
0.47 7.0000E+01 1.32920E-04
0.47 7.5000E+01 1.24749E-04
0.47 8.0000E+01 1.14951E-04
0.47 8.5000E+01 1.08373E-04
0.47 1.0000E+02 8.87005E-05
0.47 1.1000E+02 7.83281E-05
0.47 1.2000E+02 6.97579E-05
0.47 1.3000E+02 6.22701E-05
0.47 1.4000E+02 5.68185E-05
0.47 1.5000E+02 5.07259E-05
0.47 1.6000E+02 4.65564E-05
0.47 1.7000E+02 4.24537E-05
0.47 1.8000E+02 3.88689E-05
0.47 1.9000E+02 3.56733E-05
0.47 2.1000E+02 3.10944E-05
0.47 2.3000E+02 2.64438E-05
0.47 2.5000E+02 2.31086E-05
0.47 2.7000E+02 2.04997E-05
0.47 2.9000E+02 1.82078E-05
0.47 3.1000E+02 1.58944E-05
0.47 3.3000E+02 1.44229E-05
0.47 3.5000E+02 1.31376E-05
0.47 3.7000E+02 1.20404E-05
0.47 3.9000E+02 1.09935E-05
0.47 4.3000E+02 9.29069E-06
0.47 4.7000E+02 7.78302E-06
0.47 5.1000E+02 6.87115E-06 


0.48 2.5600E+01 9.38435E-05
0.48 2.6600E+01 1.34078E-04
0.48 2.7600E+01 1.64512E-04
0.48 2.8600E+01 1.71439E-04
0.48 2.9600E+01 1.87843E-04
0.48 3.0600E+01 1.84839E-04
0.48 3.1600E+01 1.97374E-04
0.48 3.2600E+01 2.03357E-04
0.48 3.3600E+01 2.04342E-04
0.48 3.4600E+01 2.06520E-04
0.48 4.0000E+01 2.03343E-04
0.48 4.5000E+01 1.90712E-04
0.48 5.0000E+01 1.78480E-04
0.48 5.5000E+01 1.65908E-04
0.48 6.0000E+01 1.55071E-04
0.48 6.5000E+01 1.44721E-04
0.48 7.0000E+01 1.35578E-04
0.48 7.5000E+01 1.23614E-04
0.48 8.0000E+01 1.15970E-04
0.48 8.5000E+01 1.07022E-04
0.48 1.0000E+02 8.89834E-05
0.48 1.1000E+02 7.79792E-05
0.48 1.2000E+02 6.95822E-05
0.48 1.3000E+02 6.21363E-05
0.48 1.4000E+02 5.65762E-05
0.48 1.5000E+02 5.05932E-05
0.48 1.6000E+02 4.31281E-05
0.48 1.7000E+02 4.24799E-05
0.48 1.8000E+02 3.90686E-05
0.48 1.9000E+02 3.55867E-05
0.48 2.1000E+02 3.09206E-05
0.48 2.3000E+02 2.66450E-05
0.48 2.5000E+02 2.30068E-05
0.48 2.7000E+02 2.04602E-05
0.48 2.9000E+02 1.83215E-05
0.48 3.1000E+02 1.61666E-05
0.48 3.3000E+02 1.42220E-05
0.48 3.5000E+02 1.32468E-05
0.48 3.7000E+02 1.20346E-05
0.48 3.9000E+02 1.09870E-05
0.48 4.3000E+02 9.36407E-06
0.48 4.7000E+02 7.93376E-06
0.48 5.1000E+02 6.87264E-06 


0.49 2.5600E+01 1.00825E-04
0.49 2.6600E+01 1.40066E-04
0.49 2.7600E+01 1.49528E-04
0.49 2.8600E+01 1.67786E-04
0.49 2.9600E+01 1.78241E-04
0.49 3.0600E+01 1.93358E-04
0.49 3.1600E+01 1.91574E-04
0.49 3.2600E+01 1.95992E-04
0.49 3.3600E+01 1.98574E-04
0.49 3.4600E+01 1.99646E-04
0.49 4.0000E+01 2.00363E-04
0.49 4.5000E+01 1.87940E-04
0.49 5.0000E+01 1.75976E-04
0.49 5.5000E+01 1.65122E-04
0.49 6.0000E+01 1.58770E-04
0.49 6.5000E+01 1.44342E-04
0.49 7.0000E+01 1.31266E-04
0.49 7.5000E+01 1.23631E-04
0.49 8.0000E+01 1.15906E-04
0.49 8.5000E+01 1.07480E-04
0.49 1.0000E+02 8.81295E-05
0.49 1.1000E+02 7.82437E-05
0.49 1.2000E+02 6.99783E-05
0.49 1.3000E+02 6.24648E-05
0.49 1.4000E+02 5.61335E-05
0.49 1.5000E+02 5.18661E-05
0.49 1.6000E+02 4.56270E-05
0.49 1.7000E+02 4.23684E-05
0.49 1.8000E+02 3.89535E-05
0.49 1.9000E+02 3.58667E-05
0.49 2.1000E+02 3.05971E-05
0.49 2.3000E+02 2.72835E-05
0.49 2.5000E+02 2.32768E-05
0.49 2.7000E+02 2.03300E-05
0.49 2.9000E+02 1.77694E-05
0.49 3.1000E+02 1.62243E-05
0.49 3.3000E+02 1.45269E-05
0.49 3.5000E+02 1.33341E-05
0.49 3.7000E+02 1.20317E-05
0.49 3.9000E+02 1.44500E-05
0.49 4.3000E+02 9.29663E-06
0.49 4.7000E+02 7.96468E-06
0.49 5.1000E+02 7.40754E-06 


0.50 2.5600E+01 1.13026E-04
0.50 2.6600E+01 1.28666E-04
0.50 2.7600E+01 1.58230E-04
0.50 2.8600E+01 1.69792E-04
0.50 2.9600E+01 1.84654E-04
0.50 3.0600E+01 1.87447E-04
0.50 3.1600E+01 1.98830E-04
0.50 3.2600E+01 1.98778E-04
0.50 3.3600E+01 2.03868E-04
0.50 3.4600E+01 2.07837E-04
0.50 4.0000E+01 2.02817E-04
0.50 4.5000E+01 1.90196E-04
0.50 5.0000E+01 1.78686E-04
0.50 5.5000E+01 1.62196E-04
0.50 6.0000E+01 1.56327E-04
0.50 6.5000E+01 1.42343E-04
0.50 7.0000E+01 1.33199E-04
0.50 7.5000E+01 1.25286E-04
0.50 8.0000E+01 1.15286E-04
0.50 8.5000E+01 1.08398E-04
0.50 1.0000E+02 8.78575E-05
0.50 1.1000E+02 7.88538E-05
0.50 1.2000E+02 6.96260E-05
0.50 1.3000E+02 6.27937E-05
0.50 1.4000E+02 5.59919E-05
0.50 1.5000E+02 5.10194E-05
0.50 1.6000E+02 4.65997E-05
0.50 1.7000E+02 4.21560E-05
0.50 1.8000E+02 3.90270E-05
0.50 1.9000E+02 3.58985E-05
0.50 2.1000E+02 3.03344E-05
0.50 2.3000E+02 2.75522E-05
0.50 2.5000E+02 2.32499E-05
0.50 2.7000E+02 2.03478E-05
0.50 2.9000E+02 1.81987E-05
0.50 3.1000E+02 1.66726E-05
0.50 3.3000E+02 1.46529E-05
0.50 3.5000E+02 1.31705E-05
0.50 3.7000E+02 1.20319E-05
0.50 3.9000E+02 1.10021E-05
0.50 4.3000E+02 9.30034E-06
0.50 4.7000E+02 7.96354E-06
0.50 5.1000E+02 6.84048E-06 


0.51 2.5600E+01 1.09087E-04
0.51 2.6600E+01 1.40425E-04
0.51 2.7600E+01 1.53096E-04
0.51 2.8600E+01 1.73955E-04
0.51 2.9600E+01 1.76513E-04
0.51 3.0600E+01 1.90972E-04
0.51 3.1600E+01 1.90847E-04
0.51 3.2600E+01 1.97172E-04
0.51 3.3600E+01 2.07870E-04
0.51 3.4600E+01 1.99202E-04
0.51 4.0000E+01 1.97719E-04
0.51 4.5000E+01 1.92756E-04
0.51 5.0000E+01 1.78248E-04
0.51 5.5000E+01 1.67448E-04
0.51 6.0000E+01 1.53449E-04
0.51 6.5000E+01 1.44059E-04
0.51 7.0000E+01 1.35525E-04
0.51 7.5000E+01 1.23797E-04
0.51 8.0000E+01 1.15653E-04
0.51 8.5000E+01 1.08250E-04
0.51 1.0000E+02 8.93940E-05
0.51 1.1000E+02 7.88237E-05
0.51 1.2000E+02 6.97118E-05
0.51 1.3000E+02 6.28149E-05
0.51 1.4000E+02 5.63952E-05
0.51 1.5000E+02 5.08989E-05
0.51 1.6000E+02 4.72658E-05
0.51 1.7000E+02 4.22628E-05
0.51 1.8000E+02 3.89251E-05
0.51 1.9000E+02 3.59056E-05
0.51 2.1000E+02 3.07166E-05
0.51 2.3000E+02 2.65181E-05
0.51 2.5000E+02 2.33045E-05
0.51 2.7000E+02 2.04116E-05
0.51 2.9000E+02 1.80632E-05
0.51 3.1000E+02 1.63151E-05
0.51 3.3000E+02 1.54713E-05
0.51 3.5000E+02 1.32898E-05
0.51 3.7000E+02 1.20024E-05
0.51 3.9000E+02 1.09652E-05
0.51 4.3000E+02 9.31094E-06
0.51 4.7000E+02 7.96633E-06
0.51 5.1000E+02 6.91169E-06 


0.52 2.5600E+01 9.88071E-05
0.52 2.6600E+01 1.32231E-04
0.52 2.7600E+01 1.54224E-04
0.52 2.8600E+01 1.64431E-04
0.52 2.9600E+01 1.87072E-04
0.52 3.0600E+01 1.88406E-04
0.52 3.1600E+01 2.01073E-04
0.52 3.2600E+01 2.01892E-04
0.52 3.3600E+01 2.01002E-04
0.52 3.4600E+01 2.05384E-04
0.52 4.0000E+01 2.04118E-04
0.52 4.5000E+01 1.88676E-04
0.52 5.0000E+01 1.77659E-04
0.52 5.5000E+01 1.66297E-04
0.52 6.0000E+01 1.62345E-04
0.52 6.5000E+01 1.44675E-04
0.52 7.0000E+01 1.33560E-04
0.52 7.5000E+01 1.22904E-04
0.52 8.0000E+01 1.16831E-04
0.52 8.5000E+01 1.07890E-04
0.52 1.0000E+02 8.92677E-05
0.52 1.1000E+02 7.75061E-05
0.52 1.2000E+02 7.01725E-05
0.52 1.3000E+02 6.25707E-05
0.52 1.4000E+02 5.66793E-05
0.52 1.5000E+02 5.08489E-05
0.52 1.6000E+02 4.65171E-05
0.52 1.7000E+02 4.28812E-05
0.52 1.8000E+02 3.84555E-05
0.52 1.9000E+02 3.58563E-05
0.52 2.1000E+02 3.08038E-05
0.52 2.3000E+02 2.64655E-05
0.52 2.5000E+02 2.33070E-05
0.52 2.7000E+02 2.06011E-05
0.52 2.9000E+02 1.81912E-05
0.52 3.1000E+02 1.62550E-05
0.52 3.3000E+02 1.45956E-05
0.52 3.5000E+02 1.33158E-05
0.52 3.7000E+02 1.22423E-05
0.52 3.9000E+02 1.10126E-05
0.52 4.3000E+02 9.30672E-06
0.52 4.7000E+02 7.98095E-06
0.52 5.1000E+02 6.89960E-06 


0.53 2.5600E+01 1.17706E-04
0.53 2.6600E+01 1.36647E-04
0.53 2.7600E+01 1.59969E-04
0.53 2.8600E+01 1.73814E-04
0.53 2.9600E+01 1.78243E-04
0.53 3.0600E+01 1.90855E-04
0.53 3.1600E+01 1.95125E-04
0.53 3.2600E+01 1.99238E-04
0.53 3.3600E+01 2.02574E-04
0.53 3.4600E+01 2.06749E-04
0.53 4.0000E+01 2.03789E-04
0.53 4.5000E+01 1.86673E-04
0.53 5.0000E+01 1.80651E-04
0.53 5.5000E+01 1.64453E-04
0.53 6.0000E+01 1.53123E-04
0.53 6.5000E+01 1.43840E-04
0.53 7.0000E+01 1.32909E-04
0.53 7.5000E+01 1.25914E-04
0.53 8.0000E+01 1.15477E-04
0.53 8.5000E+01 1.08372E-04
0.53 1.0000E+02 8.84924E-05
0.53 1.1000E+02 7.83216E-05
0.53 1.2000E+02 7.05062E-05
0.53 1.3000E+02 6.26756E-05
0.53 1.4000E+02 5.67468E-05
0.53 1.5000E+02 5.11742E-05
0.53 1.6000E+02 4.63837E-05
0.53 1.7000E+02 4.27892E-05
0.53 1.8000E+02 3.91844E-05
0.53 1.9000E+02 3.56840E-05
0.53 2.1000E+02 3.08501E-05
0.53 2.3000E+02 2.65491E-05
0.53 2.5000E+02 2.33248E-05
0.53 2.7000E+02 2.07974E-05
0.53 2.9000E+02 1.82390E-05
0.53 3.1000E+02 1.62568E-05
0.53 3.3000E+02 1.46902E-05
0.53 3.5000E+02 1.33555E-05
0.53 3.7000E+02 1.23328E-05
0.53 3.9000E+02 1.10352E-05
0.53 4.3000E+02 9.30640E-06
0.53 4.7000E+02 7.97144E-06
0.53 5.1000E+02 6.92634E-06 


0.54 2.5600E+01 1.09760E-04
0.54 2.6600E+01 1.38863E-04
0.54 2.7600E+01 1.47977E-04
0.54 2.8600E+01 1.68638E-04
0.54 2.9600E+01 1.80254E-04
0.54 3.0600E+01 1.90421E-04
0.54 3.1600E+01 1.95271E-04
0.54 3.2600E+01 1.94449E-04
0.54 3.3600E+01 2.02646E-04
0.54 3.4600E+01 2.02336E-04
0.54 4.0000E+01 1.94934E-04
0.54 4.5000E+01 1.94738E-04
0.54 5.0000E+01 1.76343E-04
0.54 5.5000E+01 1.66686E-04
0.54 6.0000E+01 1.56543E-04
0.54 6.5000E+01 1.45297E-04
0.54 7.0000E+01 1.34878E-04
0.54 7.5000E+01 1.25865E-04
0.54 8.0000E+01 1.15165E-04
0.54 8.5000E+01 1.09537E-04
0.54 1.0000E+02 8.88252E-05
0.54 1.1000E+02 7.96498E-05
0.54 1.2000E+02 7.01593E-05
0.54 1.3000E+02 6.30714E-05
0.54 1.4000E+02 5.67358E-05
0.54 1.5000E+02 5.16596E-05
0.54 1.6000E+02 4.52225E-05
0.54 1.7000E+02 4.25709E-05
0.54 1.8000E+02 3.94539E-05
0.54 1.9000E+02 3.58830E-05
0.54 2.1000E+02 3.08808E-05
0.54 2.3000E+02 2.67466E-05
0.54 2.5000E+02 2.32772E-05
0.54 2.7000E+02 2.06188E-05
0.54 2.9000E+02 1.83161E-05
0.54 3.1000E+02 1.63272E-05
0.54 3.3000E+02 1.46509E-05
0.54 3.5000E+02 1.34081E-05
0.54 3.7000E+02 1.21821E-05
0.54 3.9000E+02 1.11312E-05
0.54 4.3000E+02 9.33337E-06
0.54 4.7000E+02 8.00530E-06
0.54 5.1000E+02 6.95213E-06 


0.55 2.5600E+01 1.00924E-04
0.55 2.6600E+01 1.27866E-04
0.55 2.7600E+01 1.64754E-04
0.55 2.8600E+01 1.75597E-04
0.55 2.9600E+01 1.92386E-04
0.55 3.0600E+01 1.87985E-04
0.55 3.1600E+01 1.98714E-04
0.55 3.2600E+01 2.08304E-04
0.55 3.3600E+01 2.08521E-04
0.55 3.4600E+01 2.05601E-04
0.55 4.0000E+01 2.06992E-04
0.55 4.5000E+01 1.92063E-04
0.55 5.0000E+01 1.80112E-04
0.55 5.5000E+01 1.67925E-04
0.55 6.0000E+01 1.61418E-04
0.55 6.5000E+01 1.46656E-04
0.55 7.0000E+01 1.35597E-04
0.55 7.5000E+01 1.24548E-04
0.55 8.0000E+01 1.17587E-04
0.55 8.5000E+01 1.08163E-04
0.55 1.0000E+02 8.97162E-05
0.55 1.1000E+02 7.95612E-05
0.55 1.2000E+02 6.94427E-05
0.55 1.3000E+02 6.35173E-05
0.55 1.4000E+02 5.69021E-05
0.55 1.5000E+02 5.17245E-05
0.55 1.6000E+02 4.75968E-05
0.55 1.7000E+02 4.26894E-05
0.55 1.8000E+02 3.93885E-05
0.55 1.9000E+02 3.62673E-05
0.55 2.1000E+02 3.08985E-05
0.55 2.3000E+02 2.68919E-05
0.55 2.5000E+02 2.33674E-05
0.55 2.7000E+02 2.06461E-05
0.55 2.9000E+02 1.84169E-05
0.55 3.1000E+02 1.64002E-05
0.55 3.3000E+02 1.47428E-05
0.55 3.5000E+02 1.33525E-05
0.55 3.7000E+02 1.22736E-05
0.55 3.9000E+02 1.11079E-05
0.55 4.3000E+02 9.16072E-06
0.55 4.7000E+02 8.01698E-06
0.55 5.1000E+02 6.95757E-06 


0.56 2.5600E+01 1.13074E-04
0.56 2.6600E+01 1.49509E-04
0.56 2.7600E+01 1.62482E-04
0.56 2.8600E+01 1.66829E-04
0.56 2.9600E+01 1.80591E-04
0.56 3.0600E+01 2.03016E-04
0.56 3.1600E+01 1.97227E-04
0.56 3.2600E+01 1.98276E-04
0.56 3.3600E+01 1.98326E-04
0.56 3.4600E+01 2.07124E-04
0.56 4.0000E+01 2.02465E-04
0.56 4.5000E+01 1.94499E-04
0.56 5.0000E+01 1.83171E-04
0.56 5.5000E+01 1.69682E-04
0.56 6.0000E+01 1.58280E-04
0.56 6.5000E+01 1.42993E-04
0.56 7.0000E+01 1.35396E-04
0.56 7.5000E+01 1.25386E-04
0.56 8.0000E+01 1.18280E-04
0.56 8.5000E+01 1.07815E-04
0.56 1.0000E+02 9.03102E-05
0.56 1.1000E+02 7.92198E-05
0.56 1.2000E+02 7.10868E-05
0.56 1.3000E+02 6.37093E-05
0.56 1.4000E+02 5.72846E-05
0.56 1.5000E+02 5.17834E-05
0.56 1.6000E+02 4.74729E-05
0.56 1.7000E+02 4.29181E-05
0.56 1.8000E+02 3.78378E-05
0.56 1.9000E+02 3.65817E-05
0.56 2.1000E+02 3.09746E-05
0.56 2.3000E+02 2.69575E-05
0.56 2.5000E+02 2.35012E-05
0.56 2.7000E+02 2.07306E-05
0.56 2.9000E+02 1.84686E-05
0.56 3.1000E+02 1.65398E-05
0.56 3.3000E+02 1.48167E-05
0.56 3.5000E+02 1.33574E-05
0.56 3.7000E+02 1.22176E-05
0.56 3.9000E+02 1.11980E-05
0.56 4.3000E+02 9.45530E-06
0.56 4.7000E+02 8.04594E-06
0.56 5.1000E+02 6.99038E-06 


0.57 2.5600E+01 1.10153E-04
0.57 2.6600E+01 1.33031E-04
0.57 2.7600E+01 1.41394E-04
0.57 2.8600E+01 1.75267E-04
0.57 2.9600E+01 1.82020E-04
0.57 3.0600E+01 1.82793E-04
0.57 3.1600E+01 1.98909E-04
0.57 3.2600E+01 2.03363E-04
0.57 3.3600E+01 2.09831E-04
0.57 3.4600E+01 2.14054E-04
0.57 4.0000E+01 2.05357E-04
0.57 4.5000E+01 1.91773E-04
0.57 5.0000E+01 1.79784E-04
0.57 5.5000E+01 1.71141E-04
0.57 6.0000E+01 1.56442E-04
0.57 6.5000E+01 1.46259E-04
0.57 7.0000E+01 1.37950E-04
0.57 7.5000E+01 1.27185E-04
0.57 8.0000E+01 1.17635E-04
0.57 8.5000E+01 1.10884E-04
0.57 1.0000E+02 9.06618E-05
0.57 1.1000E+02 7.96818E-05
0.57 1.2000E+02 7.18359E-05
0.57 1.3000E+02 6.27784E-05
0.57 1.4000E+02 5.77638E-05
0.57 1.5000E+02 5.20897E-05
0.57 1.6000E+02 4.76927E-05
0.57 1.7000E+02 4.33122E-05
0.57 1.8000E+02 3.95278E-05
0.57 1.9000E+02 3.65698E-05
0.57 2.1000E+02 3.13475E-05
0.57 2.3000E+02 2.70277E-05
0.57 2.5000E+02 2.36969E-05
0.57 2.7000E+02 2.10776E-05
0.57 2.9000E+02 1.86159E-05
0.57 3.1000E+02 1.67209E-05
0.57 3.3000E+02 1.50111E-05
0.57 3.5000E+02 1.35658E-05
0.57 3.7000E+02 1.22526E-05
0.57 3.9000E+02 1.12333E-05
0.57 4.3000E+02 9.52875E-06
0.57 4.7000E+02 8.09654E-06
0.57 5.1000E+02 6.99682E-06 


0.58 2.5600E+01 1.10416E-04
0.58 2.6600E+01 1.27154E-04
0.58 2.7600E+01 1.62964E-04
0.58 2.8600E+01 1.87018E-04
0.58 2.9600E+01 1.88415E-04
0.58 3.0600E+01 1.97048E-04
0.58 3.1600E+01 1.92993E-04
0.58 3.2600E+01 2.07546E-04
0.58 3.3600E+01 2.16127E-04
0.58 3.4600E+01 2.04931E-04
0.58 4.0000E+01 2.04383E-04
0.58 4.5000E+01 1.96711E-04
0.58 5.0000E+01 1.78945E-04
0.58 5.5000E+01 1.68336E-04
0.58 6.0000E+01 1.61086E-04
0.58 6.5000E+01 1.50102E-04
0.58 7.0000E+01 1.37775E-04
0.58 7.5000E+01 1.28288E-04
0.58 8.0000E+01 1.18105E-04
0.58 8.5000E+01 1.12127E-04
0.58 1.0000E+02 9.13114E-05
0.58 1.1000E+02 8.07572E-05
0.58 1.2000E+02 7.20706E-05
0.58 1.3000E+02 6.39315E-05
0.58 1.4000E+02 5.81458E-05
0.58 1.5000E+02 5.26165E-05
0.58 1.6000E+02 4.77839E-05
0.58 1.7000E+02 4.37434E-05
0.58 1.8000E+02 3.98423E-05
0.58 1.9000E+02 3.66374E-05
0.58 2.1000E+02 3.18157E-05
0.58 2.3000E+02 2.71045E-05
0.58 2.5000E+02 2.39108E-05
0.58 2.7000E+02 2.11109E-05
0.58 2.9000E+02 1.86534E-05
0.58 3.1000E+02 1.67298E-05
0.58 3.3000E+02 1.50645E-05
0.58 3.5000E+02 1.36256E-05
0.58 3.7000E+02 1.23436E-05
0.58 3.9000E+02 1.12987E-05
0.58 4.3000E+02 9.59180E-06
0.58 4.7000E+02 8.19006E-06
0.58 5.1000E+02 7.09993E-06 


0.59 2.5600E+01 1.14420E-04
0.59 2.6600E+01 1.55946E-04
0.59 2.7600E+01 1.60976E-04
0.59 2.8600E+01 1.59225E-04
0.59 2.9600E+01 1.89320E-04
0.59 3.0600E+01 2.05987E-04
0.59 3.1600E+01 2.21485E-04
0.59 3.2600E+01 2.05911E-04
0.59 3.3600E+01 1.90585E-04
0.59 3.4600E+01 2.09359E-04
0.59 4.0000E+01 2.09345E-04
0.59 4.5000E+01 2.03042E-04
0.59 5.0000E+01 1.85589E-04
0.59 5.5000E+01 1.70492E-04
0.59 6.0000E+01 1.66429E-04
0.59 6.5000E+01 1.49192E-04
0.59 7.0000E+01 1.35645E-04
0.59 7.5000E+01 1.29535E-04
0.59 8.0000E+01 1.19759E-04
0.59 8.5000E+01 1.11683E-04
0.59 1.0000E+02 9.25698E-05
0.59 1.1000E+02 8.17150E-05
0.59 1.2000E+02 7.21445E-05
0.59 1.3000E+02 6.55329E-05
0.59 1.4000E+02 5.79403E-05
0.59 1.5000E+02 5.31744E-05
0.59 1.6000E+02 4.82667E-05
0.59 1.7000E+02 4.43248E-05
0.59 1.8000E+02 4.04180E-05
0.59 1.9000E+02 3.71019E-05
0.59 2.1000E+02 3.15999E-05
0.59 2.3000E+02 2.71369E-05
0.59 2.5000E+02 2.40508E-05
0.59 2.7000E+02 2.12161E-05
0.59 2.9000E+02 1.88439E-05
0.59 3.1000E+02 1.69263E-05
0.59 3.3000E+02 1.52333E-05
0.59 3.5000E+02 1.37551E-05
0.59 3.7000E+02 1.24781E-05
0.59 3.9000E+02 1.14785E-05
0.59 4.3000E+02 9.58467E-06
0.59 4.7000E+02 8.30070E-06
0.59 5.1000E+02 7.14340E-06 


0.60 2.5600E+01 9.97762E-05
0.60 2.6600E+01 1.71268E-04
0.60 2.7600E+01 1.63505E-04
0.60 2.8600E+01 1.80576E-04
0.60 2.9600E+01 1.87481E-04
0.60 3.0600E+01 1.91098E-04
0.60 3.1600E+01 1.97202E-04
0.60 3.2600E+01 2.06155E-04
0.60 3.3600E+01 2.16621E-04
0.60 3.4600E+01 2.24112E-04
0.60 4.0000E+01 2.24733E-04
0.60 4.5000E+01 1.95614E-04
0.60 5.0000E+01 1.88874E-04
0.60 5.5000E+01 1.76551E-04
0.60 6.0000E+01 1.63491E-04
0.60 6.5000E+01 1.47960E-04
0.60 7.0000E+01 1.39657E-04
0.60 7.5000E+01 1.32486E-04
0.60 8.0000E+01 1.21657E-04
0.60 8.5000E+01 1.12054E-04
0.60 1.0000E+02 9.33676E-05
0.60 1.1000E+02 8.26658E-05
0.60 1.2000E+02 7.28871E-05
0.60 1.3000E+02 6.62966E-05
0.60 1.4000E+02 5.83799E-05
0.60 1.5000E+02 5.36541E-05
0.60 1.6000E+02 4.88023E-05
0.60 1.7000E+02 4.46265E-05
0.60 1.8000E+02 4.09403E-05
0.60 1.9000E+02 3.76238E-05
0.60 2.1000E+02 3.21337E-05
0.60 2.3000E+02 2.79957E-05
0.60 2.5000E+02 2.41680E-05
0.60 2.7000E+02 2.14851E-05
0.60 2.9000E+02 1.90799E-05
0.60 3.1000E+02 1.70694E-05
0.60 3.3000E+02 1.50717E-05
0.60 3.5000E+02 1.40101E-05
0.60 3.7000E+02 1.24728E-05
0.60 3.9000E+02 1.14650E-05
0.60 4.3000E+02 9.72782E-06
0.60 4.7000E+02 8.38320E-06
0.60 5.1000E+02 7.22217E-06 


0.61 2.5600E+01 1.12654E-04
0.61 2.6600E+01 1.25571E-04
0.61 2.7600E+01 1.54797E-04
0.61 2.8600E+01 1.96853E-04
0.61 2.9600E+01 1.79978E-04
0.61 3.0600E+01 1.96569E-04
0.61 3.1600E+01 2.00401E-04
0.61 3.2600E+01 2.02657E-04
0.61 3.3600E+01 2.18750E-04
0.61 3.4600E+01 2.14468E-04
0.61 4.0000E+01 2.01335E-04
0.61 4.5000E+01 1.95747E-04
0.61 5.0000E+01 1.89260E-04
0.61 5.5000E+01 1.77016E-04
0.61 6.0000E+01 1.67192E-04
0.61 6.5000E+01 1.51824E-04
0.61 7.0000E+01 1.44232E-04
0.61 7.5000E+01 1.30441E-04
0.61 8.0000E+01 1.23808E-04
0.61 8.5000E+01 1.14130E-04
0.61 1.0000E+02 9.21400E-05
0.61 1.1000E+02 8.36568E-05
0.61 1.2000E+02 7.42334E-05
0.61 1.3000E+02 6.64499E-05
0.61 1.4000E+02 6.01903E-05
0.61 1.5000E+02 5.37967E-05
0.61 1.6000E+02 4.95081E-05
0.61 1.7000E+02 4.50678E-05
0.61 1.8000E+02 4.15319E-05
0.61 1.9000E+02 3.81232E-05
0.61 2.1000E+02 3.20477E-05
0.61 2.3000E+02 2.94967E-05
0.61 2.5000E+02 2.43193E-05
0.61 2.7000E+02 2.17822E-05
0.61 2.9000E+02 1.93151E-05
0.61 3.1000E+02 1.74196E-05
0.61 3.3000E+02 1.55990E-05
0.61 3.5000E+02 1.41088E-05
0.61 3.7000E+02 1.28119E-05
0.61 3.9000E+02 1.16914E-05
0.61 4.3000E+02 9.84597E-06
0.61 4.7000E+02 8.47859E-06
0.61 5.1000E+02 7.35478E-06 


0.62 2.5600E+01 1.44555E-04
0.62 2.6600E+01 1.51409E-04
0.62 2.7600E+01 1.66721E-04
0.62 2.8600E+01 1.77732E-04
0.62 2.9600E+01 2.35970E-04
0.62 3.0600E+01 2.10744E-04
0.62 3.1600E+01 2.24001E-04
0.62 3.2600E+01 2.41055E-04
0.62 3.3600E+01 2.15543E-04
0.62 3.4600E+01 2.07037E-04
0.62 4.0000E+01 2.15304E-04
0.62 4.5000E+01 2.12309E-04
0.62 5.0000E+01 1.90104E-04
0.62 5.5000E+01 1.74064E-04
0.62 6.0000E+01 1.67821E-04
0.62 6.5000E+01 1.56493E-04
0.62 7.0000E+01 1.44323E-04
0.62 7.5000E+01 1.31329E-04
0.62 8.0000E+01 1.27178E-04
0.62 8.5000E+01 1.16550E-04
0.62 1.0000E+02 9.44419E-05
0.62 1.1000E+02 8.50457E-05
0.62 1.2000E+02 7.56622E-05
0.62 1.3000E+02 6.70358E-05
0.62 1.4000E+02 6.14031E-05
0.62 1.5000E+02 5.40932E-05
0.62 1.6000E+02 4.99745E-05
0.62 1.7000E+02 4.58177E-05
0.62 1.8000E+02 4.20535E-05
0.62 1.9000E+02 3.87402E-05
0.62 2.1000E+02 3.28806E-05
0.62 2.3000E+02 2.87296E-05
0.62 2.5000E+02 2.48830E-05
0.62 2.7000E+02 2.19510E-05
0.62 2.9000E+02 1.95912E-05
0.62 3.1000E+02 1.75213E-05
0.62 3.3000E+02 1.57425E-05
0.62 3.5000E+02 1.42700E-05
0.62 3.7000E+02 1.31346E-05
0.62 3.9000E+02 1.18728E-05
0.62 4.3000E+02 9.99009E-06
0.62 4.7000E+02 8.49227E-06
0.62 5.1000E+02 7.48811E-06 


0.63 2.5600E+01 1.23043E-04
0.63 2.6600E+01 1.66367E-04
0.63 2.7600E+01 1.94019E-04
0.63 2.8600E+01 1.71967E-04
0.63 2.9600E+01 1.96161E-04
0.63 3.0600E+01 2.09018E-04
0.63 3.1600E+01 2.20588E-04
0.63 3.2600E+01 2.12885E-04
0.63 3.3600E+01 2.14619E-04
0.63 3.4600E+01 2.32490E-04
0.63 4.0000E+01 2.27933E-04
0.63 4.5000E+01 2.09172E-04
0.63 5.0000E+01 1.93392E-04
0.63 5.5000E+01 1.74834E-04
0.63 6.0000E+01 1.69059E-04
0.63 6.5000E+01 1.60944E-04
0.63 7.0000E+01 1.43805E-04
0.63 7.5000E+01 1.36389E-04
0.63 8.0000E+01 1.25815E-04
0.63 8.5000E+01 1.19003E-04
0.63 1.0000E+02 9.80184E-05
0.63 1.1000E+02 8.66597E-05
0.63 1.2000E+02 7.70121E-05
0.63 1.3000E+02 6.83087E-05
0.63 1.4000E+02 6.21229E-05
0.63 1.5000E+02 5.60512E-05
0.63 1.6000E+02 5.03970E-05
0.63 1.7000E+02 4.66451E-05
0.63 1.8000E+02 4.28950E-05
0.63 1.9000E+02 3.93172E-05
0.63 2.1000E+02 3.35321E-05
0.63 2.3000E+02 2.90176E-05
0.63 2.5000E+02 2.56402E-05
0.63 2.7000E+02 2.21849E-05
0.63 2.9000E+02 1.99780E-05
0.63 3.1000E+02 1.78297E-05
0.63 3.3000E+02 1.60483E-05
0.63 3.5000E+02 1.45520E-05
0.63 3.7000E+02 1.32394E-05
0.63 3.9000E+02 1.20919E-05
0.63 4.3000E+02 1.01675E-05
0.63 4.7000E+02 8.69366E-06
0.63 5.1000E+02 7.52714E-06 


0.64 2.5600E+01 9.62874E-05
0.64 2.6600E+01 1.51867E-04
0.64 2.7600E+01 1.67230E-04
0.64 2.8600E+01 2.01467E-04
0.64 2.9600E+01 1.83379E-04
0.64 3.0600E+01 2.04852E-04
0.64 3.1600E+01 1.90199E-04
0.64 3.2600E+01 2.10136E-04
0.64 3.3600E+01 2.21260E-04
0.64 3.4600E+01 2.28136E-04
0.64 4.0000E+01 2.21949E-04
0.64 4.5000E+01 2.09666E-04
0.64 5.0000E+01 2.03240E-04
0.64 5.5000E+01 1.93788E-04
0.64 6.0000E+01 1.76293E-04
0.64 6.5000E+01 1.62176E-04
0.64 7.0000E+01 1.46884E-04
0.64 7.5000E+01 1.40823E-04
0.64 8.0000E+01 1.26141E-04
0.64 8.5000E+01 1.22241E-04
0.64 1.0000E+02 1.00054E-04
0.64 1.1000E+02 8.57301E-05
0.64 1.2000E+02 7.84237E-05
0.64 1.3000E+02 7.00308E-05
0.64 1.4000E+02 6.26814E-05
0.64 1.5000E+02 5.75940E-05
0.64 1.6000E+02 5.08008E-05
0.64 1.7000E+02 4.73888E-05
0.64 1.8000E+02 4.34727E-05
0.64 1.9000E+02 4.01621E-05
0.64 2.1000E+02 3.42731E-05
0.64 2.3000E+02 2.94602E-05
0.64 2.5000E+02 2.61142E-05
0.64 2.7000E+02 2.26969E-05
0.64 2.9000E+02 2.02050E-05
0.64 3.1000E+02 1.81572E-05
0.64 3.3000E+02 1.63305E-05
0.64 3.5000E+02 1.48050E-05
0.64 3.7000E+02 1.34871E-05
0.64 3.9000E+02 1.23187E-05
0.64 4.3000E+02 1.03545E-05
0.64 4.7000E+02 8.86345E-06
0.64 5.1000E+02 7.67531E-06 


0.65 2.5600E+01 1.09505E-04
0.65 2.6600E+01 1.26153E-04
0.65 2.7600E+01 1.57360E-04
0.65 2.8600E+01 1.97430E-04
0.65 2.9600E+01 2.17265E-04
0.65 3.0600E+01 2.01267E-04
0.65 3.1600E+01 2.30382E-04
0.65 3.2600E+01 2.40030E-04
0.65 3.3600E+01 2.60293E-04
0.65 3.4600E+01 2.26042E-04
0.65 4.0000E+01 2.18635E-04
0.65 4.5000E+01 2.14012E-04
0.65 5.0000E+01 2.08757E-04
0.65 5.5000E+01 1.91963E-04
0.65 6.0000E+01 1.81231E-04
0.65 6.5000E+01 1.62266E-04
0.65 7.0000E+01 1.52233E-04
0.65 7.5000E+01 1.41740E-04
0.65 8.0000E+01 1.30352E-04
0.65 8.5000E+01 1.25424E-04
0.65 1.0000E+02 1.00809E-04
0.65 1.1000E+02 8.75421E-05
0.65 1.2000E+02 8.01999E-05
0.65 1.3000E+02 7.16671E-05
0.65 1.4000E+02 6.37503E-05
0.65 1.5000E+02 5.86129E-05
0.65 1.6000E+02 5.28582E-05
0.65 1.7000E+02 4.79672E-05
0.65 1.8000E+02 4.43910E-05
0.65 1.9000E+02 4.09000E-05
0.65 2.1000E+02 3.50178E-05
0.65 2.3000E+02 3.00322E-05
0.65 2.5000E+02 2.65589E-05
0.65 2.7000E+02 2.34080E-05
0.65 2.9000E+02 2.05400E-05
0.65 3.1000E+02 1.84582E-05
0.65 3.3000E+02 1.66459E-05
0.65 3.5000E+02 1.50804E-05
0.65 3.7000E+02 1.37494E-05
0.65 3.9000E+02 1.28227E-05
0.65 4.3000E+02 1.05952E-05
0.65 4.7000E+02 9.04937E-06
0.65 5.1000E+02 7.86368E-06 


