0.40 2.5600E+01   NaN
0.40 2.6600E+01 4.09156E-06
0.40 2.7600E+01 1.18953E-05
0.40 2.8600E+01 7.87214E-05
0.40 2.9600E+01 2.79330E-04
0.40 3.0600E+01 5.65579E-04
0.40 3.1600E+01 8.66763E-04
0.40 3.2600E+01 1.06775E-03
0.40 3.3600E+01 9.50384E-04
0.40 3.4600E+01 8.15769E-04
0.40 4.0000E+01 1.25789E-03
0.40 4.5000E+01 7.79362E-04
0.40 5.0000E+01 8.85362E-04
0.40 5.5000E+01 8.83302E-04
0.40 6.0000E+01 8.73253E-04
0.40 6.5000E+01 6.97848E-04
0.40 7.0000E+01 9.68615E-04
0.40 7.5000E+01 7.18459E-04
0.40 8.0000E+01 5.90444E-04
0.40 8.5000E+01 6.76185E-04
0.40 1.0000E+02 4.78940E-04
0.40 1.1000E+02 5.53880E-04
0.40 1.2000E+02 4.39196E-04
0.40 1.3000E+02 3.43087E-04
0.40 1.4000E+02 3.25272E-04
0.40 1.5000E+02 3.13118E-04
0.40 1.6000E+02 2.80767E-04
0.40 1.7000E+02 2.62123E-04
0.40 1.8000E+02 2.35903E-04
0.40 1.9000E+02 2.12020E-04
0.40 2.1000E+02 1.72924E-04
0.40 2.3000E+02 1.65591E-04
0.40 2.5000E+02 1.47816E-04
0.40 2.7000E+02 1.29104E-04
0.40 2.9000E+02 1.14066E-04
0.40 3.1000E+02 1.00864E-04
0.40 3.3000E+02 9.06604E-05
0.40 3.5000E+02 8.18151E-05
0.40 3.7000E+02 7.48634E-05
0.40 3.9000E+02 6.83289E-05
0.40 4.3000E+02 5.80072E-05
0.40 4.7000E+02 5.01029E-05
0.40 5.1000E+02 4.30580E-05 


0.41 2.5600E+01   NaN
0.41 2.6600E+01 3.21030E-07
0.41 2.7600E+01 5.80977E-05
0.41 2.8600E+01 8.86211E-05
0.41 2.9600E+01 2.21265E-04
0.41 3.0600E+01 4.28896E-04
0.41 3.1600E+01 7.21894E-04
0.41 3.2600E+01 9.43732E-04
0.41 3.3600E+01 1.28564E-03
0.41 3.4600E+01 9.67711E-04
0.41 4.0000E+01 1.20166E-03
0.41 4.5000E+01 1.02200E-03
0.41 5.0000E+01 9.67472E-04
0.41 5.5000E+01 1.10729E-03
0.41 6.0000E+01 1.00597E-03
0.41 6.5000E+01 8.60320E-04
0.41 7.0000E+01 8.30653E-04
0.41 7.5000E+01 8.68403E-04
0.41 8.0000E+01 6.08936E-04
0.41 8.5000E+01 6.10493E-04
0.41 1.0000E+02 5.57788E-04
0.41 1.1000E+02 4.67971E-04
0.41 1.2000E+02 4.49671E-04
0.41 1.3000E+02 4.10647E-04
0.41 1.4000E+02 3.61500E-04
0.41 1.5000E+02 3.15181E-04
0.41 1.6000E+02 2.93857E-04
0.41 1.7000E+02 2.71467E-04
0.41 1.8000E+02 2.50436E-04
0.41 1.9000E+02 2.22107E-04
0.41 2.1000E+02 1.85592E-04
0.41 2.3000E+02 1.76669E-04
0.41 2.5000E+02 1.58963E-04
0.41 2.7000E+02 1.34423E-04
0.41 2.9000E+02 1.20189E-04
0.41 3.1000E+02 1.06870E-04
0.41 3.3000E+02 9.60140E-05
0.41 3.5000E+02 8.62492E-05
0.41 3.7000E+02 7.84459E-05
0.41 3.9000E+02 7.17116E-05
0.41 4.3000E+02 6.10097E-05
0.41 4.7000E+02 5.24062E-05
0.41 5.1000E+02 4.54291E-05 


0.42 2.5600E+01   NaN
0.42 2.6600E+01 0.00000E+00
0.42 2.7600E+01 7.13665E-07
0.42 2.8600E+01 2.72863E-05
0.42 2.9600E+01 1.62511E-04
0.42 3.0600E+01 3.23213E-04
0.42 3.1600E+01 6.44469E-04
0.42 3.2600E+01 9.18003E-04
0.42 3.3600E+01 1.16564E-03
0.42 3.4600E+01 1.05534E-03
0.42 4.0000E+01 8.19328E-04
0.42 4.5000E+01 7.15584E-04
0.42 5.0000E+01 1.08925E-03
0.42 5.5000E+01 1.12935E-03
0.42 6.0000E+01 6.71420E-04
0.42 6.5000E+01 9.46465E-04
0.42 7.0000E+01 9.04351E-04
0.42 7.5000E+01 7.54184E-04
0.42 8.0000E+01 8.11231E-04
0.42 8.5000E+01 6.36600E-04
0.42 1.0000E+02 6.02332E-04
0.42 1.1000E+02 4.41726E-04
0.42 1.2000E+02 4.94603E-04
0.42 1.3000E+02 4.31111E-04
0.42 1.4000E+02 3.77267E-04
0.42 1.5000E+02 3.32108E-04
0.42 1.6000E+02 3.02619E-04
0.42 1.7000E+02 2.85498E-04
0.42 1.8000E+02 2.64741E-04
0.42 1.9000E+02 2.43199E-04
0.42 2.1000E+02 2.02797E-04
0.42 2.3000E+02 1.71864E-04
0.42 2.5000E+02 1.63535E-04
0.42 2.7000E+02 1.44060E-04
0.42 2.9000E+02 1.27740E-04
0.42 3.1000E+02 1.13359E-04
0.42 3.3000E+02 1.01392E-04
0.42 3.5000E+02 9.12733E-05
0.42 3.7000E+02 8.28316E-05
0.42 3.9000E+02 7.55387E-05
0.42 4.3000E+02 6.40777E-05
0.42 4.7000E+02 5.49883E-05
0.42 5.1000E+02 4.78152E-05 


0.43 2.5600E+01   NaN
0.43 2.6600E+01   NaN
0.43 2.7600E+01 5.18800E-06
0.43 2.8600E+01 2.29403E-05
0.43 2.9600E+01 1.05413E-04
0.43 3.0600E+01 2.69641E-04
0.43 3.1600E+01 5.72654E-04
0.43 3.2600E+01 1.00358E-03
0.43 3.3600E+01 1.19944E-03
0.43 3.4600E+01 1.28514E-03
0.43 4.0000E+01 1.36294E-03
0.43 4.5000E+01 1.08485E-03
0.43 5.0000E+01 1.06940E-03
0.43 5.5000E+01 9.43864E-04
0.43 6.0000E+01 9.89756E-04
0.43 6.5000E+01 8.45410E-04
0.43 7.0000E+01 9.42340E-04
0.43 7.5000E+01 8.32898E-04
0.43 8.0000E+01 9.56067E-04
0.43 8.5000E+01 6.97242E-04
0.43 1.0000E+02 6.45994E-04
0.43 1.1000E+02 5.28947E-04
0.43 1.2000E+02 4.54948E-04
0.43 1.3000E+02 4.79514E-04
0.43 1.4000E+02 4.05314E-04
0.43 1.5000E+02 3.49017E-04
0.43 1.6000E+02 3.13958E-04
0.43 1.7000E+02 2.92559E-04
0.43 1.8000E+02 2.76036E-04
0.43 1.9000E+02 2.55168E-04
0.43 2.1000E+02 2.16103E-04
0.43 2.3000E+02 1.83301E-04
0.43 2.5000E+02 1.56009E-04
0.43 2.7000E+02 1.50932E-04
0.43 2.9000E+02 1.34561E-04
0.43 3.1000E+02 1.19702E-04
0.43 3.3000E+02 1.07303E-04
0.43 3.5000E+02 9.64105E-05
0.43 3.7000E+02 8.72467E-05
0.43 3.9000E+02 7.94463E-05
0.43 4.3000E+02 6.76014E-05
0.43 4.7000E+02 5.76008E-05
0.43 5.1000E+02 5.01971E-05 


0.44 2.5600E+01   NaN
0.44 2.6600E+01   NaN
0.44 2.7600E+01 3.80313E-05
0.44 2.8600E+01 3.91691E-05
0.44 2.9600E+01 1.33123E-04
0.44 3.0600E+01 2.01259E-04
0.44 3.1600E+01 4.66279E-04
0.44 3.2600E+01 9.00093E-04
0.44 3.3600E+01 1.19166E-03
0.44 3.4600E+01 1.16991E-03
0.44 4.0000E+01 8.71818E-04
0.44 4.5000E+01 1.22878E-03
0.44 5.0000E+01 8.60644E-04
0.44 5.5000E+01 1.23696E-03
0.44 6.0000E+01 1.21947E-03
0.44 6.5000E+01 7.95480E-04
0.44 7.0000E+01 9.78633E-04
0.44 7.5000E+01 8.35347E-04
0.44 8.0000E+01 9.31418E-04
0.44 8.5000E+01 8.41507E-04
0.44 1.0000E+02 6.21559E-04
0.44 1.1000E+02 5.75820E-04
0.44 1.2000E+02 4.77158E-04
0.44 1.3000E+02 4.61469E-04
0.44 1.4000E+02 4.39759E-04
0.44 1.5000E+02 3.79680E-04
0.44 1.6000E+02 3.31925E-04
0.44 1.7000E+02 3.02620E-04
0.44 1.8000E+02 2.83138E-04
0.44 1.9000E+02 2.65357E-04
0.44 2.1000E+02 2.29144E-04
0.44 2.3000E+02 1.91956E-04
0.44 2.5000E+02 1.64563E-04
0.44 2.7000E+02 1.58125E-04
0.44 2.9000E+02 1.41337E-04
0.44 3.1000E+02 1.24971E-04
0.44 3.3000E+02 1.12993E-04
0.44 3.5000E+02 1.01667E-04
0.44 3.7000E+02 9.21180E-05
0.44 3.9000E+02 8.37444E-05
0.44 4.3000E+02 7.03170E-05
0.44 4.7000E+02 6.03552E-05
0.44 5.1000E+02 5.23876E-05 


0.45 2.5600E+01   NaN
0.45 2.6600E+01   NaN
0.45 2.7600E+01 1.25781E-05
0.45 2.8600E+01 2.72027E-05
0.45 2.9600E+01 7.20330E-05
0.45 3.0600E+01 1.67221E-04
0.45 3.1600E+01 3.65580E-04
0.45 3.2600E+01 7.00397E-04
0.45 3.3600E+01 1.07863E-03
0.45 3.4600E+01 1.45045E-03
0.45 4.0000E+01 1.16942E-03
0.45 4.5000E+01 1.37063E-03
0.45 5.0000E+01 1.32084E-03
0.45 5.5000E+01 1.38662E-03
0.45 6.0000E+01 1.05297E-03
0.45 6.5000E+01 8.50514E-04
0.45 7.0000E+01 9.13737E-04
0.45 7.5000E+01 9.50257E-04
0.45 8.0000E+01 7.44998E-04
0.45 8.5000E+01 8.21470E-04
0.45 1.0000E+02 6.10833E-04
0.45 1.1000E+02 6.04436E-04
0.45 1.2000E+02 5.16176E-04
0.45 1.3000E+02 4.62189E-04
0.45 1.4000E+02 4.89161E-04
0.45 1.5000E+02 4.10691E-04
0.45 1.6000E+02 3.57720E-04
0.45 1.7000E+02 3.19640E-04
0.45 1.8000E+02 2.91545E-04
0.45 1.9000E+02 2.74334E-04
0.45 2.1000E+02 2.40125E-04
0.45 2.3000E+02 2.05924E-04
0.45 2.5000E+02 1.76053E-04
0.45 2.7000E+02 1.53664E-04
0.45 2.9000E+02 1.47780E-04
0.45 3.1000E+02 1.32630E-04
0.45 3.3000E+02 1.19156E-04
0.45 3.5000E+02 1.07181E-04
0.45 3.7000E+02 9.65625E-05
0.45 3.9000E+02 8.81155E-05
0.45 4.3000E+02 7.37490E-05
0.45 4.7000E+02 6.32620E-05
0.45 5.1000E+02 5.25893E-05 


0.46 2.5600E+01   NaN
0.46 2.6600E+01   NaN
0.46 2.7600E+01 1.73060E-05
0.46 2.8600E+01 2.64406E-05
0.46 2.9600E+01 5.42841E-05
0.46 3.0600E+01 1.17737E-04
0.46 3.1600E+01 2.84166E-04
0.46 3.2600E+01 5.38159E-04
0.46 3.3600E+01 9.41091E-04
0.46 3.4600E+01 1.11944E-03
0.46 4.0000E+01 1.04094E-03
0.46 4.5000E+01 1.42218E-03
0.46 5.0000E+01 1.34041E-03
0.46 5.5000E+01 1.24351E-03
0.46 6.0000E+01 1.19635E-03
0.46 6.5000E+01 1.28581E-03
0.46 7.0000E+01 8.38560E-04
0.46 7.5000E+01 9.92379E-04
0.46 8.0000E+01 8.69878E-04
0.46 8.5000E+01 8.61997E-04
0.46 1.0000E+02 6.30377E-04
0.46 1.1000E+02 6.13101E-04
0.46 1.2000E+02 5.58543E-04
0.46 1.3000E+02 4.71233E-04
0.46 1.4000E+02 5.39377E-04
0.46 1.5000E+02 4.47117E-04
0.46 1.6000E+02 3.84554E-04
0.46 1.7000E+02 3.38394E-04
0.46 1.8000E+02 3.03745E-04
0.46 1.9000E+02 2.80511E-04
0.46 2.1000E+02 2.49540E-04
0.46 2.3000E+02 2.17382E-04
0.46 2.5000E+02 1.87483E-04
0.46 2.7000E+02 1.64194E-04
0.46 2.9000E+02 1.42780E-04
0.46 3.1000E+02 1.38870E-04
0.46 3.3000E+02 1.24520E-04
0.46 3.5000E+02 1.12505E-04
0.46 3.7000E+02 1.01688E-04
0.46 3.9000E+02 9.26830E-05
0.46 4.3000E+02 7.76008E-05
0.46 4.7000E+02 6.61845E-05
0.46 5.1000E+02 5.73509E-05 


0.47 2.5600E+01   NaN
0.47 2.6600E+01   NaN
0.47 2.7600E+01 7.80882E-06
0.47 2.8600E+01 1.77949E-05
0.47 2.9600E+01 5.07193E-05
0.47 3.0600E+01 9.55349E-05
0.47 3.1600E+01 2.33951E-04
0.47 3.2600E+01 4.56444E-04
0.47 3.3600E+01 7.85418E-04
0.47 3.4600E+01 1.18222E-03
0.47 4.0000E+01 8.83476E-04
0.47 4.5000E+01 1.28401E-03
0.47 5.0000E+01 1.09628E-03
0.47 5.5000E+01 9.97840E-04
0.47 6.0000E+01 1.29917E-03
0.47 6.5000E+01 1.11021E-03
0.47 7.0000E+01 8.75069E-04
0.47 7.5000E+01 9.42789E-04
0.47 8.0000E+01 9.71851E-04
0.47 8.5000E+01 8.09179E-04
0.47 1.0000E+02 6.95837E-04
0.47 1.1000E+02 6.07874E-04
0.47 1.2000E+02 5.88765E-04
0.47 1.3000E+02 5.07611E-04
0.47 1.4000E+02 4.36254E-04
0.47 1.5000E+02 4.77960E-04
0.47 1.6000E+02 4.12898E-04
0.47 1.7000E+02 3.61162E-04
0.47 1.8000E+02 3.21537E-04
0.47 1.9000E+02 2.92356E-04
0.47 2.1000E+02 2.57127E-04
0.47 2.3000E+02 2.26905E-04
0.47 2.5000E+02 1.97562E-04
0.47 2.7000E+02 1.71539E-04
0.47 2.9000E+02 1.48544E-04
0.47 3.1000E+02 1.44127E-04
0.47 3.3000E+02 1.29698E-04
0.47 3.5000E+02 1.17583E-04
0.47 3.7000E+02 1.06792E-04
0.47 3.9000E+02 9.72594E-05
0.47 4.3000E+02 8.14251E-05
0.47 4.7000E+02 7.04665E-05
0.47 5.1000E+02 6.00385E-05 


0.48 2.5600E+01   NaN
0.48 2.6600E+01   NaN
0.48 2.7600E+01   NaN
0.48 2.8600E+01 2.95700E-05
0.48 2.9600E+01 2.13334E-05
0.48 3.0600E+01 8.22218E-05
0.48 3.1600E+01 1.71831E-04
0.48 3.2600E+01 3.79326E-04
0.48 3.3600E+01 5.62190E-04
0.48 3.4600E+01 9.89011E-04
0.48 4.0000E+01 1.40090E-03
0.48 4.5000E+01 1.23549E-03
0.48 5.0000E+01 1.39413E-03
0.48 5.5000E+01 1.01489E-03
0.48 6.0000E+01 1.38715E-03
0.48 6.5000E+01 1.03447E-03
0.48 7.0000E+01 1.18425E-03
0.48 7.5000E+01 8.66073E-04
0.48 8.0000E+01 9.95159E-04
0.48 8.5000E+01 9.05504E-04
0.48 1.0000E+02 7.77023E-04
0.48 1.1000E+02 6.09307E-04
0.48 1.2000E+02 6.15566E-04
0.48 1.3000E+02 5.46253E-04
0.48 1.4000E+02 4.61902E-04
0.48 1.5000E+02 4.17574E-04
0.48 1.6000E+02 4.39860E-04
0.48 1.7000E+02 3.89423E-04
0.48 1.8000E+02 3.60383E-04
0.48 1.9000E+02 3.07976E-04
0.48 2.1000E+02 2.65099E-04
0.48 2.3000E+02 2.35545E-04
0.48 2.5000E+02 2.07235E-04
0.48 2.7000E+02 1.81035E-04
0.48 2.9000E+02 1.57526E-04
0.48 3.1000E+02 1.37508E-04
0.48 3.3000E+02 1.35167E-04
0.48 3.5000E+02 1.22508E-04
0.48 3.7000E+02 1.11963E-04
0.48 3.9000E+02 1.02338E-04
0.48 4.3000E+02 8.41758E-05
0.48 4.7000E+02 7.23037E-05
0.48 5.1000E+02 6.25074E-05 


0.49 2.5600E+01   NaN
0.49 2.6600E+01   NaN
0.49 2.7600E+01   NaN
0.49 2.8600E+01 2.34302E-05
0.49 2.9600E+01 2.09242E-05
0.49 3.0600E+01 5.67433E-05
0.49 3.1600E+01 1.39704E-04
0.49 3.2600E+01 2.86597E-04
0.49 3.3600E+01 5.07325E-04
0.49 3.4600E+01 8.34655E-04
0.49 4.0000E+01 1.15408E-03
0.49 4.5000E+01 1.19863E-03
0.49 5.0000E+01 1.55736E-03
0.49 5.5000E+01 1.32624E-03
0.49 6.0000E+01 1.28492E-03
0.49 6.5000E+01 1.20380E-03
0.49 7.0000E+01 1.12781E-03
0.49 7.5000E+01 8.66565E-04
0.49 8.0000E+01 9.48746E-04
0.49 8.5000E+01 9.85174E-04
0.49 1.0000E+02 8.98327E-04
0.49 1.1000E+02 6.48242E-04
0.49 1.2000E+02 5.96953E-04
0.49 1.3000E+02 5.71896E-04
0.49 1.4000E+02 5.00245E-04
0.49 1.5000E+02 4.28842E-04
0.49 1.6000E+02 4.52615E-04
0.49 1.7000E+02 4.18827E-04
0.49 1.8000E+02 3.69849E-04
0.49 1.9000E+02 3.27710E-04
0.49 2.1000E+02 2.72149E-04
0.49 2.3000E+02 2.42641E-04
0.49 2.5000E+02 2.16325E-04
0.49 2.7000E+02 1.90253E-04
0.49 2.9000E+02 1.66767E-04
0.49 3.1000E+02 1.46203E-04
0.49 3.3000E+02 1.30225E-04
0.49 3.5000E+02 1.27475E-04
0.49 3.7000E+02 1.16015E-04
0.49 3.9000E+02 1.06241E-04
0.49 4.3000E+02 8.92166E-05
0.49 4.7000E+02 7.59802E-05
0.49 5.1000E+02 6.39264E-05 


0.50 2.5600E+01   NaN
0.50 2.6600E+01   NaN
0.50 2.7600E+01   NaN
0.50 2.8600E+01 1.77785E-05
0.50 2.9600E+01 2.44580E-05
0.50 3.0600E+01 4.13722E-05
0.50 3.1600E+01 1.08881E-04
0.50 3.2600E+01 2.16823E-04
0.50 3.3600E+01 4.27393E-04
0.50 3.4600E+01 6.74114E-04
0.50 4.0000E+01 1.49669E-03
0.50 4.5000E+01 1.07500E-03
0.50 5.0000E+01 1.53571E-03
0.50 5.5000E+01 1.55866E-03
0.50 6.0000E+01 1.09399E-03
0.50 6.5000E+01 1.42056E-03
0.50 7.0000E+01 1.03382E-03
0.50 7.5000E+01 1.10422E-03
0.50 8.0000E+01 8.77479E-04
0.50 8.5000E+01 9.89547E-04
0.50 1.0000E+02 7.81058E-04
0.50 1.1000E+02 7.33363E-04
0.50 1.2000E+02 5.95901E-04
0.50 1.3000E+02 5.82655E-04
0.50 1.4000E+02 5.33612E-04
0.50 1.5000E+02 4.68729E-04
0.50 1.6000E+02 4.08136E-04
0.50 1.7000E+02 4.45294E-04
0.50 1.8000E+02 3.92463E-04
0.50 1.9000E+02 3.49431E-04
0.50 2.1000E+02 2.84938E-04
0.50 2.3000E+02 2.44202E-04
0.50 2.5000E+02 2.23049E-04
0.50 2.7000E+02 1.98316E-04
0.50 2.9000E+02 1.75270E-04
0.50 3.1000E+02 1.54189E-04
0.50 3.3000E+02 1.36532E-04
0.50 3.5000E+02 1.28251E-04
0.50 3.7000E+02 1.20499E-04
0.50 3.9000E+02 1.10499E-04
0.50 4.3000E+02 9.31155E-05
0.50 4.7000E+02 7.93100E-05
0.50 5.1000E+02 6.83570E-05 


0.51 2.5600E+01   NaN
0.51 2.6600E+01   NaN
0.51 2.7600E+01   NaN
0.51 2.8600E+01 1.96067E-05
0.51 2.9600E+01 1.87201E-05
0.51 3.0600E+01 4.86336E-05
0.51 3.1600E+01 8.05952E-05
0.51 3.2600E+01 1.34119E-04
0.51 3.3600E+01 3.25777E-04
0.51 3.4600E+01 5.76918E-04
0.51 4.0000E+01 1.80893E-03
0.51 4.5000E+01 1.36005E-03
0.51 5.0000E+01 1.50681E-03
0.51 5.5000E+01 1.22755E-03
0.51 6.0000E+01 1.04255E-03
0.51 6.5000E+01 1.46378E-03
0.51 7.0000E+01 1.14268E-03
0.51 7.5000E+01 1.49278E-03
0.51 8.0000E+01 8.95550E-04
0.51 8.5000E+01 9.34649E-04
0.51 1.0000E+02 7.62116E-04
0.51 1.1000E+02 8.05175E-04
0.51 1.2000E+02 6.19090E-04
0.51 1.3000E+02 5.82407E-04
0.51 1.4000E+02 5.53963E-04
0.51 1.5000E+02 4.94233E-04
0.51 1.6000E+02 4.29822E-04
0.51 1.7000E+02 3.97804E-04
0.51 1.8000E+02 4.14475E-04
0.51 1.9000E+02 3.71066E-04
0.51 2.1000E+02 3.00752E-04
0.51 2.3000E+02 2.57321E-04
0.51 2.5000E+02 2.29712E-04
0.51 2.7000E+02 2.05694E-04
0.51 2.9000E+02 1.83202E-04
0.51 3.1000E+02 1.62528E-04
0.51 3.3000E+02 1.43971E-04
0.51 3.5000E+02 1.27819E-04
0.51 3.7000E+02 1.25024E-04
0.51 3.9000E+02 1.14623E-04
0.51 4.3000E+02 9.68048E-05
0.51 4.7000E+02 8.26432E-05
0.51 5.1000E+02 7.12337E-05 


0.52 2.5600E+01   NaN
0.52 2.6600E+01   NaN
0.52 2.7600E+01   NaN
0.52 2.8600E+01 0.00000E+00
0.52 2.9600E+01 4.87454E-05
0.52 3.0600E+01 4.31933E-05
0.52 3.1600E+01 6.65407E-05
0.52 3.2600E+01 1.52688E-04
0.52 3.3600E+01 2.57913E-04
0.52 3.4600E+01 4.53718E-04
0.52 4.0000E+01 1.65019E-03
0.52 4.5000E+01 1.12864E-03
0.52 5.0000E+01 1.44261E-03
0.52 5.5000E+01 1.55578E-03
0.52 6.0000E+01 1.70736E-03
0.52 6.5000E+01 1.34016E-03
0.52 7.0000E+01 1.34222E-03
0.52 7.5000E+01 1.09539E-03
0.52 8.0000E+01 1.06397E-03
0.52 8.5000E+01 8.82017E-04
0.52 1.0000E+02 8.28984E-04
0.52 1.1000E+02 1.00516E-03
0.52 1.2000E+02 6.73268E-04
0.52 1.3000E+02 5.81932E-04
0.52 1.4000E+02 5.65207E-04
0.52 1.5000E+02 5.21876E-04
0.52 1.6000E+02 4.59274E-04
0.52 1.7000E+02 4.04109E-04
0.52 1.8000E+02 4.25120E-04
0.52 1.9000E+02 3.91878E-04
0.52 2.1000E+02 3.18959E-04
0.52 2.3000E+02 2.66465E-04
0.52 2.5000E+02 2.36281E-04
0.52 2.7000E+02 2.12129E-04
0.52 2.9000E+02 1.90302E-04
0.52 3.1000E+02 1.70033E-04
0.52 3.3000E+02 1.51330E-04
0.52 3.5000E+02 1.34880E-04
0.52 3.7000E+02 1.20408E-04
0.52 3.9000E+02 1.18414E-04
0.52 4.3000E+02 1.00547E-04
0.52 4.7000E+02 8.59413E-05
0.52 5.1000E+02 7.43967E-05 


0.53 2.5600E+01   NaN
0.53 2.6600E+01   NaN
0.53 2.7600E+01   NaN
0.53 2.8600E+01   NaN
0.53 2.9600E+01 2.91105E-05
0.53 3.0600E+01 3.74862E-05
0.53 3.1600E+01 4.60218E-05
0.53 3.2600E+01 1.09938E-04
0.53 3.3600E+01 1.88038E-04
0.53 3.4600E+01 3.84405E-04
0.53 4.0000E+01 1.76495E-03
0.53 4.5000E+01 1.08331E-03
0.53 5.0000E+01 1.63575E-03
0.53 5.5000E+01 1.66528E-03
0.53 6.0000E+01 1.24343E-03
0.53 6.5000E+01 1.15734E-03
0.53 7.0000E+01 1.45313E-03
0.53 7.5000E+01 1.10619E-03
0.53 8.0000E+01 1.56628E-03
0.53 8.5000E+01 9.08786E-04
0.53 1.0000E+02 9.09212E-04
0.53 1.1000E+02 7.53354E-04
0.53 1.2000E+02 7.45393E-04
0.53 1.3000E+02 5.97353E-04
0.53 1.4000E+02 5.66037E-04
0.53 1.5000E+02 5.40491E-04
0.53 1.6000E+02 4.87967E-04
0.53 1.7000E+02 4.29414E-04
0.53 1.8000E+02 3.84517E-04
0.53 1.9000E+02 4.17445E-04
0.53 2.1000E+02 3.37770E-04
0.53 2.3000E+02 2.79400E-04
0.53 2.5000E+02 2.42821E-04
0.53 2.7000E+02 2.18703E-04
0.53 2.9000E+02 1.96889E-04
0.53 3.1000E+02 1.76606E-04
0.53 3.3000E+02 1.58282E-04
0.53 3.5000E+02 1.41543E-04
0.53 3.7000E+02 1.26856E-04
0.53 3.9000E+02 1.15051E-04
0.53 4.3000E+02 1.04059E-04
0.53 4.7000E+02 8.93611E-05
0.53 5.1000E+02 7.71664E-05 


0.54 2.5600E+01   NaN
0.54 2.6600E+01   NaN
0.54 2.7600E+01   NaN
0.54 2.8600E+01   NaN
0.54 2.9600E+01 2.81324E-05
0.54 3.0600E+01 2.80775E-05
0.54 3.1600E+01 5.48705E-05
0.54 3.2600E+01 7.83497E-05
0.54 3.3600E+01 1.76573E-04
0.54 3.4600E+01 2.95048E-04
0.54 4.0000E+01 1.64171E-03
0.54 4.5000E+01 2.01793E-03
0.54 5.0000E+01 1.27408E-03
0.54 5.5000E+01 1.63648E-03
0.54 6.0000E+01 1.18607E-03
0.54 6.5000E+01 1.14650E-03
0.54 7.0000E+01 1.41315E-03
0.54 7.5000E+01 1.28158E-03
0.54 8.0000E+01 1.11634E-03
0.54 8.5000E+01 1.06793E-03
0.54 1.0000E+02 9.62819E-04
0.54 1.1000E+02 7.58449E-04
0.54 1.2000E+02 8.49875E-04
0.54 1.3000E+02 6.39245E-04
0.54 1.4000E+02 5.66740E-04
0.54 1.5000E+02 5.48424E-04
0.54 1.6000E+02 5.12641E-04
0.54 1.7000E+02 4.55839E-04
0.54 1.8000E+02 4.03596E-04
0.54 1.9000E+02 3.74811E-04
0.54 2.1000E+02 3.56071E-04
0.54 2.3000E+02 2.94536E-04
0.54 2.5000E+02 2.51393E-04
0.54 2.7000E+02 2.24095E-04
0.54 2.9000E+02 2.02768E-04
0.54 3.1000E+02 1.82996E-04
0.54 3.3000E+02 1.64810E-04
0.54 3.5000E+02 1.47946E-04
0.54 3.7000E+02 1.33139E-04
0.54 3.9000E+02 1.19623E-04
0.54 4.3000E+02 1.07404E-04
0.54 4.7000E+02 9.24960E-05
0.54 5.1000E+02 8.00585E-05 


0.55 2.5600E+01   NaN
0.55 2.6600E+01   NaN
0.55 2.7600E+01   NaN
0.55 2.8600E+01   NaN
0.55 2.9600E+01 2.61452E-05
0.55 3.0600E+01 2.57869E-05
0.55 3.1600E+01 5.56722E-05
0.55 3.2600E+01 6.64316E-05
0.55 3.3600E+01 1.37880E-04
0.55 3.4600E+01 2.21922E-04
0.55 4.0000E+01 1.50236E-03
0.55 4.5000E+01 1.38184E-03
0.55 5.0000E+01 1.36218E-03
0.55 5.5000E+01 1.59944E-03
0.55 6.0000E+01 1.48854E-03
0.55 6.5000E+01 1.78062E-03
0.55 7.0000E+01 1.27258E-03
0.55 7.5000E+01 1.43053E-03
0.55 8.0000E+01 1.09085E-03
0.55 8.5000E+01 1.50556E-03
0.55 1.0000E+02 9.63949E-04
0.55 1.1000E+02 8.23720E-04
0.55 1.2000E+02 8.07491E-04
0.55 1.3000E+02 7.00681E-04
0.55 1.4000E+02 5.79873E-04
0.55 1.5000E+02 5.49262E-04
0.55 1.6000E+02 5.23665E-04
0.55 1.7000E+02 4.79247E-04
0.55 1.8000E+02 4.28130E-04
0.55 1.9000E+02 3.84868E-04
0.55 2.1000E+02 3.73394E-04
0.55 2.3000E+02 3.11544E-04
0.55 2.5000E+02 2.62254E-04
0.55 2.7000E+02 2.30634E-04
0.55 2.9000E+02 2.08190E-04
0.55 3.1000E+02 1.88520E-04
0.55 3.3000E+02 1.70760E-04
0.55 3.5000E+02 1.54179E-04
0.55 3.7000E+02 1.39014E-04
0.55 3.9000E+02 1.25656E-04
0.55 4.3000E+02 1.10299E-04
0.55 4.7000E+02 9.55513E-05
0.55 5.1000E+02 8.28087E-05 


0.56 2.5600E+01   NaN
0.56 2.6600E+01   NaN
0.56 2.7600E+01   NaN
0.56 2.8600E+01   NaN
0.56 2.9600E+01 0.00000E+00
0.56 3.0600E+01 2.75192E-05
0.56 3.1600E+01 3.87434E-05
0.56 3.2600E+01 4.97943E-05
0.56 3.3600E+01 1.09017E-04
0.56 3.4600E+01 2.02921E-04
0.56 4.0000E+01 1.59359E-03
0.56 4.5000E+01 1.64301E-03
0.56 5.0000E+01 1.49858E-03
0.56 5.5000E+01 1.51982E-03
0.56 6.0000E+01 1.69849E-03
0.56 6.5000E+01 1.37176E-03
0.56 7.0000E+01 1.14233E-03
0.56 7.5000E+01 1.45331E-03
0.56 8.0000E+01 1.24255E-03
0.56 8.5000E+01 1.14108E-03
0.56 1.0000E+02 9.25886E-04
0.56 1.1000E+02 8.93323E-04
0.56 1.2000E+02 7.21628E-04
0.56 1.3000E+02 7.83072E-04
0.56 1.4000E+02 6.14324E-04
0.56 1.5000E+02 5.50769E-04
0.56 1.6000E+02 5.31590E-04
0.56 1.7000E+02 4.99426E-04
0.56 1.8000E+02 4.60843E-04
0.56 1.9000E+02 4.03530E-04
0.56 2.1000E+02 3.95859E-04
0.56 2.3000E+02 3.27342E-04
0.56 2.5000E+02 2.75221E-04
0.56 2.7000E+02 2.38063E-04
0.56 2.9000E+02 2.13670E-04
0.56 3.1000E+02 1.93913E-04
0.56 3.3000E+02 1.76122E-04
0.56 3.5000E+02 1.59958E-04
0.56 3.7000E+02 1.44910E-04
0.56 3.9000E+02 1.31196E-04
0.56 4.3000E+02 1.07811E-04
0.56 4.7000E+02 9.84318E-05
0.56 5.1000E+02 8.56269E-05 


0.57 2.5600E+01   NaN
0.57 2.6600E+01   NaN
0.57 2.7600E+01   NaN
0.57 2.8600E+01   NaN
0.57 2.9600E+01   NaN
0.57 3.0600E+01 3.25530E-05
0.57 3.1600E+01 3.27116E-05
0.57 3.2600E+01 6.19851E-05
0.57 3.3600E+01 8.89421E-05
0.57 3.4600E+01 1.64037E-04
0.57 4.0000E+01 1.36915E-03
0.57 4.5000E+01 2.10744E-03
0.57 5.0000E+01 1.27946E-03
0.57 5.5000E+01 1.71263E-03
0.57 6.0000E+01 1.71926E-03
0.57 6.5000E+01 1.22209E-03
0.57 7.0000E+01 1.19234E-03
0.57 7.5000E+01 1.35456E-03
0.57 8.0000E+01 1.39788E-03
0.57 8.5000E+01 1.07464E-03
0.57 1.0000E+02 8.81011E-04
0.57 1.1000E+02 9.36893E-04
0.57 1.2000E+02 7.63973E-04
0.57 1.3000E+02 8.72067E-04
0.57 1.4000E+02 6.66433E-04
0.57 1.5000E+02 5.63327E-04
0.57 1.6000E+02 5.32934E-04
0.57 1.7000E+02 5.09623E-04
0.57 1.8000E+02 4.72973E-04
0.57 1.9000E+02 4.26283E-04
0.57 2.1000E+02 3.50929E-04
0.57 2.3000E+02 3.42332E-04
0.57 2.5000E+02 2.89238E-04
0.57 2.7000E+02 2.47373E-04
0.57 2.9000E+02 2.19485E-04
0.57 3.1000E+02 1.98952E-04
0.57 3.3000E+02 1.81272E-04
0.57 3.5000E+02 1.65207E-04
0.57 3.7000E+02 1.50263E-04
0.57 3.9000E+02 1.36547E-04
0.57 4.3000E+02 1.12751E-04
0.57 4.7000E+02 1.01418E-04
0.57 5.1000E+02 8.85779E-05 


0.58 2.5600E+01   NaN
0.58 2.6600E+01   NaN
0.58 2.7600E+01   NaN
0.58 2.8600E+01   NaN
0.58 2.9600E+01   NaN
0.58 3.0600E+01 3.18148E-05
0.58 3.1600E+01 2.19528E-05
0.58 3.2600E+01 5.09163E-05
0.58 3.3600E+01 6.96646E-05
0.58 3.4600E+01 1.29082E-04
0.58 4.0000E+01 1.15863E-03
0.58 4.5000E+01 1.97634E-03
0.58 5.0000E+01 1.19986E-03
0.58 5.5000E+01 1.43916E-03
0.58 6.0000E+01 1.67939E-03
0.58 6.5000E+01 1.45679E-03
0.58 7.0000E+01 1.72632E-03
0.58 7.5000E+01 1.21879E-03
0.58 8.0000E+01 1.45826E-03
0.58 8.5000E+01 1.21620E-03
0.58 1.0000E+02 8.83336E-04
0.58 1.1000E+02 9.35719E-04
0.58 1.2000E+02 8.22353E-04
0.58 1.3000E+02 7.14060E-04
0.58 1.4000E+02 7.26763E-04
0.58 1.5000E+02 5.94126E-04
0.58 1.6000E+02 5.35017E-04
0.58 1.7000E+02 5.13890E-04
0.58 1.8000E+02 4.87084E-04
0.58 1.9000E+02 4.47881E-04
0.58 2.1000E+02 3.62861E-04
0.58 2.3000E+02 3.58398E-04
0.58 2.5000E+02 3.03742E-04
0.58 2.7000E+02 2.58859E-04
0.58 2.9000E+02 2.26372E-04
0.58 3.1000E+02 2.04035E-04
0.58 3.3000E+02 1.85989E-04
0.58 3.5000E+02 1.69963E-04
0.58 3.7000E+02 1.55217E-04
0.58 3.9000E+02 1.41631E-04
0.58 4.3000E+02 1.17789E-04
0.58 4.7000E+02 9.86802E-05
0.58 5.1000E+02 9.08867E-05 


0.59 2.5600E+01   NaN
0.59 2.6600E+01   NaN
0.59 2.7600E+01   NaN
0.59 2.8600E+01   NaN
0.59 2.9600E+01   NaN
0.59 3.0600E+01 3.24697E-05
0.59 3.1600E+01 3.78618E-05
0.59 3.2600E+01 4.72706E-05
0.59 3.3600E+01 6.04873E-05
0.59 3.4600E+01 1.05192E-04
0.59 4.0000E+01 1.03852E-03
0.59 4.5000E+01 1.93348E-03
0.59 5.0000E+01 1.88786E-03
0.59 5.5000E+01 1.37591E-03
0.59 6.0000E+01 1.65328E-03
0.59 6.5000E+01 1.68347E-03
0.59 7.0000E+01 1.33064E-03
0.59 7.5000E+01 1.13739E-03
0.59 8.0000E+01 1.39753E-03
0.59 8.5000E+01 1.37181E-03
0.59 1.0000E+02 9.65996E-04
0.59 1.1000E+02 9.05086E-04
0.59 1.2000E+02 8.78795E-04
0.59 1.3000E+02 7.14441E-04
0.59 1.4000E+02 8.34989E-04
0.59 1.5000E+02 6.39912E-04
0.59 1.6000E+02 5.47169E-04
0.59 1.7000E+02 5.16118E-04
0.59 1.8000E+02 4.94291E-04
0.59 1.9000E+02 4.63975E-04
0.59 2.1000E+02 3.82692E-04
0.59 2.3000E+02 3.42826E-04
0.59 2.5000E+02 3.17028E-04
0.59 2.7000E+02 2.71031E-04
0.59 2.9000E+02 2.34852E-04
0.59 3.1000E+02 2.09426E-04
0.59 3.3000E+02 1.90576E-04
0.59 3.5000E+02 1.74353E-04
0.59 3.7000E+02 1.59770E-04
0.59 3.9000E+02 1.46241E-04
0.59 4.3000E+02 1.21316E-04
0.59 4.7000E+02 1.02481E-04
0.59 5.1000E+02 9.32407E-05 


0.60 2.5600E+01   NaN
0.60 2.6600E+01   NaN
0.60 2.7600E+01   NaN
0.60 2.8600E+01   NaN
0.60 2.9600E+01   NaN
0.60 3.0600E+01 0.00000E+00
0.60 3.1600E+01 3.56269E-05
0.60 3.2600E+01 3.67752E-05
0.60 3.3600E+01 6.32485E-05
0.60 3.4600E+01 8.37175E-05
0.60 4.0000E+01 7.97258E-04
0.60 4.5000E+01 2.19557E-03
0.60 5.0000E+01 1.71677E-03
0.60 5.5000E+01 1.55245E-03
0.60 6.0000E+01 1.76153E-03
0.60 6.5000E+01 1.72820E-03
0.60 7.0000E+01 1.24717E-03
0.60 7.5000E+01 1.37522E-03
0.60 8.0000E+01 1.27541E-03
0.60 8.5000E+01 1.44178E-03
0.60 1.0000E+02 1.20352E-03
0.60 1.1000E+02 8.70205E-04
0.60 1.2000E+02 9.07088E-04
0.60 1.3000E+02 7.64480E-04
0.60 1.4000E+02 7.15650E-04
0.60 1.5000E+02 6.92659E-04
0.60 1.6000E+02 5.76567E-04
0.60 1.7000E+02 5.19901E-04
0.60 1.8000E+02 4.97575E-04
0.60 1.9000E+02 4.74313E-04
0.60 2.1000E+02 4.02273E-04
0.60 2.3000E+02 3.32488E-04
0.60 2.5000E+02 3.29372E-04
0.60 2.7000E+02 2.83329E-04
0.60 2.9000E+02 2.44825E-04
0.60 3.1000E+02 2.15824E-04
0.60 3.3000E+02 1.95147E-04
0.60 3.5000E+02 1.78695E-04
0.60 3.7000E+02 1.63807E-04
0.60 3.9000E+02 1.50710E-04
0.60 4.3000E+02 1.27000E-04
0.60 4.7000E+02 1.07009E-04
0.60 5.1000E+02 9.16859E-05 


0.61 2.5600E+01   NaN
0.61 2.6600E+01   NaN
0.61 2.7600E+01   NaN
0.61 2.8600E+01   NaN
0.61 2.9600E+01   NaN
0.61 3.0600E+01   NaN
0.61 3.1600E+01 3.47348E-05
0.61 3.2600E+01 2.42189E-05
0.61 3.3600E+01 5.43488E-05
0.61 3.4600E+01 6.39998E-05
0.61 4.0000E+01 7.39202E-04
0.61 4.5000E+01 1.89003E-03
0.61 5.0000E+01 1.54887E-03
0.61 5.5000E+01 1.50480E-03
0.61 6.0000E+01 1.78689E-03
0.61 6.5000E+01 1.68119E-03
0.61 7.0000E+01 1.48673E-03
0.61 7.5000E+01 1.63894E-03
0.61 8.0000E+01 1.17374E-03
0.61 8.5000E+01 1.40298E-03
0.61 1.0000E+02 1.27471E-03
0.61 1.1000E+02 8.63374E-04
0.61 1.2000E+02 9.02812E-04
0.61 1.3000E+02 8.20366E-04
0.61 1.4000E+02 6.80696E-04
0.61 1.5000E+02 7.77595E-04
0.61 1.6000E+02 6.18031E-04
0.61 1.7000E+02 5.33314E-04
0.61 1.8000E+02 5.00265E-04
0.61 1.9000E+02 4.79360E-04
0.61 2.1000E+02 4.20756E-04
0.61 2.3000E+02 3.46953E-04
0.61 2.5000E+02 3.45300E-04
0.61 2.7000E+02 2.95451E-04
0.61 2.9000E+02 2.55424E-04
0.61 3.1000E+02 2.22756E-04
0.61 3.3000E+02 2.00589E-04
0.61 3.5000E+02 1.82955E-04
0.61 3.7000E+02 1.68050E-04
0.61 3.9000E+02 1.54546E-04
0.61 4.3000E+02 1.30951E-04
0.61 4.7000E+02 1.11185E-04
0.61 5.1000E+02 9.42645E-05 


0.62 2.5600E+01   NaN
0.62 2.6600E+01   NaN
0.62 2.7600E+01   NaN
0.62 2.8600E+01   NaN
0.62 2.9600E+01   NaN
0.62 3.0600E+01   NaN
0.62 3.1600E+01 3.65183E-05
0.62 3.2600E+01 4.12110E-05
0.62 3.3600E+01 4.66810E-05
0.62 3.4600E+01 7.65804E-05
0.62 4.0000E+01 6.33361E-04
0.62 4.5000E+01 1.72555E-03
0.62 5.0000E+01 2.09998E-03
0.62 5.5000E+01 1.28001E-03
0.62 6.0000E+01 1.48810E-03
0.62 6.5000E+01 1.66330E-03
0.62 7.0000E+01 1.71409E-03
0.62 7.5000E+01 1.28890E-03
0.62 8.0000E+01 1.17029E-03
0.62 8.5000E+01 1.30665E-03
0.62 1.0000E+02 1.06105E-03
0.62 1.1000E+02 9.19784E-04
0.62 1.2000E+02 8.77288E-04
0.62 1.3000E+02 8.61763E-04
0.62 1.4000E+02 7.19007E-04
0.62 1.5000E+02 7.19036E-04
0.62 1.6000E+02 6.65200E-04
0.62 1.7000E+02 5.61209E-04
0.62 1.8000E+02 5.05721E-04
0.62 1.9000E+02 4.81801E-04
0.62 2.1000E+02 4.33513E-04
0.62 2.3000E+02 3.64984E-04
0.62 2.5000E+02 3.11280E-04
0.62 2.7000E+02 3.06558E-04
0.62 2.9000E+02 2.66390E-04
0.62 3.1000E+02 2.32529E-04
0.62 3.3000E+02 2.06473E-04
0.62 3.5000E+02 1.87296E-04
0.62 3.7000E+02 1.71931E-04
0.62 3.9000E+02 1.58467E-04
0.62 4.3000E+02 1.35067E-04
0.62 4.7000E+02 1.15267E-04
0.62 5.1000E+02 9.81087E-05 


0.63 2.5600E+01   NaN
0.63 2.6600E+01   NaN
0.63 2.7600E+01   NaN
0.63 2.8600E+01   NaN
0.63 2.9600E+01   NaN
0.63 3.0600E+01   NaN
0.63 3.1600E+01 3.51354E-05
0.63 3.2600E+01 3.88405E-05
0.63 3.3600E+01 3.93039E-05
0.63 3.4600E+01 6.28489E-05
0.63 4.0000E+01 5.02392E-04
0.63 4.5000E+01 1.82712E-03
0.63 5.0000E+01 2.28473E-03
0.63 5.5000E+01 1.40290E-03
0.63 6.0000E+01 1.43547E-03
0.63 6.5000E+01 1.61956E-03
0.63 7.0000E+01 1.78010E-03
0.63 7.5000E+01 1.30037E-03
0.63 8.0000E+01 1.73846E-03
0.63 8.5000E+01 1.20167E-03
0.63 1.0000E+02 1.07499E-03
0.63 1.1000E+02 1.05366E-03
0.63 1.2000E+02 8.47350E-04
0.63 1.3000E+02 8.75798E-04
0.63 1.4000E+02 7.69944E-04
0.63 1.5000E+02 6.57079E-04
0.63 1.6000E+02 7.35331E-04
0.63 1.7000E+02 5.99542E-04
0.63 1.8000E+02 5.20663E-04
0.63 1.9000E+02 4.85398E-04
0.63 2.1000E+02 4.42408E-04
0.63 2.3000E+02 3.81521E-04
0.63 2.5000E+02 3.19267E-04
0.63 2.7000E+02 3.19842E-04
0.63 2.9000E+02 2.77080E-04
0.63 3.1000E+02 2.42061E-04
0.63 3.3000E+02 2.13637E-04
0.63 3.5000E+02 1.92238E-04
0.63 3.7000E+02 1.75926E-04
0.63 3.9000E+02 1.62081E-04
0.63 4.3000E+02 1.38684E-04
0.63 4.7000E+02 1.18782E-04
0.63 5.1000E+02 1.01636E-04 


0.64 2.5600E+01   NaN
0.64 2.6600E+01   NaN
0.64 2.7600E+01   NaN
0.64 2.8600E+01   NaN
0.64 2.9600E+01   NaN
0.64 3.0600E+01   NaN
0.64 3.1600E+01 0.00000E+00
0.64 3.2600E+01 3.90325E-05
0.64 3.3600E+01 2.71712E-05
0.64 3.4600E+01 5.46144E-05
0.64 4.0000E+01 4.12508E-04
0.64 4.5000E+01 1.59756E-03
0.64 5.0000E+01 2.07756E-03
0.64 5.5000E+01 2.23784E-03
0.64 6.0000E+01 1.59314E-03
0.64 6.5000E+01 1.86502E-03
0.64 7.0000E+01 1.74965E-03
0.64 7.5000E+01 1.55039E-03
0.64 8.0000E+01 1.46977E-03
0.64 8.5000E+01 1.14557E-03
0.64 1.0000E+02 1.19378E-03
0.64 1.1000E+02 1.32926E-03
0.64 1.2000E+02 8.39948E-04
0.64 1.3000E+02 8.64253E-04
0.64 1.4000E+02 8.13987E-04
0.64 1.5000E+02 6.81393E-04
0.64 1.6000E+02 7.08768E-04
0.64 1.7000E+02 6.42223E-04
0.64 1.8000E+02 5.47485E-04
0.64 1.9000E+02 4.92450E-04
0.64 2.1000E+02 4.47256E-04
0.64 2.3000E+02 3.95870E-04
0.64 2.5000E+02 3.34324E-04
0.64 2.7000E+02 2.98915E-04
0.64 2.9000E+02 2.86992E-04
0.64 3.1000E+02 2.51696E-04
0.64 3.3000E+02 2.21719E-04
0.64 3.5000E+02 1.97968E-04
0.64 3.7000E+02 1.80079E-04
0.64 3.9000E+02 1.65762E-04
0.64 4.3000E+02 1.42035E-04
0.64 4.7000E+02 1.22294E-04
0.64 5.1000E+02 1.05281E-04 


0.65 2.5600E+01   NaN
0.65 2.6600E+01   NaN
0.65 2.7600E+01   NaN
0.65 2.8600E+01   NaN
0.65 2.9600E+01   NaN
0.65 3.0600E+01   NaN
0.65 3.1600E+01   NaN
0.65 3.2600E+01 4.07017E-05
0.65 3.3600E+01 4.61988E-05
0.65 3.4600E+01 4.73538E-05
0.65 4.0000E+01 3.36495E-04
0.65 4.5000E+01 1.34593E-03
0.65 5.0000E+01 2.11476E-03
0.65 5.5000E+01 1.70941E-03
0.65 6.0000E+01 1.57918E-03
0.65 6.5000E+01 1.66870E-03
0.65 7.0000E+01 1.72979E-03
0.65 7.5000E+01 1.74767E-03
0.65 8.0000E+01 1.24853E-03
0.65 8.5000E+01 1.40888E-03
0.65 1.0000E+02 1.30859E-03
0.65 1.1000E+02 1.09339E-03
0.65 1.2000E+02 8.87821E-04
0.65 1.3000E+02 8.40265E-04
0.65 1.4000E+02 8.38455E-04
0.65 1.5000E+02 7.26490E-04
0.65 1.6000E+02 6.36527E-04
0.65 1.7000E+02 7.03298E-04
0.65 1.8000E+02 5.83241E-04
0.65 1.9000E+02 5.08661E-04
0.65 2.1000E+02 4.50065E-04
0.65 2.3000E+02 4.06698E-04
0.65 2.5000E+02 3.49364E-04
0.65 2.7000E+02 2.96504E-04
0.65 2.9000E+02 2.96421E-04
0.65 3.1000E+02 2.61000E-04
0.65 3.3000E+02 2.30210E-04
0.65 3.5000E+02 2.04601E-04
0.65 3.7000E+02 1.84825E-04
0.65 3.9000E+02 1.69016E-04
0.65 4.3000E+02 1.45293E-04
0.65 4.7000E+02 1.25494E-04
0.65 5.1000E+02 1.08473E-04 


