0.40 2.5600E+01   NaN
0.40 2.6600E+01   NaN
0.40 2.7600E+01 2.12275E-05
0.40 2.8600E+01 3.83904E-05
0.40 2.9600E+01 1.03260E-04
0.40 3.0600E+01 1.75809E-04
0.40 3.1600E+01 5.71723E-04
0.40 3.2600E+01 9.01183E-04
0.40 3.3600E+01 1.15909E-03
0.40 3.4600E+01 1.35305E-03
0.40 4.0000E+01 8.27301E-04
0.40 4.5000E+01 1.57037E-03
0.40 5.0000E+01 1.32803E-03
0.40 5.5000E+01 1.20040E-03
0.40 6.0000E+01 1.04740E-03
0.40 6.5000E+01 1.16162E-03
0.40 7.0000E+01 6.29790E-04
0.40 7.5000E+01 8.95964E-04
0.40 8.0000E+01 9.13411E-04
0.40 8.5000E+01 7.36540E-04
0.40 1.0000E+02 7.14160E-04
0.40 1.1000E+02 4.49735E-04
0.40 1.2000E+02 4.92134E-04
0.40 1.3000E+02 4.90774E-04
0.40 1.4000E+02 4.31786E-04
0.40 1.5000E+02 3.78411E-04
0.40 1.6000E+02 3.48964E-04
0.40 1.7000E+02 3.07832E-04
0.40 1.8000E+02 2.86842E-04
0.40 1.9000E+02 2.77305E-04
0.40 2.1000E+02 2.53253E-04
0.40 2.3000E+02 1.93413E-04
0.40 2.5000E+02 1.69340E-04
0.40 2.7000E+02 1.51344E-04
0.40 2.9000E+02 1.35622E-04
0.40 3.1000E+02 1.22842E-04
0.40 3.3000E+02 1.10964E-04
0.40 3.5000E+02 1.01096E-04
0.40 3.7000E+02 9.23557E-05
0.40 3.9000E+02 8.44746E-05
0.40 4.3000E+02 7.15183E-05
0.40 4.7000E+02 6.04781E-05
0.40 5.1000E+02 5.27387E-05 


0.41 2.5600E+01   NaN
0.41 2.6600E+01   NaN
0.41 2.7600E+01 3.17525E-05
0.41 2.8600E+01 5.57322E-05
0.41 2.9600E+01 9.75395E-05
0.41 3.0600E+01 2.07281E-04
0.41 3.1600E+01 4.26432E-04
0.41 3.2600E+01 6.71764E-04
0.41 3.3600E+01 1.07693E-03
0.41 3.4600E+01 1.58685E-03
0.41 4.0000E+01 1.30390E-03
0.41 4.5000E+01 1.40580E-03
0.41 5.0000E+01 1.14280E-03
0.41 5.5000E+01 1.12267E-03
0.41 6.0000E+01 1.05985E-03
0.41 6.5000E+01 9.74851E-04
0.41 7.0000E+01 1.00599E-03
0.41 7.5000E+01 7.85629E-04
0.41 8.0000E+01 9.77077E-04
0.41 8.5000E+01 8.66131E-04
0.41 1.0000E+02 6.45206E-04
0.41 1.1000E+02 6.44946E-04
0.41 1.2000E+02 5.16701E-04
0.41 1.3000E+02 4.73195E-04
0.41 1.4000E+02 4.25790E-04
0.41 1.5000E+02 4.08258E-04
0.41 1.6000E+02 3.69199E-04
0.41 1.7000E+02 3.31025E-04
0.41 1.8000E+02 3.00631E-04
0.41 1.9000E+02 2.84330E-04
0.41 2.1000E+02 2.67739E-04
0.41 2.3000E+02 2.00764E-04
0.41 2.5000E+02 1.73664E-04
0.41 2.7000E+02 1.65727E-04
0.41 2.9000E+02 1.43009E-04
0.41 3.1000E+02 1.28670E-04
0.41 3.3000E+02 1.16316E-04
0.41 3.5000E+02 1.06156E-04
0.41 3.7000E+02 9.67409E-05
0.41 3.9000E+02 8.88913E-05
0.41 4.3000E+02 7.53427E-05
0.41 4.7000E+02 6.45154E-05
0.41 5.1000E+02 5.57776E-05 


0.42 2.5600E+01   NaN
0.42 2.6600E+01   NaN
0.42 2.7600E+01 1.35392E-05
0.42 2.8600E+01 1.26727E-05
0.42 2.9600E+01 5.35369E-05
0.42 3.0600E+01 6.62359E-05
0.42 3.1600E+01 2.48813E-04
0.42 3.2600E+01 4.96428E-04
0.42 3.3600E+01 9.15352E-04
0.42 3.4600E+01 1.21745E-03
0.42 4.0000E+01 9.90051E-04
0.42 4.5000E+01 1.82448E-03
0.42 5.0000E+01 1.09012E-03
0.42 5.5000E+01 1.07481E-03
0.42 6.0000E+01 1.48950E-03
0.42 6.5000E+01 1.04775E-03
0.42 7.0000E+01 9.59494E-04
0.42 7.5000E+01 9.93563E-04
0.42 8.0000E+01 8.39945E-04
0.42 8.5000E+01 9.09946E-04
0.42 1.0000E+02 6.63948E-04
0.42 1.1000E+02 7.28376E-04
0.42 1.2000E+02 5.07220E-04
0.42 1.3000E+02 4.88022E-04
0.42 1.4000E+02 4.57857E-04
0.42 1.5000E+02 4.21980E-04
0.42 1.6000E+02 3.90602E-04
0.42 1.7000E+02 3.52308E-04
0.42 1.8000E+02 3.18657E-04
0.42 1.9000E+02 2.89910E-04
0.42 2.1000E+02 2.61015E-04
0.42 2.3000E+02 2.37655E-04
0.42 2.5000E+02 1.83577E-04
0.42 2.7000E+02 1.65271E-04
0.42 2.9000E+02 1.48717E-04
0.42 3.1000E+02 1.34449E-04
0.42 3.3000E+02 1.21914E-04
0.42 3.5000E+02 1.10915E-04
0.42 3.7000E+02 1.01578E-04
0.42 3.9000E+02 9.29255E-05
0.42 4.3000E+02 7.91106E-05
0.42 4.7000E+02 6.78522E-05
0.42 5.1000E+02 5.87821E-05 


0.43 2.5600E+01   NaN
0.43 2.6600E+01   NaN
0.43 2.7600E+01 2.90029E-06
0.43 2.8600E+01 7.12697E-06
0.43 2.9600E+01 3.70220E-05
0.43 3.0600E+01 7.96648E-05
0.43 3.1600E+01 1.92539E-04
0.43 3.2600E+01 4.29210E-04
0.43 3.3600E+01 8.05682E-04
0.43 3.4600E+01 1.13722E-03
0.43 4.0000E+01 1.38216E-03
0.43 4.5000E+01 1.58630E-03
0.43 5.0000E+01 1.39203E-03
0.43 5.5000E+01 1.42681E-03
0.43 6.0000E+01 1.29060E-03
0.43 6.5000E+01 1.25885E-03
0.43 7.0000E+01 9.42626E-04
0.43 7.5000E+01 1.01829E-03
0.43 8.0000E+01 7.21422E-04
0.43 8.5000E+01 9.27414E-04
0.43 1.0000E+02 7.01418E-04
0.43 1.1000E+02 6.56768E-04
0.43 1.2000E+02 6.41556E-04
0.43 1.3000E+02 4.74891E-04
0.43 1.4000E+02 4.69571E-04
0.43 1.5000E+02 4.44264E-04
0.43 1.6000E+02 4.11508E-04
0.43 1.7000E+02 3.74561E-04
0.43 1.8000E+02 3.38511E-04
0.43 1.9000E+02 3.08142E-04
0.43 2.1000E+02 2.64702E-04
0.43 2.3000E+02 2.45050E-04
0.43 2.5000E+02 2.16852E-04
0.43 2.7000E+02 1.72360E-04
0.43 2.9000E+02 1.55050E-04
0.43 3.1000E+02 1.40270E-04
0.43 3.3000E+02 1.27210E-04
0.43 3.5000E+02 1.15888E-04
0.43 3.7000E+02 1.06099E-04
0.43 3.9000E+02 9.74642E-05
0.43 4.3000E+02 8.14580E-05
0.43 4.7000E+02 7.13603E-05
0.43 5.1000E+02 6.17455E-05 


0.44 2.5600E+01   NaN
0.44 2.6600E+01   NaN
0.44 2.7600E+01   NaN
0.44 2.8600E+01 1.95057E-05
0.44 2.9600E+01 7.42915E-05
0.44 3.0600E+01 6.31702E-05
0.44 3.1600E+01 2.62038E-04
0.44 3.2600E+01 3.81085E-04
0.44 3.3600E+01 7.11093E-04
0.44 3.4600E+01 9.95457E-04
0.44 4.0000E+01 1.20377E-03
0.44 4.5000E+01 1.36934E-03
0.44 5.0000E+01 1.64529E-03
0.44 5.5000E+01 1.08836E-03
0.44 6.0000E+01 1.03174E-03
0.44 6.5000E+01 1.40443E-03
0.44 7.0000E+01 1.03103E-03
0.44 7.5000E+01 1.05729E-03
0.44 8.0000E+01 8.45925E-04
0.44 8.5000E+01 8.22302E-04
0.44 1.0000E+02 7.90986E-04
0.44 1.1000E+02 6.52662E-04
0.44 1.2000E+02 6.64714E-04
0.44 1.3000E+02 5.39752E-04
0.44 1.4000E+02 4.69994E-04
0.44 1.5000E+02 4.52268E-04
0.44 1.6000E+02 4.25569E-04
0.44 1.7000E+02 3.92689E-04
0.44 1.8000E+02 3.59415E-04
0.44 1.9000E+02 3.27691E-04
0.44 2.1000E+02 2.73707E-04
0.44 2.3000E+02 2.48172E-04
0.44 2.5000E+02 2.28662E-04
0.44 2.7000E+02 1.79068E-04
0.44 2.9000E+02 1.61404E-04
0.44 3.1000E+02 1.48833E-04
0.44 3.3000E+02 1.32696E-04
0.44 3.5000E+02 1.21018E-04
0.44 3.7000E+02 1.10648E-04
0.44 3.9000E+02 1.01606E-04
0.44 4.3000E+02 8.68629E-05
0.44 4.7000E+02 7.46028E-05
0.44 5.1000E+02 6.47838E-05 


0.45 2.5600E+01   NaN
0.45 2.6600E+01   NaN
0.45 2.7600E+01   NaN
0.45 2.8600E+01 2.97655E-05
0.45 2.9600E+01 4.22021E-05
0.45 3.0600E+01 6.09751E-05
0.45 3.1600E+01 1.22929E-04
0.45 3.2600E+01 2.48635E-04
0.45 3.3600E+01 5.07565E-04
0.45 3.4600E+01 7.85850E-04
0.45 4.0000E+01 1.32424E-03
0.45 4.5000E+01 1.27710E-03
0.45 5.0000E+01 1.41282E-03
0.45 5.5000E+01 1.05142E-03
0.45 6.0000E+01 1.36180E-03
0.45 6.5000E+01 1.46508E-03
0.45 7.0000E+01 1.24371E-03
0.45 7.5000E+01 9.77163E-04
0.45 8.0000E+01 1.16873E-03
0.45 8.5000E+01 9.25441E-04
0.45 1.0000E+02 8.56761E-04
0.45 1.1000E+02 6.92768E-04
0.45 1.2000E+02 6.47064E-04
0.45 1.3000E+02 6.05710E-04
0.45 1.4000E+02 4.51004E-04
0.45 1.5000E+02 4.56419E-04
0.45 1.6000E+02 4.33390E-04
0.45 1.7000E+02 4.03883E-04
0.45 1.8000E+02 3.77278E-04
0.45 1.9000E+02 3.44847E-04
0.45 2.1000E+02 2.88720E-04
0.45 2.3000E+02 2.51683E-04
0.45 2.5000E+02 2.32911E-04
0.45 2.7000E+02 2.10591E-04
0.45 2.9000E+02 1.67714E-04
0.45 3.1000E+02 1.51566E-04
0.45 3.3000E+02 1.37782E-04
0.45 3.5000E+02 1.25908E-04
0.45 3.7000E+02 1.15910E-04
0.45 3.9000E+02 1.05915E-04
0.45 4.3000E+02 9.04547E-05
0.45 4.7000E+02 7.77182E-05
0.45 5.1000E+02 7.00145E-05 


0.46 2.5600E+01   NaN
0.46 2.6600E+01   NaN
0.46 2.7600E+01   NaN
0.46 2.8600E+01 2.28517E-05
0.46 2.9600E+01 2.51755E-05
0.46 3.0600E+01 7.02650E-05
0.46 3.1600E+01 8.78970E-05
0.46 3.2600E+01 2.01178E-04
0.46 3.3600E+01 3.78125E-04
0.46 3.4600E+01 6.63581E-04
0.46 4.0000E+01 1.79659E-03
0.46 4.5000E+01 1.35225E-03
0.46 5.0000E+01 1.46272E-03
0.46 5.5000E+01 1.40089E-03
0.46 6.0000E+01 1.25666E-03
0.46 6.5000E+01 1.08969E-03
0.46 7.0000E+01 1.39354E-03
0.46 7.5000E+01 1.06539E-03
0.46 8.0000E+01 1.04257E-03
0.46 8.5000E+01 9.54999E-04
0.46 1.0000E+02 8.90792E-04
0.46 1.1000E+02 7.52734E-04
0.46 1.2000E+02 6.38229E-04
0.46 1.3000E+02 6.45828E-04
0.46 1.4000E+02 4.28200E-04
0.46 1.5000E+02 4.46697E-04
0.46 1.6000E+02 4.41636E-04
0.46 1.7000E+02 4.19948E-04
0.46 1.8000E+02 3.92083E-04
0.46 1.9000E+02 3.64078E-04
0.46 2.1000E+02 3.05635E-04
0.46 2.3000E+02 2.59682E-04
0.46 2.5000E+02 2.35961E-04
0.46 2.7000E+02 2.13501E-04
0.46 2.9000E+02 1.89370E-04
0.46 3.1000E+02 1.56316E-04
0.46 3.3000E+02 1.43348E-04
0.46 3.5000E+02 1.30801E-04
0.46 3.7000E+02 1.19823E-04
0.46 3.9000E+02 1.10165E-04
0.46 4.3000E+02 9.39709E-05
0.46 4.7000E+02 8.11131E-05
0.46 5.1000E+02 7.06312E-05 


0.47 2.5600E+01   NaN
0.47 2.6600E+01   NaN
0.47 2.7600E+01   NaN
0.47 2.8600E+01 2.00080E-05
0.47 2.9600E+01 2.93046E-05
0.47 3.0600E+01 5.02104E-05
0.47 3.1600E+01 8.10053E-05
0.47 3.2600E+01 1.66092E-04
0.47 3.3600E+01 3.05523E-04
0.47 3.4600E+01 5.45430E-04
0.47 4.0000E+01 1.68626E-03
0.47 4.5000E+01 1.08771E-03
0.47 5.0000E+01 1.67789E-03
0.47 5.5000E+01 1.65021E-03
0.47 6.0000E+01 1.12936E-03
0.47 6.5000E+01 1.33265E-03
0.47 7.0000E+01 1.43856E-03
0.47 7.5000E+01 1.24503E-03
0.47 8.0000E+01 9.83835E-04
0.47 8.5000E+01 1.09646E-03
0.47 1.0000E+02 8.88831E-04
0.47 1.1000E+02 8.12826E-04
0.47 1.2000E+02 6.69140E-04
0.47 1.3000E+02 6.28692E-04
0.47 1.4000E+02 6.20939E-04
0.47 1.5000E+02 4.45311E-04
0.47 1.6000E+02 4.45008E-04
0.47 1.7000E+02 4.27060E-04
0.47 1.8000E+02 4.04206E-04
0.47 1.9000E+02 3.77195E-04
0.47 2.1000E+02 3.22705E-04
0.47 2.3000E+02 2.72836E-04
0.47 2.5000E+02 2.39206E-04
0.47 2.7000E+02 2.20574E-04
0.47 2.9000E+02 2.02922E-04
0.47 3.1000E+02 1.63261E-04
0.47 3.3000E+02 1.49243E-04
0.47 3.5000E+02 1.35871E-04
0.47 3.7000E+02 1.24426E-04
0.47 3.9000E+02 1.14393E-04
0.47 4.3000E+02 9.76323E-05
0.47 4.7000E+02 8.30064E-05
0.47 5.1000E+02 7.33877E-05 


0.48 2.5600E+01   NaN
0.48 2.6600E+01   NaN
0.48 2.7600E+01   NaN
0.48 2.8600E+01 0.00000E+00
0.48 2.9600E+01 2.77715E-05
0.48 3.0600E+01 3.92522E-05
0.48 3.1600E+01 6.47587E-05
0.48 3.2600E+01 1.41044E-04
0.48 3.3600E+01 1.86399E-04
0.48 3.4600E+01 4.31319E-04
0.48 4.0000E+01 1.66641E-03
0.48 4.5000E+01 1.27154E-03
0.48 5.0000E+01 1.48681E-03
0.48 5.5000E+01 1.67644E-03
0.48 6.0000E+01 1.17941E-03
0.48 6.5000E+01 1.58839E-03
0.48 7.0000E+01 1.22073E-03
0.48 7.5000E+01 1.39417E-03
0.48 8.0000E+01 1.09002E-03
0.48 8.5000E+01 1.01320E-03
0.48 1.0000E+02 8.60324E-04
0.48 1.1000E+02 8.57784E-04
0.48 1.2000E+02 7.07532E-04
0.48 1.3000E+02 6.23090E-04
0.48 1.4000E+02 6.26706E-04
0.48 1.5000E+02 5.70859E-04
0.48 1.6000E+02 4.32459E-04
0.48 1.7000E+02 4.29768E-04
0.48 1.8000E+02 3.93477E-04
0.48 1.9000E+02 3.88277E-04
0.48 2.1000E+02 3.37191E-04
0.48 2.3000E+02 2.87631E-04
0.48 2.5000E+02 2.47347E-04
0.48 2.7000E+02 2.23394E-04
0.48 2.9000E+02 2.07607E-04
0.48 3.1000E+02 1.89486E-04
0.48 3.3000E+02 1.54762E-04
0.48 3.5000E+02 1.41096E-04
0.48 3.7000E+02 1.28694E-04
0.48 3.9000E+02 1.18061E-04
0.48 4.3000E+02 1.02400E-04
0.48 4.7000E+02 8.77320E-05
0.48 5.1000E+02 7.63957E-05 


0.49 2.5600E+01   NaN
0.49 2.6600E+01   NaN
0.49 2.7600E+01   NaN
0.49 2.8600E+01   NaN
0.49 2.9600E+01 1.53928E-05
0.49 3.0600E+01 2.73900E-05
0.49 3.1600E+01 6.13469E-05
0.49 3.2600E+01 9.95686E-05
0.49 3.3600E+01 1.72507E-04
0.49 3.4600E+01 3.12305E-04
0.49 4.0000E+01 1.86007E-03
0.49 4.5000E+01 1.55581E-03
0.49 5.0000E+01 1.34694E-03
0.49 5.5000E+01 1.65704E-03
0.49 6.0000E+01 1.46772E-03
0.49 6.5000E+01 1.39527E-03
0.49 7.0000E+01 1.30426E-03
0.49 7.5000E+01 1.46642E-03
0.49 8.0000E+01 1.25687E-03
0.49 8.5000E+01 1.00627E-03
0.49 1.0000E+02 7.62792E-04
0.49 1.1000E+02 8.70532E-04
0.49 1.2000E+02 7.77311E-04
0.49 1.3000E+02 6.50115E-04
0.49 1.4000E+02 6.09195E-04
0.49 1.5000E+02 6.09299E-04
0.49 1.6000E+02 4.61087E-04
0.49 1.7000E+02 4.35019E-04
0.49 1.8000E+02 4.14862E-04
0.49 1.9000E+02 3.97175E-04
0.49 2.1000E+02 3.51668E-04
0.49 2.3000E+02 3.03558E-04
0.49 2.5000E+02 2.58248E-04
0.49 2.7000E+02 2.28196E-04
0.49 2.9000E+02 2.10164E-04
0.49 3.1000E+02 1.95114E-04
0.49 3.3000E+02 1.74699E-04
0.49 3.5000E+02 1.46343E-04
0.49 3.7000E+02 1.33945E-04
0.49 3.9000E+02 1.29140E-04
0.49 4.3000E+02 1.04988E-04
0.49 4.7000E+02 9.06445E-05
0.49 5.1000E+02 7.97206E-05 


0.50 2.5600E+01   NaN
0.50 2.6600E+01   NaN
0.50 2.7600E+01   NaN
0.50 2.8600E+01   NaN
0.50 2.9600E+01 2.17867E-05
0.50 3.0600E+01 1.95799E-05
0.50 3.1600E+01 4.57419E-05
0.50 3.2600E+01 8.27563E-05
0.50 3.3600E+01 1.37058E-04
0.50 3.4600E+01 2.31860E-04
0.50 4.0000E+01 1.60940E-03
0.50 4.5000E+01 1.29215E-03
0.50 5.0000E+01 1.50409E-03
0.50 5.5000E+01 1.47742E-03
0.50 6.0000E+01 1.67959E-03
0.50 6.5000E+01 1.18939E-03
0.50 7.0000E+01 1.51437E-03
0.50 7.5000E+01 1.31274E-03
0.50 8.0000E+01 1.39254E-03
0.50 8.5000E+01 1.11884E-03
0.50 1.0000E+02 9.71243E-04
0.50 1.1000E+02 8.38367E-04
0.50 1.2000E+02 8.21533E-04
0.50 1.3000E+02 6.97347E-04
0.50 1.4000E+02 6.06986E-04
0.50 1.5000E+02 5.94074E-04
0.50 1.6000E+02 5.70463E-04
0.50 1.7000E+02 4.23757E-04
0.50 1.8000E+02 4.18626E-04
0.50 1.9000E+02 4.02204E-04
0.50 2.1000E+02 3.61207E-04
0.50 2.3000E+02 3.14002E-04
0.50 2.5000E+02 2.72337E-04
0.50 2.7000E+02 2.36658E-04
0.50 2.9000E+02 2.13444E-04
0.50 3.1000E+02 1.98562E-04
0.50 3.3000E+02 1.82718E-04
0.50 3.5000E+02 1.55783E-04
0.50 3.7000E+02 1.39031E-04
0.50 3.9000E+02 1.27356E-04
0.50 4.3000E+02 1.08699E-04
0.50 4.7000E+02 9.38454E-05
0.50 5.1000E+02 8.18354E-05 


0.51 2.5600E+01   NaN
0.51 2.6600E+01   NaN
0.51 2.7600E+01   NaN
0.51 2.8600E+01   NaN
0.51 2.9600E+01 1.98171E-05
0.51 3.0600E+01 2.87254E-05
0.51 3.1600E+01 3.60452E-05
0.51 3.2600E+01 3.48717E-05
0.51 3.3600E+01 9.77889E-05
0.51 3.4600E+01 2.14758E-04
0.51 4.0000E+01 1.67784E-03
0.51 4.5000E+01 1.83483E-03
0.51 5.0000E+01 1.42715E-03
0.51 5.5000E+01 1.81393E-03
0.51 6.0000E+01 1.72739E-03
0.51 6.5000E+01 1.31329E-03
0.51 7.0000E+01 1.48229E-03
0.51 7.5000E+01 9.64501E-04
0.51 8.0000E+01 1.43542E-03
0.51 8.5000E+01 1.27496E-03
0.51 1.0000E+02 1.08894E-03
0.51 1.1000E+02 8.14017E-04
0.51 1.2000E+02 8.42942E-04
0.51 1.3000E+02 7.47939E-04
0.51 1.4000E+02 6.37442E-04
0.51 1.5000E+02 5.88000E-04
0.51 1.6000E+02 5.85166E-04
0.51 1.7000E+02 5.23034E-04
0.51 1.8000E+02 4.24334E-04
0.51 1.9000E+02 4.06356E-04
0.51 2.1000E+02 3.69056E-04
0.51 2.3000E+02 3.27498E-04
0.51 2.5000E+02 2.85484E-04
0.51 2.7000E+02 2.47391E-04
0.51 2.9000E+02 2.18835E-04
0.51 3.1000E+02 2.00764E-04
0.51 3.3000E+02 1.86750E-04
0.51 3.5000E+02 1.72090E-04
0.51 3.7000E+02 1.43474E-04
0.51 3.9000E+02 1.31993E-04
0.51 4.3000E+02 1.12553E-04
0.51 4.7000E+02 9.71050E-05
0.51 5.1000E+02 8.46351E-05 


0.52 2.5600E+01   NaN
0.52 2.6600E+01   NaN
0.52 2.7600E+01   NaN
0.52 2.8600E+01   NaN
0.52 2.9600E+01   NaN
0.52 3.0600E+01 3.07823E-05
0.52 3.1600E+01 3.32133E-05
0.52 3.2600E+01 5.68580E-05
0.52 3.3600E+01 9.01227E-05
0.52 3.4600E+01 1.48806E-04
0.52 4.0000E+01 1.41274E-03
0.52 4.5000E+01 2.13330E-03
0.52 5.0000E+01 1.07582E-03
0.52 5.5000E+01 1.53264E-03
0.52 6.0000E+01 1.37574E-03
0.52 6.5000E+01 1.55831E-03
0.52 7.0000E+01 1.26101E-03
0.52 7.5000E+01 1.43689E-03
0.52 8.0000E+01 1.36665E-03
0.52 8.5000E+01 1.39339E-03
0.52 1.0000E+02 1.05110E-03
0.52 1.1000E+02 6.38832E-04
0.52 1.2000E+02 8.36955E-04
0.52 1.3000E+02 7.89224E-04
0.52 1.4000E+02 6.77342E-04
0.52 1.5000E+02 5.91302E-04
0.52 1.6000E+02 5.76344E-04
0.52 1.7000E+02 5.59929E-04
0.52 1.8000E+02 4.34927E-04
0.52 1.9000E+02 4.09748E-04
0.52 2.1000E+02 3.76381E-04
0.52 2.3000E+02 3.36829E-04
0.52 2.5000E+02 2.97332E-04
0.52 2.7000E+02 2.58064E-04
0.52 2.9000E+02 2.27062E-04
0.52 3.1000E+02 2.04524E-04
0.52 3.3000E+02 1.89561E-04
0.52 3.5000E+02 1.76153E-04
0.52 3.7000E+02 1.62193E-04
0.52 3.9000E+02 1.36912E-04
0.52 4.3000E+02 1.16361E-04
0.52 4.7000E+02 1.00512E-04
0.52 5.1000E+02 8.73504E-05 


0.53 2.5600E+01   NaN
0.53 2.6600E+01   NaN
0.53 2.7600E+01   NaN
0.53 2.8600E+01   NaN
0.53 2.9600E+01   NaN
0.53 3.0600E+01 3.91476E-05
0.53 3.1600E+01 2.08946E-05
0.53 3.2600E+01 4.85781E-05
0.53 3.3600E+01 6.51185E-05
0.53 3.4600E+01 1.34922E-04
0.53 4.0000E+01 1.11031E-03
0.53 4.5000E+01 1.89941E-03
0.53 5.0000E+01 1.76968E-03
0.53 5.5000E+01 1.45267E-03
0.53 6.0000E+01 1.85091E-03
0.53 6.5000E+01 1.73698E-03
0.53 7.0000E+01 1.20237E-03
0.53 7.5000E+01 1.52893E-03
0.53 8.0000E+01 9.13318E-04
0.53 8.5000E+01 1.42691E-03
0.53 1.0000E+02 9.81278E-04
0.53 1.1000E+02 9.81967E-04
0.53 1.2000E+02 8.10933E-04
0.53 1.3000E+02 8.11894E-04
0.53 1.4000E+02 7.21757E-04
0.53 1.5000E+02 6.20071E-04
0.53 1.6000E+02 5.68348E-04
0.53 1.7000E+02 5.61498E-04
0.53 1.8000E+02 5.29731E-04
0.53 1.9000E+02 4.03964E-04
0.53 2.1000E+02 3.80582E-04
0.53 2.3000E+02 3.44965E-04
0.53 2.5000E+02 3.07946E-04
0.53 2.7000E+02 2.69839E-04
0.53 2.9000E+02 2.36731E-04
0.53 3.1000E+02 2.10690E-04
0.53 3.3000E+02 1.92604E-04
0.53 3.5000E+02 1.79301E-04
0.53 3.7000E+02 1.66487E-04
0.53 3.9000E+02 1.51418E-04
0.53 4.3000E+02 1.20348E-04
0.53 4.7000E+02 1.03580E-04
0.53 5.1000E+02 9.04594E-05 


0.54 2.5600E+01   NaN
0.54 2.6600E+01   NaN
0.54 2.7600E+01   NaN
0.54 2.8600E+01   NaN
0.54 2.9600E+01   NaN
0.54 3.0600E+01 3.42808E-05
0.54 3.1600E+01 3.47416E-05
0.54 3.2600E+01 2.68684E-05
0.54 3.3600E+01 7.12001E-05
0.54 3.4600E+01 1.01008E-04
0.54 4.0000E+01 1.02511E-03
0.54 4.5000E+01 1.97038E-03
0.54 5.0000E+01 1.69757E-03
0.54 5.5000E+01 1.58017E-03
0.54 6.0000E+01 1.90757E-03
0.54 6.5000E+01 1.75278E-03
0.54 7.0000E+01 1.40663E-03
0.54 7.5000E+01 1.35874E-03
0.54 8.0000E+01 1.40319E-03
0.54 8.5000E+01 1.33340E-03
0.54 1.0000E+02 9.92041E-04
0.54 1.1000E+02 1.05314E-03
0.54 1.2000E+02 7.34855E-04
0.54 1.3000E+02 8.12299E-04
0.54 1.4000E+02 7.59470E-04
0.54 1.5000E+02 6.60559E-04
0.54 1.6000E+02 5.76823E-04
0.54 1.7000E+02 5.53948E-04
0.54 1.8000E+02 5.42782E-04
0.54 1.9000E+02 4.89690E-04
0.54 2.1000E+02 3.84195E-04
0.54 2.3000E+02 3.51274E-04
0.54 2.5000E+02 3.16513E-04
0.54 2.7000E+02 2.81274E-04
0.54 2.9000E+02 2.46938E-04
0.54 3.1000E+02 2.18500E-04
0.54 3.3000E+02 1.96874E-04
0.54 3.5000E+02 1.82116E-04
0.54 3.7000E+02 1.69652E-04
0.54 3.9000E+02 1.57936E-04
0.54 4.3000E+02 1.24511E-04
0.54 4.7000E+02 1.07040E-04
0.54 5.1000E+02 9.33133E-05 


0.55 2.5600E+01   NaN
0.55 2.6600E+01   NaN
0.55 2.7600E+01   NaN
0.55 2.8600E+01   NaN
0.55 2.9600E+01   NaN
0.55 3.0600E+01 0.00000E+00
0.55 3.1600E+01 2.97988E-05
0.55 3.2600E+01 3.26107E-05
0.55 3.3600E+01 5.48128E-05
0.55 3.4600E+01 7.45809E-05
0.55 4.0000E+01 8.61741E-04
0.55 4.5000E+01 2.18700E-03
0.55 5.0000E+01 1.52743E-03
0.55 5.5000E+01 1.52995E-03
0.55 6.0000E+01 1.70528E-03
0.55 6.5000E+01 1.38292E-03
0.55 7.0000E+01 1.64800E-03
0.55 7.5000E+01 1.21616E-03
0.55 8.0000E+01 1.53291E-03
0.55 8.5000E+01 9.61265E-04
0.55 1.0000E+02 1.09227E-03
0.55 1.1000E+02 1.01112E-03
0.55 1.2000E+02 8.22409E-04
0.55 1.3000E+02 7.94086E-04
0.55 1.4000E+02 7.81496E-04
0.55 1.5000E+02 6.99632E-04
0.55 1.6000E+02 6.07186E-04
0.55 1.7000E+02 5.50687E-04
0.55 1.8000E+02 5.40071E-04
0.55 1.9000E+02 5.20194E-04
0.55 2.1000E+02 3.87313E-04
0.55 2.3000E+02 3.56479E-04
0.55 2.5000E+02 3.23288E-04
0.55 2.7000E+02 2.90265E-04
0.55 2.9000E+02 2.57326E-04
0.55 3.1000E+02 2.27529E-04
0.55 3.3000E+02 2.03139E-04
0.55 3.5000E+02 1.84533E-04
0.55 3.7000E+02 1.72528E-04
0.55 3.9000E+02 1.60807E-04
0.55 4.3000E+02 1.29481E-04
0.55 4.7000E+02 1.10484E-04
0.55 5.1000E+02 9.63371E-05 


0.56 2.5600E+01   NaN
0.56 2.6600E+01   NaN
0.56 2.7600E+01   NaN
0.56 2.8600E+01   NaN
0.56 2.9600E+01   NaN
0.56 3.0600E+01   NaN
0.56 3.1600E+01 3.36749E-05
0.56 3.2600E+01 2.24765E-05
0.56 3.3600E+01 4.74100E-05
0.56 3.4600E+01 8.46031E-05
0.56 4.0000E+01 7.32747E-04
0.56 4.5000E+01 1.85048E-03
0.56 5.0000E+01 2.02142E-03
0.56 5.5000E+01 1.19820E-03
0.56 6.0000E+01 1.52539E-03
0.56 6.5000E+01 1.81355E-03
0.56 7.0000E+01 1.76435E-03
0.56 7.5000E+01 1.31479E-03
0.56 8.0000E+01 1.40455E-03
0.56 8.5000E+01 1.36676E-03
0.56 1.0000E+02 1.21653E-03
0.56 1.1000E+02 9.56320E-04
0.56 1.2000E+02 9.93758E-04
0.56 1.3000E+02 7.47795E-04
0.56 1.4000E+02 7.84081E-04
0.56 1.5000E+02 7.32229E-04
0.56 1.6000E+02 6.44173E-04
0.56 1.7000E+02 5.66015E-04
0.56 1.8000E+02 5.30890E-04
0.56 1.9000E+02 5.22740E-04
0.56 2.1000E+02 3.82580E-04
0.56 2.3000E+02 3.60007E-04
0.56 2.5000E+02 3.28671E-04
0.56 2.7000E+02 2.98080E-04
0.56 2.9000E+02 2.66550E-04
0.56 3.1000E+02 2.36723E-04
0.56 3.3000E+02 2.10836E-04
0.56 3.5000E+02 1.90179E-04
0.56 3.7000E+02 1.75250E-04
0.56 3.9000E+02 1.63593E-04
0.56 4.3000E+02 1.42498E-04
0.56 4.7000E+02 1.14050E-04
0.56 5.1000E+02 9.94692E-05 


0.57 2.5600E+01   NaN
0.57 2.6600E+01   NaN
0.57 2.7600E+01   NaN
0.57 2.8600E+01   NaN
0.57 2.9600E+01   NaN
0.57 3.0600E+01   NaN
0.57 3.1600E+01 3.59797E-05
0.57 3.2600E+01 3.92298E-05
0.57 3.3600E+01 4.18558E-05
0.57 3.4600E+01 6.85947E-05
0.57 4.0000E+01 5.87426E-04
0.57 4.5000E+01 1.91413E-03
0.57 5.0000E+01 2.33773E-03
0.57 5.5000E+01 1.80306E-03
0.57 6.0000E+01 1.55195E-03
0.57 6.5000E+01 1.89390E-03
0.57 7.0000E+01 1.74875E-03
0.57 7.5000E+01 1.55794E-03
0.57 8.0000E+01 1.24503E-03
0.57 8.5000E+01 1.51473E-03
0.57 1.0000E+02 1.31656E-03
0.57 1.1000E+02 9.68036E-04
0.57 1.2000E+02 1.00047E-03
0.57 1.3000E+02 6.81814E-04
0.57 1.4000E+02 7.70002E-04
0.57 1.5000E+02 7.51659E-04
0.57 1.6000E+02 6.79718E-04
0.57 1.7000E+02 5.95254E-04
0.57 1.8000E+02 5.36309E-04
0.57 1.9000E+02 5.16908E-04
0.57 2.1000E+02 4.68554E-04
0.57 2.3000E+02 3.63608E-04
0.57 2.5000E+02 3.33857E-04
0.57 2.7000E+02 3.04725E-04
0.57 2.9000E+02 2.74531E-04
0.57 3.1000E+02 2.45144E-04
0.57 3.3000E+02 2.19040E-04
0.57 3.5000E+02 1.96476E-04
0.57 3.7000E+02 1.79082E-04
0.57 3.9000E+02 1.66203E-04
0.57 4.3000E+02 1.45728E-04
0.57 4.7000E+02 1.17645E-04
0.57 5.1000E+02 1.01939E-04 


0.58 2.5600E+01   NaN
0.58 2.6600E+01   NaN
0.58 2.7600E+01   NaN
0.58 2.8600E+01   NaN
0.58 2.9600E+01   NaN
0.58 3.0600E+01   NaN
0.58 3.1600E+01 0.00000E+00
0.58 3.2600E+01 3.75405E-05
0.58 3.3600E+01 3.28994E-05
0.58 3.4600E+01 5.65152E-05
0.58 4.0000E+01 4.56578E-04
0.58 4.5000E+01 1.77400E-03
0.58 5.0000E+01 2.15804E-03
0.58 5.5000E+01 1.86773E-03
0.58 6.0000E+01 1.64247E-03
0.58 6.5000E+01 1.74230E-03
0.58 7.0000E+01 1.51261E-03
0.58 7.5000E+01 1.74111E-03
0.58 8.0000E+01 1.26158E-03
0.58 8.5000E+01 1.41985E-03
0.58 1.0000E+02 1.35607E-03
0.58 1.1000E+02 1.05715E-03
0.58 1.2000E+02 9.62186E-04
0.58 1.3000E+02 9.07672E-04
0.58 1.4000E+02 7.45340E-04
0.58 1.5000E+02 7.54570E-04
0.58 1.6000E+02 7.07537E-04
0.58 1.7000E+02 6.29051E-04
0.58 1.8000E+02 5.55697E-04
0.58 1.9000E+02 5.14273E-04
0.58 2.1000E+02 4.86386E-04
0.58 2.3000E+02 3.64849E-04
0.58 2.5000E+02 3.38155E-04
0.58 2.7000E+02 3.09085E-04
0.58 2.9000E+02 2.81574E-04
0.58 3.1000E+02 2.53658E-04
0.58 3.3000E+02 2.27157E-04
0.58 3.5000E+02 2.03724E-04
0.58 3.7000E+02 1.84216E-04
0.58 3.9000E+02 1.69368E-04
0.58 4.3000E+02 1.48188E-04
0.58 4.7000E+02 1.28987E-04
0.58 5.1000E+02 1.05458E-04 


0.59 2.5600E+01   NaN
0.59 2.6600E+01   NaN
0.59 2.7600E+01   NaN
0.59 2.8600E+01   NaN
0.59 2.9600E+01   NaN
0.59 3.0600E+01   NaN
0.59 3.1600E+01   NaN
0.59 3.2600E+01 3.18429E-05
0.59 3.3600E+01 3.41490E-05
0.59 3.4600E+01 4.89684E-05
0.59 4.0000E+01 3.66931E-04
0.59 4.5000E+01 1.45521E-03
0.59 5.0000E+01 2.04580E-03
0.59 5.5000E+01 1.58462E-03
0.59 6.0000E+01 1.48559E-03
0.59 6.5000E+01 1.57309E-03
0.59 7.0000E+01 1.91561E-03
0.59 7.5000E+01 1.79660E-03
0.59 8.0000E+01 1.45930E-03
0.59 8.5000E+01 1.26253E-03
0.59 1.0000E+02 1.32915E-03
0.59 1.1000E+02 1.16545E-03
0.59 1.2000E+02 9.25377E-04
0.59 1.3000E+02 9.71360E-04
0.59 1.4000E+02 6.59836E-04
0.59 1.5000E+02 7.43259E-04
0.59 1.6000E+02 7.23552E-04
0.59 1.7000E+02 6.61286E-04
0.59 1.8000E+02 5.84514E-04
0.59 1.9000E+02 5.24756E-04
0.59 2.1000E+02 4.86416E-04
0.59 2.3000E+02 4.03279E-04
0.59 2.5000E+02 3.41530E-04
0.59 2.7000E+02 3.13607E-04
0.59 2.9000E+02 2.87044E-04
0.59 3.1000E+02 2.60862E-04
0.59 3.3000E+02 2.34861E-04
0.59 3.5000E+02 2.11063E-04
0.59 3.7000E+02 1.90421E-04
0.59 3.9000E+02 1.73440E-04
0.59 4.3000E+02 1.51791E-04
0.59 4.7000E+02 1.32915E-04
0.59 5.1000E+02 1.08780E-04 


0.60 2.5600E+01   NaN
0.60 2.6600E+01   NaN
0.60 2.7600E+01   NaN
0.60 2.8600E+01   NaN
0.60 2.9600E+01   NaN
0.60 3.0600E+01   NaN
0.60 3.1600E+01   NaN
0.60 3.2600E+01 3.95965E-05
0.60 3.3600E+01 4.17657E-05
0.60 3.4600E+01 4.08708E-05
0.60 4.0000E+01 2.83360E-04
0.60 4.5000E+01 1.24558E-03
0.60 5.0000E+01 2.48017E-03
0.60 5.5000E+01 1.85716E-03
0.60 6.0000E+01 1.24357E-03
0.60 6.5000E+01 1.54215E-03
0.60 7.0000E+01 1.96877E-03
0.60 7.5000E+01 1.66770E-03
0.60 8.0000E+01 1.66979E-03
0.60 8.5000E+01 1.23381E-03
0.60 1.0000E+02 1.15523E-03
0.60 1.1000E+02 1.25442E-03
0.60 1.2000E+02 9.50025E-04
0.60 1.3000E+02 9.51263E-04
0.60 1.4000E+02 8.26745E-04
0.60 1.5000E+02 7.22604E-04
0.60 1.6000E+02 7.24992E-04
0.60 1.7000E+02 6.84270E-04
0.60 1.8000E+02 6.15035E-04
0.60 1.9000E+02 5.46869E-04
0.60 2.1000E+02 4.81916E-04
0.60 2.3000E+02 4.46616E-04
0.60 2.5000E+02 3.44940E-04
0.60 2.7000E+02 3.17879E-04
0.60 2.9000E+02 2.91548E-04
0.60 3.1000E+02 2.66883E-04
0.60 3.3000E+02 2.42863E-04
0.60 3.5000E+02 2.18201E-04
0.60 3.7000E+02 1.97473E-04
0.60 3.9000E+02 1.78810E-04
0.60 4.3000E+02 1.52921E-04
0.60 4.7000E+02 1.34999E-04
0.60 5.1000E+02 1.17200E-04 


0.61 2.5600E+01   NaN
0.61 2.6600E+01   NaN
0.61 2.7600E+01   NaN
0.61 2.8600E+01   NaN
0.61 2.9600E+01   NaN
0.61 3.0600E+01   NaN
0.61 3.1600E+01   NaN
0.61 3.2600E+01 0.00000E+00
0.61 3.3600E+01 4.11453E-05
0.61 3.4600E+01 3.10055E-05
0.61 4.0000E+01 2.67635E-04
0.61 4.5000E+01 1.16645E-03
0.61 5.0000E+01 2.08101E-03
0.61 5.5000E+01 2.33585E-03
0.61 6.0000E+01 1.83898E-03
0.61 6.5000E+01 1.63779E-03
0.61 7.0000E+01 1.81735E-03
0.61 7.5000E+01 1.65711E-03
0.61 8.0000E+01 1.77151E-03
0.61 8.5000E+01 1.39421E-03
0.61 1.0000E+02 1.10565E-03
0.61 1.1000E+02 1.29651E-03
0.61 1.2000E+02 1.03092E-03
0.61 1.3000E+02 9.09106E-04
0.61 1.4000E+02 9.23325E-04
0.61 1.5000E+02 6.61348E-04
0.61 1.6000E+02 7.15453E-04
0.61 1.7000E+02 6.96039E-04
0.61 1.8000E+02 6.42697E-04
0.61 1.9000E+02 5.74524E-04
0.61 2.1000E+02 4.82435E-04
0.61 2.3000E+02 4.50479E-04
0.61 2.5000E+02 3.43199E-04
0.61 2.7000E+02 3.21449E-04
0.61 2.9000E+02 2.95417E-04
0.61 3.1000E+02 2.70429E-04
0.61 3.3000E+02 2.48022E-04
0.61 3.5000E+02 2.25150E-04
0.61 3.7000E+02 2.03660E-04
0.61 3.9000E+02 1.84726E-04
0.61 4.3000E+02 1.55792E-04
0.61 4.7000E+02 1.37175E-04
0.61 5.1000E+02 1.21755E-04 


0.62 2.5600E+01   NaN
0.62 2.6600E+01   NaN
0.62 2.7600E+01   NaN
0.62 2.8600E+01   NaN
0.62 2.9600E+01   NaN
0.62 3.0600E+01   NaN
0.62 3.1600E+01   NaN
0.62 3.2600E+01   NaN
0.62 3.3600E+01 4.25598E-05
0.62 3.4600E+01 4.78039E-05
0.62 4.0000E+01 2.15593E-04
0.62 4.5000E+01 9.42305E-04
0.62 5.0000E+01 1.98602E-03
0.62 5.5000E+01 2.39793E-03
0.62 6.0000E+01 1.89128E-03
0.62 6.5000E+01 1.62575E-03
0.62 7.0000E+01 1.65950E-03
0.62 7.5000E+01 1.95505E-03
0.62 8.0000E+01 1.77593E-03
0.62 8.5000E+01 1.59802E-03
0.62 1.0000E+02 1.37202E-03
0.62 1.1000E+02 1.28022E-03
0.62 1.2000E+02 1.12574E-03
0.62 1.3000E+02 8.95260E-04
0.62 1.4000E+02 9.24322E-04
0.62 1.5000E+02 7.55244E-04
0.62 1.6000E+02 6.97865E-04
0.62 1.7000E+02 6.95793E-04
0.62 1.8000E+02 6.61953E-04
0.62 1.9000E+02 6.01638E-04
0.62 2.1000E+02 4.89387E-04
0.62 2.3000E+02 4.52742E-04
0.62 2.5000E+02 4.05409E-04
0.62 2.7000E+02 3.24720E-04
0.62 2.9000E+02 2.99244E-04
0.62 3.1000E+02 2.75512E-04
0.62 3.3000E+02 2.53431E-04
0.62 3.5000E+02 2.31303E-04
0.62 3.7000E+02 2.10287E-04
0.62 3.9000E+02 1.90770E-04
0.62 4.3000E+02 1.59603E-04
0.62 4.7000E+02 1.39137E-04
0.62 5.1000E+02 1.23786E-04 


0.63 2.5600E+01   NaN
0.63 2.6600E+01   NaN
0.63 2.7600E+01   NaN
0.63 2.8600E+01   NaN
0.63 2.9600E+01   NaN
0.63 3.0600E+01   NaN
0.63 3.1600E+01   NaN
0.63 3.2600E+01   NaN
0.63 3.3600E+01 4.33964E-05
0.63 3.4600E+01 4.41073E-05
0.63 4.0000E+01 1.70621E-04
0.63 4.5000E+01 8.25571E-04
0.63 5.0000E+01 2.03644E-03
0.63 5.5000E+01 2.17485E-03
0.63 6.0000E+01 1.63629E-03
0.63 6.5000E+01 1.38266E-03
0.63 7.0000E+01 1.62612E-03
0.63 7.5000E+01 1.92609E-03
0.63 8.0000E+01 1.44249E-03
0.63 8.5000E+01 1.72392E-03
0.63 1.0000E+02 1.42883E-03
0.63 1.1000E+02 1.20625E-03
0.63 1.2000E+02 1.20280E-03
0.63 1.3000E+02 9.37278E-04
0.63 1.4000E+02 8.92264E-04
0.63 1.5000E+02 8.73298E-04
0.63 1.6000E+02 6.50669E-04
0.63 1.7000E+02 6.86536E-04
0.63 1.8000E+02 6.69889E-04
0.63 1.9000E+02 6.24589E-04
0.63 2.1000E+02 5.08029E-04
0.63 2.3000E+02 4.49356E-04
0.63 2.5000E+02 4.21629E-04
0.63 2.7000E+02 3.24257E-04
0.63 2.9000E+02 3.02862E-04
0.63 3.1000E+02 2.78996E-04
0.63 3.3000E+02 2.57494E-04
0.63 3.5000E+02 2.36690E-04
0.63 3.7000E+02 2.15975E-04
0.63 3.9000E+02 1.96700E-04
0.63 4.3000E+02 1.64147E-04
0.63 4.7000E+02 1.41406E-04
0.63 5.1000E+02 1.25734E-04 


0.64 2.5600E+01   NaN
0.64 2.6600E+01   NaN
0.64 2.7600E+01   NaN
0.64 2.8600E+01   NaN
0.64 2.9600E+01   NaN
0.64 3.0600E+01   NaN
0.64 3.1600E+01   NaN
0.64 3.2600E+01   NaN
0.64 3.3600E+01 0.00000E+00
0.64 3.4600E+01 4.46512E-05
0.64 4.0000E+01 1.40151E-04
0.64 4.5000E+01 6.81008E-04
0.64 5.0000E+01 1.78922E-03
0.64 5.5000E+01 2.17434E-03
0.64 6.0000E+01 1.84579E-03
0.64 6.5000E+01 1.52761E-03
0.64 7.0000E+01 1.69794E-03
0.64 7.5000E+01 1.75833E-03
0.64 8.0000E+01 1.81009E-03
0.64 8.5000E+01 1.75734E-03
0.64 1.0000E+02 1.33709E-03
0.64 1.1000E+02 9.68439E-04
0.64 1.2000E+02 1.24014E-03
0.64 1.3000E+02 1.01592E-03
0.64 1.4000E+02 8.63592E-04
0.64 1.5000E+02 8.90089E-04
0.64 1.6000E+02 7.04889E-04
0.64 1.7000E+02 6.71302E-04
0.64 1.8000E+02 6.67456E-04
0.64 1.9000E+02 6.39833E-04
0.64 2.1000E+02 5.30996E-04
0.64 2.3000E+02 4.49859E-04
0.64 2.5000E+02 4.23611E-04
0.64 2.7000E+02 3.65101E-04
0.64 2.9000E+02 3.06064E-04
0.64 3.1000E+02 2.82450E-04
0.64 3.3000E+02 2.60940E-04
0.64 3.5000E+02 2.41036E-04
0.64 3.7000E+02 2.21412E-04
0.64 3.9000E+02 2.02319E-04
0.64 4.3000E+02 1.69073E-04
0.64 4.7000E+02 1.44245E-04
0.64 5.1000E+02 1.27478E-04 


0.65 2.5600E+01   NaN
0.65 2.6600E+01   NaN
0.65 2.7600E+01   NaN
0.65 2.8600E+01   NaN
0.65 2.9600E+01   NaN
0.65 3.0600E+01   NaN
0.65 3.1600E+01   NaN
0.65 3.2600E+01   NaN
0.65 3.3600E+01   NaN
0.65 3.4600E+01 4.62254E-05
0.65 4.0000E+01 1.14357E-04
0.65 4.5000E+01 5.39527E-04
0.65 5.0000E+01 1.48479E-03
0.65 5.5000E+01 2.53566E-03
0.65 6.0000E+01 2.30371E-03
0.65 6.5000E+01 1.95458E-03
0.65 7.0000E+01 1.69981E-03
0.65 7.5000E+01 1.62085E-03
0.65 8.0000E+01 1.95964E-03
0.65 8.5000E+01 1.60231E-03
0.65 1.0000E+02 1.21954E-03
0.65 1.1000E+02 1.23059E-03
0.65 1.2000E+02 1.22575E-03
0.65 1.3000E+02 1.09588E-03
0.65 1.4000E+02 8.74178E-04
0.65 1.5000E+02 8.66580E-04
0.65 1.6000E+02 8.26307E-04
0.65 1.7000E+02 6.31982E-04
0.65 1.8000E+02 6.58232E-04
0.65 1.9000E+02 6.44194E-04
0.65 2.1000E+02 5.53817E-04
0.65 2.3000E+02 4.58712E-04
0.65 2.5000E+02 4.21575E-04
0.65 2.7000E+02 3.90772E-04
0.65 2.9000E+02 3.08840E-04
0.65 3.1000E+02 2.85955E-04
0.65 3.3000E+02 2.64033E-04
0.65 3.5000E+02 2.44589E-04
0.65 3.7000E+02 2.25916E-04
0.65 3.9000E+02 2.07297E-04
0.65 4.3000E+02 1.74119E-04
0.65 4.7000E+02 1.47785E-04
0.65 5.1000E+02 1.29427E-04 


