0.40 2.5600E+01   NaN
0.40 2.6600E+01   NaN
0.40 2.7600E+01   NaN
0.40 2.8600E+01   NaN
0.40 2.9600E+01   NaN
0.40 3.0600E+01   NaN
0.40 3.1600E+01   NaN
0.40 3.2600E+01   NaN
0.40 3.3600E+01   NaN
0.40 3.4600E+01   NaN
0.40 4.0000E+01   NaN
0.40 4.5000E+01   NaN
0.40 5.0000E+01   NaN
0.40 5.5000E+01   NaN
0.40 6.0000E+01   NaN
0.40 6.5000E+01   NaN
0.40 7.0000E+01   NaN
0.40 7.5000E+01   NaN
0.40 8.0000E+01 1.47543E-06
0.40 8.5000E+01 4.52477E-06
0.40 1.0000E+02 3.05334E-05
0.40 1.1000E+02 6.05413E-05
0.40 1.2000E+02 2.20506E-05
0.40 1.3000E+02 1.57085E-05
0.40 1.4000E+02 2.28338E-05
0.40 1.5000E+02 1.52315E-05
0.40 1.6000E+02 1.56903E-05
0.40 1.7000E+02 2.67141E-05
0.40 1.8000E+02 2.95730E-05
0.40 1.9000E+02 2.56877E-05
0.40 2.1000E+02 1.76312E-05
0.40 2.3000E+02 2.20192E-05
0.40 2.5000E+02 1.99460E-05
0.40 2.7000E+02 1.38120E-05
0.40 2.9000E+02 1.05196E-05
0.40 3.1000E+02 8.57654E-06
0.40 3.3000E+02 7.46131E-06
0.40 3.5000E+02 6.90708E-06
0.40 3.7000E+02 6.58079E-06
0.40 3.9000E+02 6.07369E-06
0.40 4.3000E+02 5.08851E-06
0.40 4.7000E+02 4.35652E-06
0.40 5.1000E+02 3.55041E-06 


0.41 2.5600E+01   NaN
0.41 2.6600E+01   NaN
0.41 2.7600E+01   NaN
0.41 2.8600E+01   NaN
0.41 2.9600E+01   NaN
0.41 3.0600E+01   NaN
0.41 3.1600E+01   NaN
0.41 3.2600E+01   NaN
0.41 3.3600E+01   NaN
0.41 3.4600E+01   NaN
0.41 4.0000E+01   NaN
0.41 4.5000E+01   NaN
0.41 5.0000E+01   NaN
0.41 5.5000E+01   NaN
0.41 6.0000E+01   NaN
0.41 6.5000E+01   NaN
0.41 7.0000E+01   NaN
0.41 7.5000E+01   NaN
0.41 8.0000E+01 9.15145E-05
0.41 8.5000E+01 1.93372E-06
0.41 1.0000E+02 3.70814E-05
0.41 1.1000E+02 3.46858E-05
0.41 1.2000E+02 9.39476E-06
0.41 1.3000E+02 1.56112E-05
0.41 1.4000E+02 3.43427E-05
0.41 1.5000E+02 3.16210E-05
0.41 1.6000E+02 3.14358E-05
0.41 1.7000E+02 3.74235E-05
0.41 1.8000E+02 5.23052E-05
0.41 1.9000E+02 5.43583E-05
0.41 2.1000E+02 3.85951E-05
0.41 2.3000E+02 5.99354E-05
0.41 2.5000E+02 4.50718E-05
0.41 2.7000E+02 4.30709E-05
0.41 2.9000E+02 3.17778E-05
0.41 3.1000E+02 2.49610E-05
0.41 3.3000E+02 2.05970E-05
0.41 3.5000E+02 1.76806E-05
0.41 3.7000E+02 1.58950E-05
0.41 3.9000E+02 1.45602E-05
0.41 4.3000E+02 1.28277E-05
0.41 4.7000E+02 1.12483E-05
0.41 5.1000E+02 9.73212E-06 


0.42 2.5600E+01   NaN
0.42 2.6600E+01   NaN
0.42 2.7600E+01   NaN
0.42 2.8600E+01   NaN
0.42 2.9600E+01   NaN
0.42 3.0600E+01   NaN
0.42 3.1600E+01   NaN
0.42 3.2600E+01   NaN
0.42 3.3600E+01   NaN
0.42 3.4600E+01   NaN
0.42 4.0000E+01   NaN
0.42 4.5000E+01   NaN
0.42 5.0000E+01   NaN
0.42 5.5000E+01   NaN
0.42 6.0000E+01   NaN
0.42 6.5000E+01   NaN
0.42 7.0000E+01   NaN
0.42 7.5000E+01   NaN
0.42 8.0000E+01   NaN
0.42 8.5000E+01 2.44040E-05
0.42 1.0000E+02 8.48650E-05
0.42 1.1000E+02 1.75099E-05
0.42 1.2000E+02 1.26063E-05
0.42 1.3000E+02 4.40200E-05
0.42 1.4000E+02 1.02533E-04
0.42 1.5000E+02 1.59481E-04
0.42 1.6000E+02 1.96581E-04
0.42 1.7000E+02 2.05463E-04
0.42 1.8000E+02 2.34642E-04
0.42 1.9000E+02 2.87373E-04
0.42 2.1000E+02 3.21568E-04
0.42 2.3000E+02 1.92719E-04
0.42 2.5000E+02 2.93820E-04
0.42 2.7000E+02 2.75175E-04
0.42 2.9000E+02 2.40868E-04
0.42 3.1000E+02 2.05142E-04
0.42 3.3000E+02 1.75788E-04
0.42 3.5000E+02 1.52009E-04
0.42 3.7000E+02 1.33815E-04
0.42 3.9000E+02 1.20021E-04
0.42 4.3000E+02 1.03364E-04
0.42 4.7000E+02 9.10289E-05
0.42 5.1000E+02 8.09816E-05 


0.43 2.5600E+01   NaN
0.43 2.6600E+01   NaN
0.43 2.7600E+01   NaN
0.43 2.8600E+01   NaN
0.43 2.9600E+01   NaN
0.43 3.0600E+01   NaN
0.43 3.1600E+01   NaN
0.43 3.2600E+01   NaN
0.43 3.3600E+01   NaN
0.43 3.4600E+01   NaN
0.43 4.0000E+01   NaN
0.43 4.5000E+01   NaN
0.43 5.0000E+01   NaN
0.43 5.5000E+01   NaN
0.43 6.0000E+01   NaN
0.43 6.5000E+01   NaN
0.43 7.0000E+01   NaN
0.43 7.5000E+01   NaN
0.43 8.0000E+01   NaN
0.43 8.5000E+01 1.08842E-04
0.43 1.0000E+02 1.67021E-04
0.43 1.1000E+02 1.48851E-04
0.43 1.2000E+02 2.21944E-04
0.43 1.3000E+02 2.86718E-04
0.43 1.4000E+02 4.66347E-04
0.43 1.5000E+02 6.46093E-04
0.43 1.6000E+02 8.66627E-04
0.43 1.7000E+02 9.13090E-04
0.43 1.8000E+02 9.50270E-04
0.43 1.9000E+02 1.05291E-03
0.43 2.1000E+02 1.38889E-03
0.43 2.3000E+02 1.19250E-03
0.43 2.5000E+02 7.11101E-04
0.43 2.7000E+02 1.18286E-03
0.43 2.9000E+02 1.09820E-03
0.43 3.1000E+02 9.84187E-04
0.43 3.3000E+02 8.71671E-04
0.43 3.5000E+02 7.66084E-04
0.43 3.7000E+02 6.77801E-04
0.43 3.9000E+02 6.06398E-04
0.43 4.3000E+02 5.00437E-04
0.43 4.7000E+02 4.44399E-04
0.43 5.1000E+02 3.95552E-04 


0.44 2.5600E+01   NaN
0.44 2.6600E+01   NaN
0.44 2.7600E+01   NaN
0.44 2.8600E+01   NaN
0.44 2.9600E+01   NaN
0.44 3.0600E+01   NaN
0.44 3.1600E+01   NaN
0.44 3.2600E+01   NaN
0.44 3.3600E+01   NaN
0.44 3.4600E+01   NaN
0.44 4.0000E+01   NaN
0.44 4.5000E+01   NaN
0.44 5.0000E+01   NaN
0.44 5.5000E+01   NaN
0.44 6.0000E+01   NaN
0.44 6.5000E+01   NaN
0.44 7.0000E+01   NaN
0.44 7.5000E+01   NaN
0.44 8.0000E+01   NaN
0.44 8.5000E+01   NaN
0.44 1.0000E+02 1.26937E-04
0.44 1.1000E+02 1.57146E-04
0.44 1.2000E+02 2.19470E-04
0.44 1.3000E+02 4.22910E-04
0.44 1.4000E+02 4.45563E-04
0.44 1.5000E+02 6.14460E-04
0.44 1.6000E+02 7.88783E-04
0.44 1.7000E+02 9.59841E-04
0.44 1.8000E+02 9.97473E-04
0.44 1.9000E+02 1.03713E-03
0.44 2.1000E+02 1.31488E-03
0.44 2.3000E+02 1.45320E-03
0.44 2.5000E+02 1.02633E-03
0.44 2.7000E+02 1.21178E-03
0.44 2.9000E+02 1.21762E-03
0.44 3.1000E+02 1.13850E-03
0.44 3.3000E+02 1.01275E-03
0.44 3.5000E+02 9.03695E-04
0.44 3.7000E+02 8.03471E-04
0.44 3.9000E+02 7.17454E-04
0.44 4.3000E+02 5.88951E-04
0.44 4.7000E+02 5.09497E-04
0.44 5.1000E+02 4.52162E-04 


0.45 2.5600E+01   NaN
0.45 2.6600E+01   NaN
0.45 2.7600E+01   NaN
0.45 2.8600E+01   NaN
0.45 2.9600E+01   NaN
0.45 3.0600E+01   NaN
0.45 3.1600E+01   NaN
0.45 3.2600E+01   NaN
0.45 3.3600E+01   NaN
0.45 3.4600E+01   NaN
0.45 4.0000E+01   NaN
0.45 4.5000E+01   NaN
0.45 5.0000E+01   NaN
0.45 5.5000E+01   NaN
0.45 6.0000E+01   NaN
0.45 6.5000E+01   NaN
0.45 7.0000E+01   NaN
0.45 7.5000E+01   NaN
0.45 8.0000E+01   NaN
0.45 8.5000E+01   NaN
0.45 1.0000E+02 1.12268E-04
0.45 1.1000E+02 1.01477E-04
0.45 1.2000E+02 1.77002E-04
0.45 1.3000E+02 3.31270E-04
0.45 1.4000E+02 3.18689E-04
0.45 1.5000E+02 4.91008E-04
0.45 1.6000E+02 5.98327E-04
0.45 1.7000E+02 7.72879E-04
0.45 1.8000E+02 8.30723E-04
0.45 1.9000E+02 8.42461E-04
0.45 2.1000E+02 9.53277E-04
0.45 2.3000E+02 1.21001E-03
0.45 2.5000E+02 1.09113E-03
0.45 2.7000E+02 7.16307E-04
0.45 2.9000E+02 1.03354E-03
0.45 3.1000E+02 9.86910E-04
0.45 3.3000E+02 9.11627E-04
0.45 3.5000E+02 8.21988E-04
0.45 3.7000E+02 7.43676E-04
0.45 3.9000E+02 6.60358E-04
0.45 4.3000E+02 5.38357E-04
0.45 4.7000E+02 4.58810E-04
0.45 5.1000E+02 4.01798E-04 


0.46 2.5600E+01   NaN
0.46 2.6600E+01   NaN
0.46 2.7600E+01   NaN
0.46 2.8600E+01   NaN
0.46 2.9600E+01   NaN
0.46 3.0600E+01   NaN
0.46 3.1600E+01   NaN
0.46 3.2600E+01   NaN
0.46 3.3600E+01   NaN
0.46 3.4600E+01   NaN
0.46 4.0000E+01   NaN
0.46 4.5000E+01   NaN
0.46 5.0000E+01   NaN
0.46 5.5000E+01   NaN
0.46 6.0000E+01   NaN
0.46 6.5000E+01   NaN
0.46 7.0000E+01   NaN
0.46 7.5000E+01   NaN
0.46 8.0000E+01   NaN
0.46 8.5000E+01   NaN
0.46 1.0000E+02 4.07660E-05
0.46 1.1000E+02 2.53344E-05
0.46 1.2000E+02 6.72466E-05
0.46 1.3000E+02 1.44542E-04
0.46 1.4000E+02 2.21440E-04
0.46 1.5000E+02 2.43836E-04
0.46 1.6000E+02 3.07147E-04
0.46 1.7000E+02 3.03261E-04
0.46 1.8000E+02 3.80654E-04
0.46 1.9000E+02 3.72096E-04
0.46 2.1000E+02 3.63432E-04
0.46 2.3000E+02 4.48559E-04
0.46 2.5000E+02 4.96775E-04
0.46 2.7000E+02 4.30891E-04
0.46 2.9000E+02 2.57945E-04
0.46 3.1000E+02 4.26755E-04
0.46 3.3000E+02 4.05418E-04
0.46 3.5000E+02 3.73611E-04
0.46 3.7000E+02 3.38893E-04
0.46 3.9000E+02 3.06466E-04
0.46 4.3000E+02 2.50134E-04
0.46 4.7000E+02 2.10038E-04
0.46 5.1000E+02 1.83231E-04 


0.47 2.5600E+01   NaN
0.47 2.6600E+01   NaN
0.47 2.7600E+01   NaN
0.47 2.8600E+01   NaN
0.47 2.9600E+01   NaN
0.47 3.0600E+01   NaN
0.47 3.1600E+01   NaN
0.47 3.2600E+01   NaN
0.47 3.3600E+01   NaN
0.47 3.4600E+01   NaN
0.47 4.0000E+01   NaN
0.47 4.5000E+01   NaN
0.47 5.0000E+01   NaN
0.47 5.5000E+01   NaN
0.47 6.0000E+01   NaN
0.47 6.5000E+01   NaN
0.47 7.0000E+01   NaN
0.47 7.5000E+01   NaN
0.47 8.0000E+01   NaN
0.47 8.5000E+01   NaN
0.47 1.0000E+02 1.17577E-05
0.47 1.1000E+02 3.99398E-06
0.47 1.2000E+02 1.90929E-05
0.47 1.3000E+02 6.85482E-05
0.47 1.4000E+02 1.10831E-04
0.47 1.5000E+02 1.25443E-04
0.47 1.6000E+02 1.38551E-04
0.47 1.7000E+02 1.36965E-04
0.47 1.8000E+02 1.51765E-04
0.47 1.9000E+02 1.48348E-04
0.47 2.1000E+02 1.21828E-04
0.47 2.3000E+02 1.27973E-04
0.47 2.5000E+02 1.59129E-04
0.47 2.7000E+02 1.57141E-04
0.47 2.9000E+02 1.13585E-04
0.47 3.1000E+02 1.28883E-04
0.47 3.3000E+02 1.36587E-04
0.47 3.5000E+02 1.29395E-04
0.47 3.7000E+02 1.19645E-04
0.47 3.9000E+02 1.09296E-04
0.47 4.3000E+02 9.00960E-05
0.47 4.7000E+02 7.47813E-05
0.47 5.1000E+02 6.46699E-05 


0.48 2.5600E+01   NaN
0.48 2.6600E+01   NaN
0.48 2.7600E+01   NaN
0.48 2.8600E+01   NaN
0.48 2.9600E+01   NaN
0.48 3.0600E+01   NaN
0.48 3.1600E+01   NaN
0.48 3.2600E+01   NaN
0.48 3.3600E+01   NaN
0.48 3.4600E+01   NaN
0.48 4.0000E+01   NaN
0.48 4.5000E+01   NaN
0.48 5.0000E+01   NaN
0.48 5.5000E+01   NaN
0.48 6.0000E+01   NaN
0.48 6.5000E+01   NaN
0.48 7.0000E+01   NaN
0.48 7.5000E+01   NaN
0.48 8.0000E+01   NaN
0.48 8.5000E+01   NaN
0.48 1.0000E+02 5.75664E-06
0.48 1.1000E+02 1.15766E-06
0.48 1.2000E+02 1.05238E-05
0.48 1.3000E+02 4.47141E-05
0.48 1.4000E+02 6.04569E-05
0.48 1.5000E+02 1.08696E-04
0.48 1.6000E+02 8.09048E-05
0.48 1.7000E+02 9.57766E-05
0.48 1.8000E+02 6.92080E-05
0.48 1.9000E+02 9.20823E-05
0.48 2.1000E+02 7.21819E-05
0.48 2.3000E+02 6.12433E-05
0.48 2.5000E+02 7.11183E-05
0.48 2.7000E+02 8.11125E-05
0.48 2.9000E+02 7.20987E-05
0.48 3.1000E+02 4.79506E-05
0.48 3.3000E+02 6.59623E-05
0.48 3.5000E+02 6.66208E-05
0.48 3.7000E+02 6.30158E-05
0.48 3.9000E+02 5.85198E-05
0.48 4.3000E+02 4.89130E-05
0.48 4.7000E+02 4.06393E-05
0.48 5.1000E+02 3.45204E-05 


0.49 2.5600E+01   NaN
0.49 2.6600E+01   NaN
0.49 2.7600E+01   NaN
0.49 2.8600E+01   NaN
0.49 2.9600E+01   NaN
0.49 3.0600E+01   NaN
0.49 3.1600E+01   NaN
0.49 3.2600E+01   NaN
0.49 3.3600E+01   NaN
0.49 3.4600E+01   NaN
0.49 4.0000E+01   NaN
0.49 4.5000E+01   NaN
0.49 5.0000E+01   NaN
0.49 5.5000E+01   NaN
0.49 6.0000E+01   NaN
0.49 6.5000E+01   NaN
0.49 7.0000E+01   NaN
0.49 7.5000E+01   NaN
0.49 8.0000E+01   NaN
0.49 8.5000E+01   NaN
0.49 1.0000E+02 2.55345E-06
0.49 1.1000E+02 1.21929E-06
0.49 1.2000E+02 4.77610E-06
0.49 1.3000E+02 2.68665E-05
0.49 1.4000E+02 4.62140E-05
0.49 1.5000E+02 6.35386E-05
0.49 1.6000E+02 9.23289E-05
0.49 1.7000E+02 7.29138E-05
0.49 1.8000E+02 7.02861E-05
0.49 1.9000E+02 4.93399E-05
0.49 2.1000E+02 5.78411E-05
0.49 2.3000E+02 4.26198E-05
0.49 2.5000E+02 4.23328E-05
0.49 2.7000E+02 4.95227E-05
0.49 2.9000E+02 5.10159E-05
0.49 3.1000E+02 4.18824E-05
0.49 3.3000E+02 2.64021E-05
0.49 3.5000E+02 4.12094E-05
0.49 3.7000E+02 4.19125E-05
0.49 3.9000E+02 3.98104E-05
0.49 4.3000E+02 3.34538E-05
0.49 4.7000E+02 2.80368E-05
0.49 5.1000E+02 2.32251E-05 


0.50 2.5600E+01   NaN
0.50 2.6600E+01   NaN
0.50 2.7600E+01   NaN
0.50 2.8600E+01   NaN
0.50 2.9600E+01   NaN
0.50 3.0600E+01   NaN
0.50 3.1600E+01   NaN
0.50 3.2600E+01   NaN
0.50 3.3600E+01   NaN
0.50 3.4600E+01   NaN
0.50 4.0000E+01   NaN
0.50 4.5000E+01   NaN
0.50 5.0000E+01   NaN
0.50 5.5000E+01   NaN
0.50 6.0000E+01   NaN
0.50 6.5000E+01   NaN
0.50 7.0000E+01   NaN
0.50 7.5000E+01   NaN
0.50 8.0000E+01   NaN
0.50 8.5000E+01   NaN
0.50 1.0000E+02 4.97690E-06
0.50 1.1000E+02 1.59035E-06
0.50 1.2000E+02 3.26819E-06
0.50 1.3000E+02 1.73718E-05
0.50 1.4000E+02 3.65666E-05
0.50 1.5000E+02 4.64548E-05
0.50 1.6000E+02 6.53492E-05
0.50 1.7000E+02 5.86099E-05
0.50 1.8000E+02 6.41814E-05
0.50 1.9000E+02 4.79367E-05
0.50 2.1000E+02 5.24120E-05
0.50 2.3000E+02 3.55556E-05
0.50 2.5000E+02 3.00880E-05
0.50 2.7000E+02 3.30061E-05
0.50 2.9000E+02 3.71393E-05
0.50 3.1000E+02 3.60342E-05
0.50 3.3000E+02 2.72035E-05
0.50 3.5000E+02 2.10988E-05
0.50 3.7000E+02 3.01376E-05
0.50 3.9000E+02 2.91803E-05
0.50 4.3000E+02 2.56530E-05
0.50 4.7000E+02 2.17187E-05
0.50 5.1000E+02 1.83038E-05 


0.51 2.5600E+01   NaN
0.51 2.6600E+01   NaN
0.51 2.7600E+01   NaN
0.51 2.8600E+01   NaN
0.51 2.9600E+01   NaN
0.51 3.0600E+01   NaN
0.51 3.1600E+01   NaN
0.51 3.2600E+01   NaN
0.51 3.3600E+01   NaN
0.51 3.4600E+01   NaN
0.51 4.0000E+01   NaN
0.51 4.5000E+01   NaN
0.51 5.0000E+01   NaN
0.51 5.5000E+01   NaN
0.51 6.0000E+01   NaN
0.51 6.5000E+01   NaN
0.51 7.0000E+01   NaN
0.51 7.5000E+01   NaN
0.51 8.0000E+01   NaN
0.51 8.5000E+01   NaN
0.51 1.0000E+02 2.80212E-06
0.51 1.1000E+02 1.63721E-06
0.51 1.2000E+02 2.16350E-06
0.51 1.3000E+02 1.26474E-05
0.51 1.4000E+02 2.75906E-05
0.51 1.5000E+02 3.78921E-05
0.51 1.6000E+02 4.55944E-05
0.51 1.7000E+02 6.35705E-05
0.51 1.8000E+02 5.19533E-05
0.51 1.9000E+02 5.18466E-05
0.51 2.1000E+02 4.68698E-05
0.51 2.3000E+02 3.56575E-05
0.51 2.5000E+02 2.56036E-05
0.51 2.7000E+02 2.42972E-05
0.51 2.9000E+02 2.75182E-05
0.51 3.1000E+02 2.91418E-05
0.51 3.3000E+02 2.55435E-05
0.51 3.5000E+02 1.80866E-05
0.51 3.7000E+02 2.09556E-05
0.51 3.9000E+02 2.36139E-05
0.51 4.3000E+02 2.10713E-05
0.51 4.7000E+02 1.80167E-05
0.51 5.1000E+02 1.52222E-05 


0.52 2.5600E+01   NaN
0.52 2.6600E+01   NaN
0.52 2.7600E+01   NaN
0.52 2.8600E+01   NaN
0.52 2.9600E+01   NaN
0.52 3.0600E+01   NaN
0.52 3.1600E+01   NaN
0.52 3.2600E+01   NaN
0.52 3.3600E+01   NaN
0.52 3.4600E+01   NaN
0.52 4.0000E+01   NaN
0.52 4.5000E+01   NaN
0.52 5.0000E+01   NaN
0.52 5.5000E+01   NaN
0.52 6.0000E+01   NaN
0.52 6.5000E+01   NaN
0.52 7.0000E+01   NaN
0.52 7.5000E+01   NaN
0.52 8.0000E+01   NaN
0.52 8.5000E+01   NaN
0.52 1.0000E+02   NaN
0.52 1.1000E+02 1.79680E-06
0.52 1.2000E+02 1.24095E-06
0.52 1.3000E+02 9.93464E-06
0.52 1.4000E+02 2.09168E-05
0.52 1.5000E+02 3.22628E-05
0.52 1.6000E+02 3.73990E-05
0.52 1.7000E+02 4.49269E-05
0.52 1.8000E+02 5.66413E-05
0.52 1.9000E+02 4.82425E-05
0.52 2.1000E+02 3.07311E-05
0.52 2.3000E+02 3.57128E-05
0.52 2.5000E+02 2.46464E-05
0.52 2.7000E+02 1.99137E-05
0.52 2.9000E+02 2.08786E-05
0.52 3.1000E+02 2.32981E-05
0.52 3.3000E+02 2.31054E-05
0.52 3.5000E+02 1.89923E-05
0.52 3.7000E+02 1.27256E-05
0.52 3.9000E+02 1.71079E-05
0.52 4.3000E+02 1.76105E-05
0.52 4.7000E+02 1.54841E-05
0.52 5.1000E+02 1.32685E-05 


0.53 2.5600E+01   NaN
0.53 2.6600E+01   NaN
0.53 2.7600E+01   NaN
0.53 2.8600E+01   NaN
0.53 2.9600E+01   NaN
0.53 3.0600E+01   NaN
0.53 3.1600E+01   NaN
0.53 3.2600E+01   NaN
0.53 3.3600E+01   NaN
0.53 3.4600E+01   NaN
0.53 4.0000E+01   NaN
0.53 4.5000E+01   NaN
0.53 5.0000E+01   NaN
0.53 5.5000E+01   NaN
0.53 6.0000E+01   NaN
0.53 6.5000E+01   NaN
0.53 7.0000E+01   NaN
0.53 7.5000E+01   NaN
0.53 8.0000E+01   NaN
0.53 8.5000E+01   NaN
0.53 1.0000E+02   NaN
0.53 1.1000E+02 2.40450E-06
0.53 1.2000E+02 8.75429E-07
0.53 1.3000E+02 7.60480E-06
0.53 1.4000E+02 1.55461E-05
0.53 1.5000E+02 2.44872E-05
0.53 1.6000E+02 3.30884E-05
0.53 1.7000E+02 3.51089E-05
0.53 1.8000E+02 4.47442E-05
0.53 1.9000E+02 4.42109E-05
0.53 2.1000E+02 3.06296E-05
0.53 2.3000E+02 3.43886E-05
0.53 2.5000E+02 2.55505E-05
0.53 2.7000E+02 1.84931E-05
0.53 2.9000E+02 1.68153E-05
0.53 3.1000E+02 1.83287E-05
0.53 3.3000E+02 1.96228E-05
0.53 3.5000E+02 1.82166E-05
0.53 3.7000E+02 1.42798E-05
0.53 3.9000E+02 9.15816E-06
0.53 4.3000E+02 1.49036E-05
0.53 4.7000E+02 1.34426E-05
0.53 5.1000E+02 1.15959E-05 


0.54 2.5600E+01   NaN
0.54 2.6600E+01   NaN
0.54 2.7600E+01   NaN
0.54 2.8600E+01   NaN
0.54 2.9600E+01   NaN
0.54 3.0600E+01   NaN
0.54 3.1600E+01   NaN
0.54 3.2600E+01   NaN
0.54 3.3600E+01   NaN
0.54 3.4600E+01   NaN
0.54 4.0000E+01   NaN
0.54 4.5000E+01   NaN
0.54 5.0000E+01   NaN
0.54 5.5000E+01   NaN
0.54 6.0000E+01   NaN
0.54 6.5000E+01   NaN
0.54 7.0000E+01   NaN
0.54 7.5000E+01   NaN
0.54 8.0000E+01   NaN
0.54 8.5000E+01   NaN
0.54 1.0000E+02   NaN
0.54 1.1000E+02 1.77208E-06
0.54 1.2000E+02 1.00125E-07
0.54 1.3000E+02 5.67179E-06
0.54 1.4000E+02 1.32250E-05
0.54 1.5000E+02 2.27364E-05
0.54 1.6000E+02 2.77622E-05
0.54 1.7000E+02 3.17211E-05
0.54 1.8000E+02 3.27215E-05
0.54 1.9000E+02 4.47545E-05
0.54 2.1000E+02 3.60948E-05
0.54 2.3000E+02 3.23546E-05
0.54 2.5000E+02 2.66677E-05
0.54 2.7000E+02 1.84592E-05
0.54 2.9000E+02 1.47136E-05
0.54 3.1000E+02 1.47121E-05
0.54 3.3000E+02 1.61568E-05
0.54 3.5000E+02 1.65148E-05
0.54 3.7000E+02 1.47074E-05
0.54 3.9000E+02 1.11059E-05
0.54 4.3000E+02 1.24467E-05
0.54 4.7000E+02 1.17695E-05
0.54 5.1000E+02 1.03745E-05 


0.55 2.5600E+01   NaN
0.55 2.6600E+01   NaN
0.55 2.7600E+01   NaN
0.55 2.8600E+01   NaN
0.55 2.9600E+01   NaN
0.55 3.0600E+01   NaN
0.55 3.1600E+01   NaN
0.55 3.2600E+01   NaN
0.55 3.3600E+01   NaN
0.55 3.4600E+01   NaN
0.55 4.0000E+01   NaN
0.55 4.5000E+01   NaN
0.55 5.0000E+01   NaN
0.55 5.5000E+01   NaN
0.55 6.0000E+01   NaN
0.55 6.5000E+01   NaN
0.55 7.0000E+01   NaN
0.55 7.5000E+01   NaN
0.55 8.0000E+01   NaN
0.55 8.5000E+01   NaN
0.55 1.0000E+02   NaN
0.55 1.1000E+02 1.87794E-06
0.55 1.2000E+02 9.87222E-08
0.55 1.3000E+02 4.04367E-06
0.55 1.4000E+02 1.12650E-05
0.55 1.5000E+02 1.58695E-05
0.55 1.6000E+02 1.95924E-05
0.55 1.7000E+02 2.88505E-05
0.55 1.8000E+02 2.83708E-05
0.55 1.9000E+02 3.26936E-05
0.55 2.1000E+02 3.60807E-05
0.55 2.3000E+02 1.98798E-05
0.55 2.5000E+02 2.71832E-05
0.55 2.7000E+02 1.95208E-05
0.55 2.9000E+02 1.40711E-05
0.55 3.1000E+02 1.24473E-05
0.55 3.3000E+02 1.30836E-05
0.55 3.5000E+02 1.36638E-05
0.55 3.7000E+02 1.37702E-05
0.55 3.9000E+02 1.18543E-05
0.55 4.3000E+02 7.69710E-06
0.55 4.7000E+02 1.02360E-05
0.55 5.1000E+02 9.26435E-06 


0.56 2.5600E+01   NaN
0.56 2.6600E+01   NaN
0.56 2.7600E+01   NaN
0.56 2.8600E+01   NaN
0.56 2.9600E+01   NaN
0.56 3.0600E+01   NaN
0.56 3.1600E+01   NaN
0.56 3.2600E+01   NaN
0.56 3.3600E+01   NaN
0.56 3.4600E+01   NaN
0.56 4.0000E+01   NaN
0.56 4.5000E+01   NaN
0.56 5.0000E+01   NaN
0.56 5.5000E+01   NaN
0.56 6.0000E+01   NaN
0.56 6.5000E+01   NaN
0.56 7.0000E+01   NaN
0.56 7.5000E+01   NaN
0.56 8.0000E+01   NaN
0.56 8.5000E+01   NaN
0.56 1.0000E+02   NaN
0.56 1.1000E+02 2.23223E-06
0.56 1.2000E+02 9.03506E-09
0.56 1.3000E+02 2.05705E-06
0.56 1.4000E+02 8.82431E-06
0.56 1.5000E+02 1.29244E-05
0.56 1.6000E+02 2.04193E-05
0.56 1.7000E+02 2.31360E-05
0.56 1.8000E+02 2.69065E-05
0.56 1.9000E+02 2.53645E-05
0.56 2.1000E+02 3.68784E-05
0.56 2.3000E+02 2.44432E-05
0.56 2.5000E+02 2.62830E-05
0.56 2.7000E+02 2.10032E-05
0.56 2.9000E+02 1.46487E-05
0.56 3.1000E+02 1.14772E-05
0.56 3.3000E+02 1.08937E-05
0.56 3.5000E+02 1.16983E-05
0.56 3.7000E+02 1.22890E-05
0.56 3.9000E+02 1.15604E-05
0.56 4.3000E+02 6.55534E-06
0.56 4.7000E+02 9.00922E-06
0.56 5.1000E+02 8.30301E-06 


0.57 2.5600E+01   NaN
0.57 2.6600E+01   NaN
0.57 2.7600E+01   NaN
0.57 2.8600E+01   NaN
0.57 2.9600E+01   NaN
0.57 3.0600E+01   NaN
0.57 3.1600E+01   NaN
0.57 3.2600E+01   NaN
0.57 3.3600E+01   NaN
0.57 3.4600E+01   NaN
0.57 4.0000E+01   NaN
0.57 4.5000E+01   NaN
0.57 5.0000E+01   NaN
0.57 5.5000E+01   NaN
0.57 6.0000E+01   NaN
0.57 6.5000E+01   NaN
0.57 7.0000E+01   NaN
0.57 7.5000E+01   NaN
0.57 8.0000E+01   NaN
0.57 8.5000E+01   NaN
0.57 1.0000E+02   NaN
0.57 1.1000E+02 2.23565E-06
0.57 1.2000E+02 1.66749E-08
0.57 1.3000E+02 2.65279E-06
0.57 1.4000E+02 6.69539E-06
0.57 1.5000E+02 1.17922E-05
0.57 1.6000E+02 1.54730E-05
0.57 1.7000E+02 1.74734E-05
0.57 1.8000E+02 2.42973E-05
0.57 1.9000E+02 2.36365E-05
0.57 2.1000E+02 3.29486E-05
0.57 2.3000E+02 2.80788E-05
0.57 2.5000E+02 2.37041E-05
0.57 2.7000E+02 2.18274E-05
0.57 2.9000E+02 1.63991E-05
0.57 3.1000E+02 1.13684E-05
0.57 3.3000E+02 9.87828E-06
0.57 3.5000E+02 9.60891E-06
0.57 3.7000E+02 1.03538E-05
0.57 3.9000E+02 1.06315E-05
0.57 4.3000E+02 7.82409E-06
0.57 4.7000E+02 6.62338E-06
0.57 5.1000E+02 7.27546E-06 


0.58 2.5600E+01   NaN
0.58 2.6600E+01   NaN
0.58 2.7600E+01   NaN
0.58 2.8600E+01   NaN
0.58 2.9600E+01   NaN
0.58 3.0600E+01   NaN
0.58 3.1600E+01   NaN
0.58 3.2600E+01   NaN
0.58 3.3600E+01   NaN
0.58 3.4600E+01   NaN
0.58 4.0000E+01   NaN
0.58 4.5000E+01   NaN
0.58 5.0000E+01   NaN
0.58 5.5000E+01   NaN
0.58 6.0000E+01   NaN
0.58 6.5000E+01   NaN
0.58 7.0000E+01   NaN
0.58 7.5000E+01   NaN
0.58 8.0000E+01   NaN
0.58 8.5000E+01   NaN
0.58 1.0000E+02   NaN
0.58 1.1000E+02   NaN
0.58 1.2000E+02 5.07259E-10
0.58 1.3000E+02 3.33718E-06
0.58 1.4000E+02 5.04170E-06
0.58 1.5000E+02 1.01559E-05
0.58 1.6000E+02 1.16900E-05
0.58 1.7000E+02 1.23514E-05
0.58 1.8000E+02 1.87009E-05
0.58 1.9000E+02 2.30740E-05
0.58 2.1000E+02 2.32351E-05
0.58 2.3000E+02 2.80263E-05
0.58 2.5000E+02 1.57113E-05
0.58 2.7000E+02 2.18446E-05
0.58 2.9000E+02 1.72945E-05
0.58 3.1000E+02 1.21326E-05
0.58 3.3000E+02 9.24901E-06
0.58 3.5000E+02 8.37245E-06
0.58 3.7000E+02 8.57722E-06
0.58 3.9000E+02 9.17056E-06
0.58 4.3000E+02 8.09011E-06
0.58 4.7000E+02 3.73266E-06
0.58 5.1000E+02 6.27098E-06 


0.59 2.5600E+01   NaN
0.59 2.6600E+01   NaN
0.59 2.7600E+01   NaN
0.59 2.8600E+01   NaN
0.59 2.9600E+01   NaN
0.59 3.0600E+01   NaN
0.59 3.1600E+01   NaN
0.59 3.2600E+01   NaN
0.59 3.3600E+01   NaN
0.59 3.4600E+01   NaN
0.59 4.0000E+01   NaN
0.59 4.5000E+01   NaN
0.59 5.0000E+01   NaN
0.59 5.5000E+01   NaN
0.59 6.0000E+01   NaN
0.59 6.5000E+01   NaN
0.59 7.0000E+01   NaN
0.59 7.5000E+01   NaN
0.59 8.0000E+01   NaN
0.59 8.5000E+01   NaN
0.59 1.0000E+02   NaN
0.59 1.1000E+02   NaN
0.59 1.2000E+02 1.63151E-08
0.59 1.3000E+02 1.96690E-06
0.59 1.4000E+02 4.20786E-06
0.59 1.5000E+02 7.90781E-06
0.59 1.6000E+02 1.00740E-05
0.59 1.7000E+02 1.41916E-05
0.59 1.8000E+02 1.37230E-05
0.59 1.9000E+02 1.98634E-05
0.59 2.1000E+02 1.83704E-05
0.59 2.3000E+02 3.08646E-05
0.59 2.5000E+02 2.06125E-05
0.59 2.7000E+02 2.03286E-05
0.59 2.9000E+02 1.83486E-05
0.59 3.1000E+02 1.34265E-05
0.59 3.3000E+02 9.59007E-06
0.59 3.5000E+02 7.74620E-06
0.59 3.7000E+02 7.29758E-06
0.59 3.9000E+02 7.53363E-06
0.59 4.3000E+02 7.93629E-06
0.59 4.7000E+02 5.22975E-06
0.59 5.1000E+02 4.84888E-06 


0.60 2.5600E+01   NaN
0.60 2.6600E+01   NaN
0.60 2.7600E+01   NaN
0.60 2.8600E+01   NaN
0.60 2.9600E+01   NaN
0.60 3.0600E+01   NaN
0.60 3.1600E+01   NaN
0.60 3.2600E+01   NaN
0.60 3.3600E+01   NaN
0.60 3.4600E+01   NaN
0.60 4.0000E+01   NaN
0.60 4.5000E+01   NaN
0.60 5.0000E+01   NaN
0.60 5.5000E+01   NaN
0.60 6.0000E+01   NaN
0.60 6.5000E+01   NaN
0.60 7.0000E+01   NaN
0.60 7.5000E+01   NaN
0.60 8.0000E+01   NaN
0.60 8.5000E+01   NaN
0.60 1.0000E+02   NaN
0.60 1.1000E+02   NaN
0.60 1.2000E+02 6.87527E-08
0.60 1.3000E+02 2.00406E-06
0.60 1.4000E+02 5.84902E-06
0.60 1.5000E+02 6.02920E-06
0.60 1.6000E+02 9.19458E-06
0.60 1.7000E+02 1.02891E-05
0.60 1.8000E+02 1.00273E-05
0.60 1.9000E+02 1.47526E-05
0.60 2.1000E+02 1.69989E-05
0.60 2.3000E+02 2.38859E-05
0.60 2.5000E+02 2.28589E-05
0.60 2.7000E+02 1.69247E-05
0.60 2.9000E+02 1.84436E-05
0.60 3.1000E+02 1.49407E-05
0.60 3.3000E+02 1.05589E-05
0.60 3.5000E+02 7.88844E-06
0.60 3.7000E+02 6.68519E-06
0.60 3.9000E+02 6.43504E-06
0.60 4.3000E+02 7.06964E-06
0.60 4.7000E+02 5.80368E-06
0.60 5.1000E+02 2.15490E-06 


0.61 2.5600E+01   NaN
0.61 2.6600E+01   NaN
0.61 2.7600E+01   NaN
0.61 2.8600E+01   NaN
0.61 2.9600E+01   NaN
0.61 3.0600E+01   NaN
0.61 3.1600E+01   NaN
0.61 3.2600E+01   NaN
0.61 3.3600E+01   NaN
0.61 3.4600E+01   NaN
0.61 4.0000E+01   NaN
0.61 4.5000E+01   NaN
0.61 5.0000E+01   NaN
0.61 5.5000E+01   NaN
0.61 6.0000E+01   NaN
0.61 6.5000E+01   NaN
0.61 7.0000E+01   NaN
0.61 7.5000E+01   NaN
0.61 8.0000E+01   NaN
0.61 8.5000E+01   NaN
0.61 1.0000E+02   NaN
0.61 1.1000E+02   NaN
0.61 1.2000E+02 1.35275E-07
0.61 1.3000E+02 1.48511E-06
0.61 1.4000E+02 5.01159E-06
0.61 1.5000E+02 5.32265E-06
0.61 1.6000E+02 7.75096E-06
0.61 1.7000E+02 8.01598E-06
0.61 1.8000E+02 1.12319E-05
0.61 1.9000E+02 1.01448E-05
0.61 2.1000E+02 1.70707E-05
0.61 2.3000E+02 1.46727E-05
0.61 2.5000E+02 2.45502E-05
0.61 2.7000E+02 1.48010E-05
0.61 2.9000E+02 1.76413E-05
0.61 3.1000E+02 1.57775E-05
0.61 3.3000E+02 1.20796E-05
0.61 3.5000E+02 8.63127E-06
0.61 3.7000E+02 6.70025E-06
0.61 3.9000E+02 5.83146E-06
0.61 4.3000E+02 6.05967E-06
0.61 4.7000E+02 6.31002E-06
0.61 5.1000E+02 3.69493E-06 


0.62 2.5600E+01   NaN
0.62 2.6600E+01   NaN
0.62 2.7600E+01   NaN
0.62 2.8600E+01   NaN
0.62 2.9600E+01   NaN
0.62 3.0600E+01   NaN
0.62 3.1600E+01   NaN
0.62 3.2600E+01   NaN
0.62 3.3600E+01   NaN
0.62 3.4600E+01   NaN
0.62 4.0000E+01   NaN
0.62 4.5000E+01   NaN
0.62 5.0000E+01   NaN
0.62 5.5000E+01   NaN
0.62 6.0000E+01   NaN
0.62 6.5000E+01   NaN
0.62 7.0000E+01   NaN
0.62 7.5000E+01   NaN
0.62 8.0000E+01   NaN
0.62 8.5000E+01   NaN
0.62 1.0000E+02   NaN
0.62 1.1000E+02   NaN
0.62 1.2000E+02 2.00479E-07
0.62 1.3000E+02 1.37277E-06
0.62 1.4000E+02 4.52792E-06
0.62 1.5000E+02 7.39968E-06
0.62 1.6000E+02 6.07724E-06
0.62 1.7000E+02 6.96281E-06
0.62 1.8000E+02 8.44395E-06
0.62 1.9000E+02 7.08065E-06
0.62 2.1000E+02 1.51126E-05
0.62 2.3000E+02 1.31424E-05
0.62 2.5000E+02 2.34295E-05
0.62 2.7000E+02 1.85999E-05
0.62 2.9000E+02 1.58847E-05
0.62 3.1000E+02 1.63841E-05
0.62 3.3000E+02 1.37036E-05
0.62 3.5000E+02 1.00316E-05
0.62 3.7000E+02 7.27193E-06
0.62 3.9000E+02 5.81687E-06
0.62 4.3000E+02 5.16298E-06
0.62 4.7000E+02 5.55081E-06
0.62 5.1000E+02 4.54862E-06 


0.63 2.5600E+01   NaN
0.63 2.6600E+01   NaN
0.63 2.7600E+01   NaN
0.63 2.8600E+01   NaN
0.63 2.9600E+01   NaN
0.63 3.0600E+01   NaN
0.63 3.1600E+01   NaN
0.63 3.2600E+01   NaN
0.63 3.3600E+01   NaN
0.63 3.4600E+01   NaN
0.63 4.0000E+01   NaN
0.63 4.5000E+01   NaN
0.63 5.0000E+01   NaN
0.63 5.5000E+01   NaN
0.63 6.0000E+01   NaN
0.63 6.5000E+01   NaN
0.63 7.0000E+01   NaN
0.63 7.5000E+01   NaN
0.63 8.0000E+01   NaN
0.63 8.5000E+01   NaN
0.63 1.0000E+02   NaN
0.63 1.1000E+02   NaN
0.63 1.2000E+02 2.06054E-07
0.63 1.3000E+02 1.14323E-06
0.63 1.4000E+02 4.21174E-06
0.63 1.5000E+02 6.66801E-06
0.63 1.6000E+02 5.23678E-06
0.63 1.7000E+02 6.22982E-06
0.63 1.8000E+02 5.80919E-06
0.63 1.9000E+02 7.67255E-06
0.63 2.1000E+02 1.11012E-05
0.63 2.3000E+02 1.22882E-05
0.63 2.5000E+02 1.68390E-05
0.63 2.7000E+02 2.04355E-05
0.63 2.9000E+02 1.18716E-05
0.63 3.1000E+02 1.60438E-05
0.63 3.3000E+02 1.50631E-05
0.63 3.5000E+02 1.19815E-05
0.63 3.7000E+02 8.82077E-06
0.63 3.9000E+02 6.56462E-06
0.63 4.3000E+02 4.75779E-06
0.63 4.7000E+02 5.08249E-06
0.63 5.1000E+02 4.76036E-06 


0.64 2.5600E+01   NaN
0.64 2.6600E+01   NaN
0.64 2.7600E+01   NaN
0.64 2.8600E+01   NaN
0.64 2.9600E+01   NaN
0.64 3.0600E+01   NaN
0.64 3.1600E+01   NaN
0.64 3.2600E+01   NaN
0.64 3.3600E+01   NaN
0.64 3.4600E+01   NaN
0.64 4.0000E+01   NaN
0.64 4.5000E+01   NaN
0.64 5.0000E+01   NaN
0.64 5.5000E+01   NaN
0.64 6.0000E+01   NaN
0.64 6.5000E+01   NaN
0.64 7.0000E+01   NaN
0.64 7.5000E+01   NaN
0.64 8.0000E+01   NaN
0.64 8.5000E+01   NaN
0.64 1.0000E+02   NaN
0.64 1.1000E+02   NaN
0.64 1.2000E+02   NaN
0.64 1.3000E+02 1.04059E-06
0.64 1.4000E+02 4.27412E-06
0.64 1.5000E+02 5.81446E-06
0.64 1.6000E+02 6.85210E-06
0.64 1.7000E+02 5.16096E-06
0.64 1.8000E+02 4.53676E-06
0.64 1.9000E+02 5.90632E-06
0.64 2.1000E+02 6.77236E-06
0.64 2.3000E+02 1.21110E-05
0.64 2.5000E+02 1.19155E-05
0.64 2.7000E+02 2.17127E-05
0.64 2.9000E+02 1.63357E-05
0.64 3.1000E+02 1.51927E-05
0.64 3.3000E+02 1.59349E-05
0.64 3.5000E+02 1.41720E-05
0.64 3.7000E+02 1.10464E-05
0.64 3.9000E+02 8.19813E-06
0.64 4.3000E+02 5.11598E-06
0.64 4.7000E+02 4.68783E-06
0.64 5.1000E+02 5.00870E-06 


0.65 2.5600E+01   NaN
0.65 2.6600E+01   NaN
0.65 2.7600E+01   NaN
0.65 2.8600E+01   NaN
0.65 2.9600E+01   NaN
0.65 3.0600E+01   NaN
0.65 3.1600E+01   NaN
0.65 3.2600E+01   NaN
0.65 3.3600E+01   NaN
0.65 3.4600E+01   NaN
0.65 4.0000E+01   NaN
0.65 4.5000E+01   NaN
0.65 5.0000E+01   NaN
0.65 5.5000E+01   NaN
0.65 6.0000E+01   NaN
0.65 6.5000E+01   NaN
0.65 7.0000E+01   NaN
0.65 7.5000E+01   NaN
0.65 8.0000E+01   NaN
0.65 8.5000E+01   NaN
0.65 1.0000E+02   NaN
0.65 1.1000E+02   NaN
0.65 1.2000E+02   NaN
0.65 1.3000E+02 1.07713E-06
0.65 1.4000E+02 4.42978E-06
0.65 1.5000E+02 6.07227E-06
0.65 1.6000E+02 6.91251E-06
0.65 1.7000E+02 4.61262E-06
0.65 1.8000E+02 3.87193E-06
0.65 1.9000E+02 3.35963E-06
0.65 2.1000E+02 3.60968E-06
0.65 2.3000E+02 1.05467E-05
0.65 2.5000E+02 1.01167E-05
0.65 2.7000E+02 1.78152E-05
0.65 2.9000E+02 1.90038E-05
0.65 3.1000E+02 1.19878E-05
0.65 3.3000E+02 1.62958E-05
0.65 3.5000E+02 1.63757E-05
0.65 3.7000E+02 1.41144E-05
0.65 3.9000E+02 1.18363E-05
0.65 4.3000E+02 6.59935E-06
0.65 4.7000E+02 4.91787E-06
0.65 5.1000E+02 5.12977E-06 


