0.40 2.5600E+01 1.11765E-03
0.40 2.6600E+01 1.23470E-03
0.40 2.7600E+01 1.30872E-03
0.40 2.8600E+01 1.32390E-03
0.40 2.9600E+01 1.34934E-03
0.40 3.0600E+01 1.36440E-03
0.40 3.1600E+01 1.32608E-03
0.40 3.2600E+01 1.27998E-03
0.40 3.3600E+01 1.24393E-03
0.40 3.4600E+01 1.20436E-03
0.40 4.0000E+01 9.35423E-04
0.40 4.5000E+01 7.45924E-04
0.40 5.0000E+01 6.17937E-04
0.40 5.5000E+01 4.88154E-04
0.40 6.0000E+01 3.99939E-04
0.40 6.5000E+01 3.21722E-04
0.40 7.0000E+01 2.59156E-04
0.40 7.5000E+01 2.29105E-04
0.40 8.0000E+01 1.88439E-04
0.40 8.5000E+01 1.66114E-04
0.40 1.0000E+02 1.07729E-04
0.40 1.1000E+02 7.92056E-05
0.40 1.2000E+02 6.45924E-05
0.40 1.3000E+02 5.02074E-05
0.40 1.4000E+02 4.06275E-05
0.40 1.5000E+02 3.40142E-05
0.40 1.6000E+02 2.79243E-05
0.40 1.7000E+02 2.27534E-05
0.40 1.8000E+02 1.93059E-05
0.40 1.9000E+02 1.67216E-05
0.40 2.1000E+02 1.21679E-05
0.40 2.3000E+02 9.06317E-06
0.40 2.5000E+02 7.09274E-06
0.40 2.7000E+02 5.60728E-06
0.40 2.9000E+02 4.40716E-06
0.40 3.1000E+02 3.50200E-06
0.40 3.3000E+02 2.84049E-06
0.40 3.5000E+02 2.35822E-06
0.40 3.7000E+02 1.98311E-06
0.40 3.9000E+02 1.68715E-06
0.40 4.3000E+02 1.21534E-06
0.40 4.7000E+02 8.86914E-07
0.40 5.1000E+02 6.48666E-07 


0.41 2.5600E+01 1.07816E-03
0.41 2.6600E+01 1.26402E-03
0.41 2.7600E+01 1.31862E-03
0.41 2.8600E+01 1.37687E-03
0.41 2.9600E+01 1.34954E-03
0.41 3.0600E+01 1.34799E-03
0.41 3.1600E+01 1.28293E-03
0.41 3.2600E+01 1.29079E-03
0.41 3.3600E+01 1.22895E-03
0.41 3.4600E+01 1.16758E-03
0.41 4.0000E+01 9.77356E-04
0.41 4.5000E+01 7.73203E-04
0.41 5.0000E+01 6.01066E-04
0.41 5.5000E+01 4.94617E-04
0.41 6.0000E+01 3.81124E-04
0.41 6.5000E+01 3.13670E-04
0.41 7.0000E+01 2.71464E-04
0.41 7.5000E+01 2.27508E-04
0.41 8.0000E+01 1.89791E-04
0.41 8.5000E+01 1.61840E-04
0.41 1.0000E+02 1.04412E-04
0.41 1.1000E+02 8.11700E-05
0.41 1.2000E+02 6.43587E-05
0.41 1.3000E+02 5.10166E-05
0.41 1.4000E+02 4.03480E-05
0.41 1.5000E+02 3.35525E-05
0.41 1.6000E+02 2.80899E-05
0.41 1.7000E+02 2.31036E-05
0.41 1.8000E+02 1.91586E-05
0.41 1.9000E+02 1.63440E-05
0.41 2.1000E+02 1.24854E-05
0.41 2.3000E+02 8.67682E-06
0.41 2.5000E+02 7.08546E-06
0.41 2.7000E+02 5.76408E-06
0.41 2.9000E+02 4.44985E-06
0.41 3.1000E+02 3.53623E-06
0.41 3.3000E+02 2.84749E-06
0.41 3.5000E+02 2.34129E-06
0.41 3.7000E+02 1.96523E-06
0.41 3.9000E+02 1.66783E-06
0.41 4.3000E+02 1.21985E-06
0.41 4.7000E+02 8.92784E-07
0.41 5.1000E+02 6.59731E-07 


0.42 2.5600E+01 1.09171E-03
0.42 2.6600E+01 1.20846E-03
0.42 2.7600E+01 1.33407E-03
0.42 2.8600E+01 1.33052E-03
0.42 2.9600E+01 1.35860E-03
0.42 3.0600E+01 1.34850E-03
0.42 3.1600E+01 1.31934E-03
0.42 3.2600E+01 1.30960E-03
0.42 3.3600E+01 1.24178E-03
0.42 3.4600E+01 1.20741E-03
0.42 4.0000E+01 9.26791E-04
0.42 4.5000E+01 7.47097E-04
0.42 5.0000E+01 6.04233E-04
0.42 5.5000E+01 4.77806E-04
0.42 6.0000E+01 3.76433E-04
0.42 6.5000E+01 3.27801E-04
0.42 7.0000E+01 2.71113E-04
0.42 7.5000E+01 2.22873E-04
0.42 8.0000E+01 1.93193E-04
0.42 8.5000E+01 1.61173E-04
0.42 1.0000E+02 1.04139E-04
0.42 1.1000E+02 8.37563E-05
0.42 1.2000E+02 6.15944E-05
0.42 1.3000E+02 5.16433E-05
0.42 1.4000E+02 4.08942E-05
0.42 1.5000E+02 3.29832E-05
0.42 1.6000E+02 2.79273E-05
0.42 1.7000E+02 2.33739E-05
0.42 1.8000E+02 1.94147E-05
0.42 1.9000E+02 1.62757E-05
0.42 2.1000E+02 1.22909E-05
0.42 2.3000E+02 9.33907E-06
0.42 2.5000E+02 6.86405E-06
0.42 2.7000E+02 5.52037E-06
0.42 2.9000E+02 4.45771E-06
0.42 3.1000E+02 3.57320E-06
0.42 3.3000E+02 2.87527E-06
0.42 3.5000E+02 2.33967E-06
0.42 3.7000E+02 1.95271E-06
0.42 3.9000E+02 1.65398E-06
0.42 4.3000E+02 1.21498E-06
0.42 4.7000E+02 9.02204E-07
0.42 5.1000E+02 6.73347E-07 


0.43 2.5600E+01 1.06603E-03
0.43 2.6600E+01 1.24171E-03
0.43 2.7600E+01 1.32183E-03
0.43 2.8600E+01 1.35736E-03
0.43 2.9600E+01 1.33513E-03
0.43 3.0600E+01 1.35854E-03
0.43 3.1600E+01 1.29806E-03
0.43 3.2600E+01 1.26847E-03
0.43 3.3600E+01 1.22839E-03
0.43 3.4600E+01 1.19761E-03
0.43 4.0000E+01 9.72468E-04
0.43 4.5000E+01 7.54642E-04
0.43 5.0000E+01 6.11273E-04
0.43 5.5000E+01 4.96977E-04
0.43 6.0000E+01 3.99704E-04
0.43 6.5000E+01 3.25401E-04
0.43 7.0000E+01 2.65437E-04
0.43 7.5000E+01 2.29196E-04
0.43 8.0000E+01 1.91164E-04
0.43 8.5000E+01 1.63906E-04
0.43 1.0000E+02 1.06609E-04
0.43 1.1000E+02 8.09286E-05
0.43 1.2000E+02 6.40420E-05
0.43 1.3000E+02 5.11684E-05
0.43 1.4000E+02 4.12157E-05
0.43 1.5000E+02 3.32223E-05
0.43 1.6000E+02 2.74779E-05
0.43 1.7000E+02 2.33685E-05
0.43 1.8000E+02 1.96450E-05
0.43 1.9000E+02 1.64538E-05
0.43 2.1000E+02 1.20134E-05
0.43 2.3000E+02 9.40513E-06
0.43 2.5000E+02 6.95838E-06
0.43 2.7000E+02 5.44237E-06
0.43 2.9000E+02 4.43052E-06
0.43 3.1000E+02 3.58396E-06
0.43 3.3000E+02 2.90283E-06
0.43 3.5000E+02 2.36468E-06
0.43 3.7000E+02 1.94973E-06
0.43 3.9000E+02 1.63610E-06
0.43 4.3000E+02 1.10911E-06
0.43 4.7000E+02 9.18863E-07
0.43 5.1000E+02 6.78047E-07 


0.44 2.5600E+01 1.06602E-03
0.44 2.6600E+01 1.21511E-03
0.44 2.7600E+01 1.35748E-03
0.44 2.8600E+01 1.35208E-03
0.44 2.9600E+01 1.39235E-03
0.44 3.0600E+01 1.34553E-03
0.44 3.1600E+01 1.34643E-03
0.44 3.2600E+01 1.30354E-03
0.44 3.3600E+01 1.26378E-03
0.44 3.4600E+01 1.22520E-03
0.44 4.0000E+01 9.33766E-04
0.44 4.5000E+01 7.61417E-04
0.44 5.0000E+01 5.98662E-04
0.44 5.5000E+01 4.85254E-04
0.44 6.0000E+01 3.70793E-04
0.44 6.5000E+01 3.17659E-04
0.44 7.0000E+01 2.70144E-04
0.44 7.5000E+01 2.25118E-04
0.44 8.0000E+01 1.90673E-04
0.44 8.5000E+01 1.65909E-04
0.44 1.0000E+02 1.06837E-04
0.44 1.1000E+02 7.99120E-05
0.44 1.2000E+02 6.50330E-05
0.44 1.3000E+02 4.97116E-05
0.44 1.4000E+02 4.14764E-05
0.44 1.5000E+02 3.36927E-05
0.44 1.6000E+02 2.72553E-05
0.44 1.7000E+02 2.31189E-05
0.44 1.8000E+02 1.96690E-05
0.44 1.9000E+02 1.66240E-05
0.44 2.1000E+02 1.19799E-05
0.44 2.3000E+02 9.23992E-06
0.44 2.5000E+02 7.23204E-06
0.44 2.7000E+02 5.28132E-06
0.44 2.9000E+02 4.35635E-06
0.44 3.1000E+02 3.63674E-06
0.44 3.3000E+02 2.92824E-06
0.44 3.5000E+02 2.38973E-06
0.44 3.7000E+02 1.96706E-06
0.44 3.9000E+02 1.63413E-06
0.44 4.3000E+02 1.19530E-06
0.44 4.7000E+02 9.00386E-07
0.44 5.1000E+02 6.83630E-07 


0.45 2.5600E+01 1.09833E-03
0.45 2.6600E+01 1.23796E-03
0.45 2.7600E+01 1.29428E-03
0.45 2.8600E+01 1.33860E-03
0.45 2.9600E+01 1.34551E-03
0.45 3.0600E+01 1.36464E-03
0.45 3.1600E+01 1.31603E-03
0.45 3.2600E+01 1.26761E-03
0.45 3.3600E+01 1.22568E-03
0.45 3.4600E+01 1.17690E-03
0.45 4.0000E+01 9.67495E-04
0.45 4.5000E+01 7.55464E-04
0.45 5.0000E+01 6.19376E-04
0.45 5.5000E+01 4.88633E-04
0.45 6.0000E+01 3.93552E-04
0.45 6.5000E+01 3.22864E-04
0.45 7.0000E+01 2.69576E-04
0.45 7.5000E+01 2.22739E-04
0.45 8.0000E+01 1.95307E-04
0.45 8.5000E+01 1.63485E-04
0.45 1.0000E+02 1.05186E-04
0.45 1.1000E+02 8.12801E-05
0.45 1.2000E+02 6.36172E-05
0.45 1.3000E+02 5.05856E-05
0.45 1.4000E+02 4.11891E-05
0.45 1.5000E+02 3.37982E-05
0.45 1.6000E+02 2.77352E-05
0.45 1.7000E+02 2.28094E-05
0.45 1.8000E+02 1.95242E-05
0.45 1.9000E+02 1.66838E-05
0.45 2.1000E+02 1.21009E-05
0.45 2.3000E+02 9.04525E-06
0.45 2.5000E+02 7.22354E-06
0.45 2.7000E+02 5.58425E-06
0.45 2.9000E+02 4.28233E-06
0.45 3.1000E+02 3.55741E-06
0.45 3.3000E+02 2.93227E-06
0.45 3.5000E+02 2.40723E-06
0.45 3.7000E+02 1.97943E-06
0.45 3.9000E+02 1.64389E-06
0.45 4.3000E+02 1.18706E-06
0.45 4.7000E+02 9.05889E-07
0.45 5.1000E+02 6.87333E-07 


0.46 2.5600E+01 1.06872E-03
0.46 2.6600E+01 1.22990E-03
0.46 2.7600E+01 1.33504E-03
0.46 2.8600E+01 1.36524E-03
0.46 2.9600E+01 1.37458E-03
0.46 3.0600E+01 1.32149E-03
0.46 3.1600E+01 1.32639E-03
0.46 3.2600E+01 1.30498E-03
0.46 3.3600E+01 1.25425E-03
0.46 3.4600E+01 1.21625E-03
0.46 4.0000E+01 9.45905E-04
0.46 4.5000E+01 7.67000E-04
0.46 5.0000E+01 5.98446E-04
0.46 5.5000E+01 4.93642E-04
0.46 6.0000E+01 3.82623E-04
0.46 6.5000E+01 3.27561E-04
0.46 7.0000E+01 2.65974E-04
0.46 7.5000E+01 2.26738E-04
0.46 8.0000E+01 1.90363E-04
0.46 8.5000E+01 1.64757E-04
0.46 1.0000E+02 1.04672E-04
0.46 1.1000E+02 8.21994E-05
0.46 1.2000E+02 6.27919E-05
0.46 1.3000E+02 5.18094E-05
0.46 1.4000E+02 4.03177E-05
0.46 1.5000E+02 3.38584E-05
0.46 1.6000E+02 2.79816E-05
0.46 1.7000E+02 2.28394E-05
0.46 1.8000E+02 1.93257E-05
0.46 1.9000E+02 1.65890E-05
0.46 2.1000E+02 1.22122E-05
0.46 2.3000E+02 9.02301E-06
0.46 2.5000E+02 7.06407E-06
0.46 2.7000E+02 5.65572E-06
0.46 2.9000E+02 4.19089E-06
0.46 3.1000E+02 3.43892E-06
0.46 3.3000E+02 2.90740E-06
0.46 3.5000E+02 2.41440E-06
0.46 3.7000E+02 1.97892E-06
0.46 3.9000E+02 1.66248E-06
0.46 4.3000E+02 1.17398E-06
0.46 4.7000E+02 8.74674E-07
0.46 5.1000E+02 6.79428E-07 


0.47 2.5600E+01 1.08625E-03
0.47 2.6600E+01 1.22663E-03
0.47 2.7600E+01 1.29385E-03
0.47 2.8600E+01 1.34700E-03
0.47 2.9600E+01 1.33277E-03
0.47 3.0600E+01 1.37108E-03
0.47 3.1600E+01 1.30637E-03
0.47 3.2600E+01 1.25830E-03
0.47 3.3600E+01 1.23008E-03
0.47 3.4600E+01 1.18276E-03
0.47 4.0000E+01 9.53950E-04
0.47 4.5000E+01 7.50301E-04
0.47 5.0000E+01 6.07729E-04
0.47 5.5000E+01 4.84897E-04
0.47 6.0000E+01 3.83195E-04
0.47 6.5000E+01 3.25746E-04
0.47 7.0000E+01 2.68357E-04
0.47 7.5000E+01 2.27047E-04
0.47 8.0000E+01 1.88219E-04
0.47 8.5000E+01 1.65888E-04
0.47 1.0000E+02 1.05807E-04
0.47 1.1000E+02 8.15577E-05
0.47 1.2000E+02 6.33819E-05
0.47 1.3000E+02 5.07717E-05
0.47 1.4000E+02 4.14188E-05
0.47 1.5000E+02 3.32588E-05
0.47 1.6000E+02 2.79512E-05
0.47 1.7000E+02 2.32790E-05
0.47 1.8000E+02 1.91527E-05
0.47 1.9000E+02 1.64521E-05
0.47 2.1000E+02 1.22474E-05
0.47 2.3000E+02 9.12074E-06
0.47 2.5000E+02 6.93770E-06
0.47 2.7000E+02 5.62343E-06
0.47 2.9000E+02 4.47637E-06
0.47 3.1000E+02 3.40336E-06
0.47 3.3000E+02 2.86679E-06
0.47 3.5000E+02 2.39844E-06
0.47 3.7000E+02 2.00868E-06
0.47 3.9000E+02 1.67597E-06
0.47 4.3000E+02 1.18455E-06
0.47 4.7000E+02 9.10987E-07
0.47 5.1000E+02 6.54717E-07 


0.48 2.5600E+01 1.02074E-03
0.48 2.6600E+01 1.25433E-03
0.48 2.7600E+01 1.37297E-03
0.48 2.8600E+01 1.35214E-03
0.48 2.9600E+01 1.39583E-03
0.48 3.0600E+01 1.32508E-03
0.48 3.1600E+01 1.33615E-03
0.48 3.2600E+01 1.30468E-03
0.48 3.3600E+01 1.25116E-03
0.48 3.4600E+01 1.21472E-03
0.48 4.0000E+01 9.68716E-04
0.48 4.5000E+01 7.57029E-04
0.48 5.0000E+01 6.10527E-04
0.48 5.5000E+01 4.88159E-04
0.48 6.0000E+01 3.91993E-04
0.48 6.5000E+01 3.29875E-04
0.48 7.0000E+01 2.72172E-04
0.48 7.5000E+01 2.23681E-04
0.48 8.0000E+01 1.92254E-04
0.48 8.5000E+01 1.61954E-04
0.48 1.0000E+02 1.06975E-04
0.48 1.1000E+02 8.06185E-05
0.48 1.2000E+02 6.40814E-05
0.48 1.3000E+02 4.98611E-05
0.48 1.4000E+02 4.17195E-05
0.48 1.5000E+02 3.30424E-05
0.48 1.6000E+02 2.78424E-05
0.48 1.7000E+02 2.34190E-05
0.48 1.8000E+02 1.94444E-05
0.48 1.9000E+02 1.63677E-05
0.48 2.1000E+02 1.22040E-05
0.48 2.3000E+02 9.20454E-06
0.48 2.5000E+02 6.93561E-06
0.48 2.7000E+02 5.49994E-06
0.48 2.9000E+02 4.51723E-06
0.48 3.1000E+02 3.50587E-06
0.48 3.3000E+02 2.82176E-06
0.48 3.5000E+02 2.38716E-06
0.48 3.7000E+02 2.00504E-06
0.48 3.9000E+02 1.68256E-06
0.48 4.3000E+02 1.19329E-06
0.48 4.7000E+02 8.73788E-07
0.48 5.1000E+02 6.65327E-07 


0.49 2.5600E+01 1.06528E-03
0.49 2.6600E+01 1.25042E-03
0.49 2.7600E+01 1.28660E-03
0.49 2.8600E+01 1.34368E-03
0.49 2.9600E+01 1.34715E-03
0.49 3.0600E+01 1.36320E-03
0.49 3.1600E+01 1.29608E-03
0.49 3.2600E+01 1.26788E-03
0.49 3.3600E+01 1.22933E-03
0.49 3.4600E+01 1.18659E-03
0.49 4.0000E+01 9.47966E-04
0.49 4.5000E+01 7.54898E-04
0.49 5.0000E+01 6.00610E-04
0.49 5.5000E+01 4.90704E-04
0.49 6.0000E+01 3.86789E-04
0.49 6.5000E+01 3.24532E-04
0.49 7.0000E+01 2.64824E-04
0.49 7.5000E+01 2.23844E-04
0.49 8.0000E+01 1.92985E-04
0.49 8.5000E+01 1.61326E-04
0.49 1.0000E+02 1.05860E-04
0.49 1.1000E+02 8.07935E-05
0.49 1.2000E+02 6.42164E-05
0.49 1.3000E+02 5.04227E-05
0.49 1.4000E+02 4.09351E-05
0.49 1.5000E+02 3.39425E-05
0.49 1.6000E+02 2.68072E-05
0.49 1.7000E+02 2.36847E-05
0.49 1.8000E+02 1.97322E-05
0.49 1.9000E+02 1.63089E-05
0.49 2.1000E+02 1.21279E-05
0.49 2.3000E+02 9.24860E-06
0.49 2.5000E+02 7.01582E-06
0.49 2.7000E+02 5.42132E-06
0.49 2.9000E+02 4.43266E-06
0.49 3.1000E+02 3.63687E-06
0.49 3.3000E+02 2.75988E-06
0.49 3.5000E+02 2.31379E-06
0.49 3.7000E+02 1.98910E-06
0.49 3.9000E+02 2.83172E-06
0.49 4.3000E+02 1.20394E-06
0.49 4.7000E+02 8.76264E-07
0.49 5.1000E+02 7.34263E-07 


0.50 2.5600E+01 1.12245E-03
0.50 2.6600E+01 1.20360E-03
0.50 2.7600E+01 1.33256E-03
0.50 2.8600E+01 1.35483E-03
0.50 2.9600E+01 1.37896E-03
0.50 3.0600E+01 1.33174E-03
0.50 3.1600E+01 1.33914E-03
0.50 3.2600E+01 1.28732E-03
0.50 3.3600E+01 1.25590E-03
0.50 3.4600E+01 1.20984E-03
0.50 4.0000E+01 9.65424E-04
0.50 4.5000E+01 7.52743E-04
0.50 5.0000E+01 6.11265E-04
0.50 5.5000E+01 4.83588E-04
0.50 6.0000E+01 3.80572E-04
0.50 6.5000E+01 3.19806E-04
0.50 7.0000E+01 2.67871E-04
0.50 7.5000E+01 2.27791E-04
0.50 8.0000E+01 1.89605E-04
0.50 8.5000E+01 1.64109E-04
0.50 1.0000E+02 1.03576E-04
0.50 1.1000E+02 8.17811E-05
0.50 1.2000E+02 6.35182E-05
0.50 1.3000E+02 5.11500E-05
0.50 1.4000E+02 4.04516E-05
0.50 1.5000E+02 3.39700E-05
0.50 1.6000E+02 2.76661E-05
0.50 1.7000E+02 2.29457E-05
0.50 1.8000E+02 1.97538E-05
0.50 1.9000E+02 1.65997E-05
0.50 2.1000E+02 1.20766E-05
0.50 2.3000E+02 9.21461E-06
0.50 2.5000E+02 7.08598E-06
0.50 2.7000E+02 5.43803E-06
0.50 2.9000E+02 4.34469E-06
0.50 3.1000E+02 3.62346E-06
0.50 3.3000E+02 2.93838E-06
0.50 3.5000E+02 2.20600E-06
0.50 3.7000E+02 1.95950E-06
0.50 3.9000E+02 1.67240E-06
0.50 4.3000E+02 1.21271E-06
0.50 4.7000E+02 8.84927E-07
0.50 5.1000E+02 6.63393E-07 


0.51 2.5600E+01 1.05536E-03
0.51 2.6600E+01 1.28119E-03
0.51 2.7600E+01 1.30659E-03
0.51 2.8600E+01 1.36244E-03
0.51 2.9600E+01 1.34621E-03
0.51 3.0600E+01 1.36441E-03
0.51 3.1600E+01 1.30125E-03
0.51 3.2600E+01 1.28826E-03
0.51 3.3600E+01 1.25083E-03
0.51 3.4600E+01 1.18611E-03
0.51 4.0000E+01 9.42346E-04
0.51 4.5000E+01 7.67433E-04
0.51 5.0000E+01 6.10082E-04
0.51 5.5000E+01 4.93620E-04
0.51 6.0000E+01 3.97442E-04
0.51 6.5000E+01 3.24892E-04
0.51 7.0000E+01 2.71255E-04
0.51 7.5000E+01 2.25822E-04
0.51 8.0000E+01 1.88803E-04
0.51 8.5000E+01 1.64668E-04
0.51 1.0000E+02 1.06761E-04
0.51 1.1000E+02 8.24433E-05
0.51 1.2000E+02 6.30946E-05
0.51 1.3000E+02 5.11739E-05
0.51 1.4000E+02 4.07508E-05
0.51 1.5000E+02 3.33275E-05
0.51 1.6000E+02 2.82166E-05
0.51 1.7000E+02 2.25143E-05
0.51 1.8000E+02 1.95092E-05
0.51 1.9000E+02 1.67668E-05
0.51 2.1000E+02 1.20706E-05
0.51 2.3000E+02 9.13901E-06
0.51 2.5000E+02 7.10383E-06
0.51 2.7000E+02 5.50087E-06
0.51 2.9000E+02 4.30378E-06
0.51 3.1000E+02 3.54952E-06
0.51 3.3000E+02 2.96705E-06
0.51 3.5000E+02 2.36896E-06
0.51 3.7000E+02 1.89481E-06
0.51 3.9000E+02 1.65737E-06
0.51 4.3000E+02 1.21435E-06
0.51 4.7000E+02 8.91106E-07
0.51 5.1000E+02 6.58205E-07 


0.52 2.5600E+01 1.08804E-03
0.52 2.6600E+01 1.21314E-03
0.52 2.7600E+01 1.30468E-03
0.52 2.8600E+01 1.32774E-03
0.52 2.9600E+01 1.37442E-03
0.52 3.0600E+01 1.33504E-03
0.52 3.1600E+01 1.33652E-03
0.52 3.2600E+01 1.28474E-03
0.52 3.3600E+01 1.23725E-03
0.52 3.4600E+01 1.20229E-03
0.52 4.0000E+01 9.60986E-04
0.52 4.5000E+01 7.52642E-04
0.52 5.0000E+01 5.93720E-04
0.52 5.5000E+01 4.90311E-04
0.52 6.0000E+01 3.85434E-04
0.52 6.5000E+01 3.26243E-04
0.52 7.0000E+01 2.67588E-04
0.52 7.5000E+01 2.22275E-04
0.52 8.0000E+01 1.93199E-04
0.52 8.5000E+01 1.62128E-04
0.52 1.0000E+02 1.06903E-04
0.52 1.1000E+02 8.11014E-05
0.52 1.2000E+02 6.35934E-05
0.52 1.3000E+02 5.06662E-05
0.52 1.4000E+02 4.12097E-05
0.52 1.5000E+02 3.30588E-05
0.52 1.6000E+02 2.79516E-05
0.52 1.7000E+02 2.33509E-05
0.52 1.8000E+02 1.88729E-05
0.52 1.9000E+02 1.66844E-05
0.52 2.1000E+02 1.20373E-05
0.52 2.3000E+02 9.07513E-06
0.52 2.5000E+02 7.08032E-06
0.52 2.7000E+02 5.53360E-06
0.52 2.9000E+02 4.32914E-06
0.52 3.1000E+02 3.48442E-06
0.52 3.3000E+02 2.92915E-06
0.52 3.5000E+02 2.44021E-06
0.52 3.7000E+02 1.91645E-06
0.52 3.9000E+02 1.61507E-06
0.52 4.3000E+02 1.21020E-06
0.52 4.7000E+02 8.94634E-07
0.52 5.1000E+02 6.61637E-07 


0.53 2.5600E+01 1.11745E-03
0.53 2.6600E+01 1.24015E-03
0.53 2.7600E+01 1.33527E-03
0.53 2.8600E+01 1.38325E-03
0.53 2.9600E+01 1.34857E-03
0.53 3.0600E+01 1.34419E-03
0.53 3.1600E+01 1.30581E-03
0.53 3.2600E+01 1.28673E-03
0.53 3.3600E+01 1.25930E-03
0.53 3.4600E+01 1.20430E-03
0.53 4.0000E+01 9.56286E-04
0.53 4.5000E+01 7.61895E-04
0.53 5.0000E+01 6.16979E-04
0.53 5.5000E+01 4.84136E-04
0.53 6.0000E+01 3.85592E-04
0.53 6.5000E+01 3.19866E-04
0.53 7.0000E+01 2.66455E-04
0.53 7.5000E+01 2.27698E-04
0.53 8.0000E+01 1.94533E-04
0.53 8.5000E+01 1.61251E-04
0.53 1.0000E+02 1.05023E-04
0.53 1.1000E+02 7.99697E-05
0.53 1.2000E+02 6.43918E-05
0.53 1.3000E+02 5.03049E-05
0.53 1.4000E+02 4.14143E-05
0.53 1.5000E+02 3.34506E-05
0.53 1.6000E+02 2.74304E-05
0.53 1.7000E+02 2.35429E-05
0.53 1.8000E+02 1.92957E-05
0.53 1.9000E+02 1.63949E-05
0.53 2.1000E+02 1.21984E-05
0.53 2.3000E+02 9.09415E-06
0.53 2.5000E+02 7.02660E-06
0.53 2.7000E+02 5.57874E-06
0.53 2.9000E+02 4.37911E-06
0.53 3.1000E+02 3.46843E-06
0.53 3.3000E+02 2.87070E-06
0.53 3.5000E+02 2.43608E-06
0.53 3.7000E+02 2.01879E-06
0.53 3.9000E+02 1.56971E-06
0.53 4.3000E+02 1.19885E-06
0.53 4.7000E+02 9.02701E-07
0.53 5.1000E+02 6.75918E-07 


0.54 2.5600E+01 1.05843E-03
0.54 2.6600E+01 1.25680E-03
0.54 2.7600E+01 1.29429E-03
0.54 2.8600E+01 1.32213E-03
0.54 2.9600E+01 1.35360E-03
0.54 3.0600E+01 1.36106E-03
0.54 3.1600E+01 1.33382E-03
0.54 3.2600E+01 1.27141E-03
0.54 3.3600E+01 1.21579E-03
0.54 3.4600E+01 1.18588E-03
0.54 4.0000E+01 9.41084E-04
0.54 4.5000E+01 7.69052E-04
0.54 5.0000E+01 6.01770E-04
0.54 5.5000E+01 4.91898E-04
0.54 6.0000E+01 3.92476E-04
0.54 6.5000E+01 3.23708E-04
0.54 7.0000E+01 2.69576E-04
0.54 7.5000E+01 2.26395E-04
0.54 8.0000E+01 1.86671E-04
0.54 8.5000E+01 1.64477E-04
0.54 1.0000E+02 1.04591E-04
0.54 1.1000E+02 8.21633E-05
0.54 1.2000E+02 6.46532E-05
0.54 1.3000E+02 5.05162E-05
0.54 1.4000E+02 4.10429E-05
0.54 1.5000E+02 3.35956E-05
0.54 1.6000E+02 2.72112E-05
0.54 1.7000E+02 2.32025E-05
0.54 1.8000E+02 1.97848E-05
0.54 1.9000E+02 1.60585E-05
0.54 2.1000E+02 1.23230E-05
0.54 2.3000E+02 9.13008E-06
0.54 2.5000E+02 6.99114E-06
0.54 2.7000E+02 5.54309E-06
0.54 2.9000E+02 4.41855E-06
0.54 3.1000E+02 3.49733E-06
0.54 3.3000E+02 2.82978E-06
0.54 3.5000E+02 2.39007E-06
0.54 3.7000E+02 2.03536E-06
0.54 3.9000E+02 1.67641E-06
0.54 4.3000E+02 1.17971E-06
0.54 4.7000E+02 8.96988E-07
0.54 5.1000E+02 6.76884E-07 


0.55 2.5600E+01 1.08276E-03
0.55 2.6600E+01 1.18227E-03
0.55 2.7600E+01 1.34295E-03
0.55 2.8600E+01 1.37193E-03
0.55 2.9600E+01 1.37523E-03
0.55 3.0600E+01 1.32179E-03
0.55 3.1600E+01 1.32218E-03
0.55 3.2600E+01 1.30082E-03
0.55 3.3600E+01 1.26474E-03
0.55 3.4600E+01 1.21708E-03
0.55 4.0000E+01 9.67478E-04
0.55 4.5000E+01 7.49283E-04
0.55 5.0000E+01 6.05622E-04
0.55 5.5000E+01 4.92623E-04
0.55 6.0000E+01 3.86448E-04
0.55 6.5000E+01 3.28869E-04
0.55 7.0000E+01 2.69804E-04
0.55 7.5000E+01 2.23289E-04
0.55 8.0000E+01 1.92438E-04
0.55 8.5000E+01 1.66112E-04
0.55 1.0000E+02 1.06023E-04
0.55 1.1000E+02 8.21547E-05
0.55 1.2000E+02 6.20647E-05
0.55 1.3000E+02 5.10430E-05
0.55 1.4000E+02 4.06089E-05
0.55 1.5000E+02 3.37792E-05
0.55 1.6000E+02 2.76429E-05
0.55 1.7000E+02 2.28177E-05
0.55 1.8000E+02 1.97788E-05
0.55 1.9000E+02 1.65791E-05
0.55 2.1000E+02 1.22668E-05
0.55 2.3000E+02 9.10877E-06
0.55 2.5000E+02 6.98596E-06
0.55 2.7000E+02 5.50194E-06
0.55 2.9000E+02 4.42432E-06
0.55 3.1000E+02 3.53389E-06
0.55 3.3000E+02 2.83328E-06
0.55 3.5000E+02 2.27113E-06
0.55 3.7000E+02 2.01603E-06
0.55 3.9000E+02 1.70387E-06
0.55 4.3000E+02 1.12279E-06
0.55 4.7000E+02 8.93191E-07
0.55 5.1000E+02 6.77095E-07 


0.56 2.5600E+01 1.12192E-03
0.56 2.6600E+01 1.27147E-03
0.56 2.7600E+01 1.30005E-03
0.56 2.8600E+01 1.34877E-03
0.56 2.9600E+01 1.33176E-03
0.56 3.0600E+01 1.37834E-03
0.56 3.1600E+01 1.30861E-03
0.56 3.2600E+01 1.26282E-03
0.56 3.3600E+01 1.22708E-03
0.56 3.4600E+01 1.17371E-03
0.56 4.0000E+01 9.40089E-04
0.56 4.5000E+01 7.69627E-04
0.56 5.0000E+01 6.13041E-04
0.56 5.5000E+01 4.80073E-04
0.56 6.0000E+01 3.82999E-04
0.56 6.5000E+01 3.19316E-04
0.56 7.0000E+01 2.66658E-04
0.56 7.5000E+01 2.24743E-04
0.56 8.0000E+01 1.93386E-04
0.56 8.5000E+01 1.59951E-04
0.56 1.0000E+02 1.06664E-04
0.56 1.1000E+02 8.08808E-05
0.56 1.2000E+02 6.33776E-05
0.56 1.3000E+02 5.13855E-05
0.56 1.4000E+02 4.06751E-05
0.56 1.5000E+02 3.36282E-05
0.56 1.6000E+02 2.78537E-05
0.56 1.7000E+02 2.28186E-05
0.56 1.8000E+02 1.93669E-05
0.56 1.9000E+02 1.68111E-05
0.56 2.1000E+02 1.20287E-05
0.56 2.3000E+02 9.21663E-06
0.56 2.5000E+02 7.01541E-06
0.56 2.7000E+02 5.47013E-06
0.56 2.9000E+02 4.40688E-06
0.56 3.1000E+02 3.56344E-06
0.56 3.3000E+02 2.86089E-06
0.56 3.5000E+02 2.33094E-06
0.56 3.7000E+02 1.97248E-06
0.56 3.9000E+02 1.69803E-06
0.56 4.3000E+02 1.17241E-06
0.56 4.7000E+02 8.90041E-07
0.56 5.1000E+02 6.85500E-07 


0.57 2.5600E+01 1.03354E-03
0.57 2.6600E+01 1.22645E-03
0.57 2.7600E+01 1.31420E-03
0.57 2.8600E+01 1.33106E-03
0.57 2.9600E+01 1.39491E-03
0.57 3.0600E+01 1.32007E-03
0.57 3.1600E+01 1.33909E-03
0.57 3.2600E+01 1.30531E-03
0.57 3.3600E+01 1.24712E-03
0.57 3.4600E+01 1.21286E-03
0.57 4.0000E+01 9.60798E-04
0.57 4.5000E+01 7.55881E-04
0.57 5.0000E+01 6.02955E-04
0.57 5.5000E+01 4.97380E-04
0.57 6.0000E+01 3.91043E-04
0.57 6.5000E+01 3.22809E-04
0.57 7.0000E+01 2.66914E-04
0.57 7.5000E+01 2.27099E-04
0.57 8.0000E+01 1.89528E-04
0.57 8.5000E+01 1.63081E-04
0.57 1.0000E+02 1.05617E-04
0.57 1.1000E+02 8.04634E-05
0.57 1.2000E+02 6.46280E-05
0.57 1.3000E+02 5.05092E-05
0.57 1.4000E+02 4.11278E-05
0.57 1.5000E+02 3.32901E-05
0.57 1.6000E+02 2.78165E-05
0.57 1.7000E+02 2.31132E-05
0.57 1.8000E+02 1.91732E-05
0.57 1.9000E+02 1.66709E-05
0.57 2.1000E+02 1.18920E-05
0.57 2.3000E+02 9.27213E-06
0.57 2.5000E+02 7.05150E-06
0.57 2.7000E+02 5.45374E-06
0.57 2.9000E+02 4.38159E-06
0.57 3.1000E+02 3.57329E-06
0.57 3.3000E+02 2.89686E-06
0.57 3.5000E+02 2.33761E-06
0.57 3.7000E+02 1.94576E-06
0.57 3.9000E+02 1.66856E-06
0.57 4.3000E+02 1.21162E-06
0.57 4.7000E+02 8.68287E-07
0.57 5.1000E+02 6.82028E-07 


0.58 2.5600E+01 1.08782E-03
0.58 2.6600E+01 1.21059E-03
0.58 2.7600E+01 1.33771E-03
0.58 2.8600E+01 1.38685E-03
0.58 2.9600E+01 1.34028E-03
0.58 3.0600E+01 1.35341E-03
0.58 3.1600E+01 1.29792E-03
0.58 3.2600E+01 1.27767E-03
0.58 3.3600E+01 1.25460E-03
0.58 3.4600E+01 1.19843E-03
0.58 4.0000E+01 9.55822E-04
0.58 4.5000E+01 7.55209E-04
0.58 5.0000E+01 6.03706E-04
0.58 5.5000E+01 4.89528E-04
0.58 6.0000E+01 3.91917E-04
0.58 6.5000E+01 3.27112E-04
0.58 7.0000E+01 2.72273E-04
0.58 7.5000E+01 2.25653E-04
0.58 8.0000E+01 1.89048E-04
0.58 8.5000E+01 1.65270E-04
0.58 1.0000E+02 1.04605E-04
0.58 1.1000E+02 8.14187E-05
0.58 1.2000E+02 6.41622E-05
0.58 1.3000E+02 4.98922E-05
0.58 1.4000E+02 4.15119E-05
0.58 1.5000E+02 3.31924E-05
0.58 1.6000E+02 2.77415E-05
0.58 1.7000E+02 2.33875E-05
0.58 1.8000E+02 1.92467E-05
0.58 1.9000E+02 1.63908E-05
0.58 2.1000E+02 1.22202E-05
0.58 2.3000E+02 9.21522E-06
0.58 2.5000E+02 7.03463E-06
0.58 2.7000E+02 5.48212E-06
0.58 2.9000E+02 4.34606E-06
0.58 3.1000E+02 3.54747E-06
0.58 3.3000E+02 2.90724E-06
0.58 3.5000E+02 2.36321E-06
0.58 3.7000E+02 1.94160E-06
0.58 3.9000E+02 1.64053E-06
0.58 4.3000E+02 1.22884E-06
0.58 4.7000E+02 8.37952E-07
0.58 5.1000E+02 6.85224E-07 


0.59 2.5600E+01 1.11971E-03
0.59 2.6600E+01 1.26849E-03
0.59 2.7600E+01 1.28442E-03
0.59 2.8600E+01 1.31278E-03
0.59 2.9600E+01 1.35320E-03
0.59 3.0600E+01 1.35795E-03
0.59 3.1600E+01 1.33912E-03
0.59 3.2600E+01 1.27602E-03
0.59 3.3600E+01 1.21396E-03
0.59 3.4600E+01 1.18721E-03
0.59 4.0000E+01 9.42085E-04
0.59 4.5000E+01 7.67988E-04
0.59 5.0000E+01 6.16794E-04
0.59 5.5000E+01 4.83990E-04
0.59 6.0000E+01 3.75644E-04
0.59 6.5000E+01 3.22611E-04
0.59 7.0000E+01 2.66790E-04
0.59 7.5000E+01 2.23042E-04
0.59 8.0000E+01 1.92137E-04
0.59 8.5000E+01 1.62990E-04
0.59 1.0000E+02 1.05256E-04
0.59 1.1000E+02 8.21293E-05
0.59 1.2000E+02 6.31726E-05
0.59 1.3000E+02 5.08841E-05
0.59 1.4000E+02 4.13610E-05
0.59 1.5000E+02 3.34921E-05
0.59 1.6000E+02 2.75690E-05
0.59 1.7000E+02 2.31945E-05
0.59 1.8000E+02 1.95032E-05
0.59 1.9000E+02 1.62772E-05
0.59 2.1000E+02 1.23418E-05
0.59 2.3000E+02 8.89989E-06
0.59 2.5000E+02 7.09982E-06
0.59 2.7000E+02 5.51858E-06
0.59 2.9000E+02 4.33953E-06
0.59 3.1000E+02 3.51980E-06
0.59 3.3000E+02 2.90461E-06
0.59 3.5000E+02 2.38771E-06
0.59 3.7000E+02 1.95861E-06
0.59 3.9000E+02 1.63004E-06
0.59 4.3000E+02 1.21841E-06
0.59 4.7000E+02 8.90338E-07
0.59 5.1000E+02 6.59957E-07 


0.60 2.5600E+01 1.07479E-03
0.60 2.6600E+01 1.24101E-03
0.60 2.7600E+01 1.33308E-03
0.60 2.8600E+01 1.36534E-03
0.60 2.9600E+01 1.38254E-03
0.60 3.0600E+01 1.31769E-03
0.60 3.1600E+01 1.31652E-03
0.60 3.2600E+01 1.30296E-03
0.60 3.3600E+01 1.26871E-03
0.60 3.4600E+01 1.21511E-03
0.60 4.0000E+01 9.68247E-04
0.60 4.5000E+01 7.55003E-04
0.60 5.0000E+01 5.97855E-04
0.60 5.5000E+01 4.92502E-04
0.60 6.0000E+01 3.92805E-04
0.60 6.5000E+01 3.20613E-04
0.60 7.0000E+01 2.66511E-04
0.60 7.5000E+01 2.25232E-04
0.60 8.0000E+01 1.92819E-04
0.60 8.5000E+01 1.61265E-04
0.60 1.0000E+02 1.07054E-04
0.60 1.1000E+02 8.14681E-05
0.60 1.2000E+02 6.31951E-05
0.60 1.3000E+02 5.13041E-05
0.60 1.4000E+02 4.00083E-05
0.60 1.5000E+02 3.38831E-05
0.60 1.6000E+02 2.74871E-05
0.60 1.7000E+02 2.30680E-05
0.60 1.8000E+02 1.96833E-05
0.60 1.9000E+02 1.63893E-05
0.60 2.1000E+02 1.22528E-05
0.60 2.3000E+02 9.05825E-06
0.60 2.5000E+02 7.10982E-06
0.60 2.7000E+02 5.53924E-06
0.60 2.9000E+02 4.35612E-06
0.60 3.1000E+02 3.50063E-06
0.60 3.3000E+02 2.90070E-06
0.60 3.5000E+02 2.39727E-06
0.60 3.7000E+02 1.99690E-06
0.60 3.9000E+02 1.63897E-06
0.60 4.3000E+02 1.20080E-06
0.60 4.7000E+02 9.09987E-07
0.60 5.1000E+02 6.28023E-07 


0.61 2.5600E+01 1.02522E-03
0.61 2.6600E+01 1.20001E-03
0.61 2.7600E+01 1.33737E-03
0.61 2.8600E+01 1.36993E-03
0.61 2.9600E+01 1.33790E-03
0.61 3.0600E+01 1.38217E-03
0.61 3.1600E+01 1.30327E-03
0.61 3.2600E+01 1.26730E-03
0.61 3.3600E+01 1.22690E-03
0.61 3.4600E+01 1.18779E-03
0.61 4.0000E+01 9.42175E-04
0.61 4.5000E+01 7.57828E-04
0.61 5.0000E+01 6.08920E-04
0.61 5.5000E+01 4.91334E-04
0.61 6.0000E+01 3.92915E-04
0.61 6.5000E+01 3.24993E-04
0.61 7.0000E+01 2.70162E-04
0.61 7.5000E+01 2.28105E-04
0.61 8.0000E+01 1.89562E-04
0.61 8.5000E+01 1.62984E-04
0.61 1.0000E+02 1.05844E-04
0.61 1.1000E+02 8.06303E-05
0.61 1.2000E+02 6.38970E-05
0.61 1.3000E+02 5.09137E-05
0.61 1.4000E+02 4.08560E-05
0.61 1.5000E+02 3.39864E-05
0.61 1.6000E+02 2.76307E-05
0.61 1.7000E+02 2.29956E-05
0.61 1.8000E+02 1.95590E-05
0.61 1.9000E+02 1.65872E-05
0.61 2.1000E+02 1.21083E-05
0.61 2.3000E+02 9.17972E-06
0.61 2.5000E+02 7.01532E-06
0.61 2.7000E+02 5.53180E-06
0.61 2.9000E+02 4.38998E-06
0.61 3.1000E+02 3.47335E-06
0.61 3.3000E+02 2.86705E-06
0.61 3.5000E+02 2.39436E-06
0.61 3.7000E+02 1.98734E-06
0.61 3.9000E+02 1.64900E-06
0.61 4.3000E+02 1.19050E-06
0.61 4.7000E+02 9.03260E-07
0.61 5.1000E+02 6.63613E-07 


0.62 2.5600E+01 1.13873E-03
0.62 2.6600E+01 1.27348E-03
0.62 2.7600E+01 1.26693E-03
0.62 2.8600E+01 1.31651E-03
0.62 2.9600E+01 1.35993E-03
0.62 3.0600E+01 1.33071E-03
0.62 3.1600E+01 1.34107E-03
0.62 3.2600E+01 1.28985E-03
0.62 3.3600E+01 1.24112E-03
0.62 3.4600E+01 1.20086E-03
0.62 4.0000E+01 9.51879E-04
0.62 4.5000E+01 7.68720E-04
0.62 5.0000E+01 6.12405E-04
0.62 5.5000E+01 4.84232E-04
0.62 6.0000E+01 3.80396E-04
0.62 6.5000E+01 3.26974E-04
0.62 7.0000E+01 2.69278E-04
0.62 7.5000E+01 2.22854E-04
0.62 8.0000E+01 1.88440E-04
0.62 8.5000E+01 1.64720E-04
0.62 1.0000E+02 1.04085E-04
0.62 1.1000E+02 8.07325E-05
0.62 1.2000E+02 6.42339E-05
0.62 1.3000E+02 5.02993E-05
0.62 1.4000E+02 4.14767E-05
0.62 1.5000E+02 3.28569E-05
0.62 1.6000E+02 2.79099E-05
0.62 1.7000E+02 2.29969E-05
0.62 1.8000E+02 1.93566E-05
0.62 1.9000E+02 1.67030E-05
0.62 2.1000E+02 1.19977E-05
0.62 2.3000E+02 9.26889E-06
0.62 2.5000E+02 6.89091E-06
0.62 2.7000E+02 5.55849E-06
0.62 2.9000E+02 4.40732E-06
0.62 3.1000E+02 3.50705E-06
0.62 3.3000E+02 2.84722E-06
0.62 3.5000E+02 2.37978E-06
0.62 3.7000E+02 1.99308E-06
0.62 3.9000E+02 1.66503E-06
0.62 4.3000E+02 1.17428E-06
0.62 4.7000E+02 9.29324E-07
0.62 5.1000E+02 6.81779E-07 


0.63 2.5600E+01 1.10051E-03
0.63 2.6600E+01 1.23731E-03
0.63 2.7600E+01 1.34981E-03
0.63 2.8600E+01 1.38607E-03
0.63 2.9600E+01 1.37360E-03
0.63 3.0600E+01 1.33543E-03
0.63 3.1600E+01 1.31129E-03
0.63 3.2600E+01 1.29441E-03
0.63 3.3600E+01 1.25965E-03
0.63 3.4600E+01 1.21151E-03
0.63 4.0000E+01 9.64240E-04
0.63 4.5000E+01 7.50343E-04
0.63 5.0000E+01 6.01225E-04
0.63 5.5000E+01 4.89314E-04
0.63 6.0000E+01 3.85776E-04
0.63 6.5000E+01 3.18791E-04
0.63 7.0000E+01 2.66604E-04
0.63 7.5000E+01 2.24358E-04
0.63 8.0000E+01 1.95001E-04
0.63 8.5000E+01 1.63461E-04
0.63 1.0000E+02 1.05785E-04
0.63 1.1000E+02 8.17449E-05
0.63 1.2000E+02 6.38772E-05
0.63 1.3000E+02 5.03638E-05
0.63 1.4000E+02 4.12822E-05
0.63 1.5000E+02 3.30431E-05
0.63 1.6000E+02 2.81098E-05
0.63 1.7000E+02 2.30845E-05
0.63 1.8000E+02 1.93192E-05
0.63 1.9000E+02 1.66419E-05
0.63 2.1000E+02 1.20346E-05
0.63 2.3000E+02 9.20291E-06
0.63 2.5000E+02 7.04155E-06
0.63 2.7000E+02 5.53080E-06
0.63 2.9000E+02 4.39281E-06
0.63 3.1000E+02 3.53103E-06
0.63 3.3000E+02 2.84861E-06
0.63 3.5000E+02 2.36181E-06
0.63 3.7000E+02 1.98938E-06
0.63 3.9000E+02 1.67396E-06
0.63 4.3000E+02 1.17839E-06
0.63 4.7000E+02 8.82269E-07
0.63 5.1000E+02 6.79679E-07 


0.64 2.5600E+01 1.04574E-03
0.64 2.6600E+01 1.19837E-03
0.64 2.7600E+01 1.32660E-03
0.64 2.8600E+01 1.35667E-03
0.64 2.9600E+01 1.32905E-03
0.64 3.0600E+01 1.37035E-03
0.64 3.1600E+01 1.30156E-03
0.64 3.2600E+01 1.26195E-03
0.64 3.3600E+01 1.22363E-03
0.64 3.4600E+01 1.18014E-03
0.64 4.0000E+01 9.44020E-04
0.64 4.5000E+01 7.61001E-04
0.64 5.0000E+01 6.05985E-04
0.64 5.5000E+01 4.96735E-04
0.64 6.0000E+01 3.94847E-04
0.64 6.5000E+01 3.24335E-04
0.64 7.0000E+01 2.67706E-04
0.64 7.5000E+01 2.27117E-04
0.64 8.0000E+01 1.91520E-04
0.64 8.5000E+01 1.60982E-04
0.64 1.0000E+02 1.06747E-04
0.64 1.1000E+02 8.26046E-05
0.64 1.2000E+02 6.34061E-05
0.64 1.3000E+02 5.09049E-05
0.64 1.4000E+02 4.08084E-05
0.64 1.5000E+02 3.37575E-05
0.64 1.6000E+02 2.73795E-05
0.64 1.7000E+02 2.32583E-05
0.64 1.8000E+02 1.93833E-05
0.64 1.9000E+02 1.63863E-05
0.64 2.1000E+02 1.21448E-05
0.64 2.3000E+02 9.10684E-06
0.64 2.5000E+02 7.11137E-06
0.64 2.7000E+02 5.37274E-06
0.64 2.9000E+02 4.41042E-06
0.64 3.1000E+02 3.54863E-06
0.64 3.3000E+02 2.85926E-06
0.64 3.5000E+02 2.35005E-06
0.64 3.7000E+02 1.97784E-06
0.64 3.9000E+02 1.67339E-06
0.64 4.3000E+02 1.18899E-06
0.64 4.7000E+02 8.73299E-07
0.64 5.1000E+02 6.82798E-07 


0.65 2.5600E+01 1.06949E-03
0.65 2.6600E+01 1.24575E-03
0.65 2.7600E+01 1.28110E-03
0.65 2.8600E+01 1.32161E-03
0.65 2.9600E+01 1.37579E-03
0.65 3.0600E+01 1.33366E-03
0.65 3.1600E+01 1.34997E-03
0.65 3.2600E+01 1.29905E-03
0.65 3.3600E+01 1.25283E-03
0.65 3.4600E+01 1.20791E-03
0.65 4.0000E+01 9.52059E-04
0.65 4.5000E+01 7.66410E-04
0.65 5.0000E+01 6.13333E-04
0.65 5.5000E+01 4.81824E-04
0.65 6.0000E+01 3.87931E-04
0.65 6.5000E+01 3.28239E-04
0.65 7.0000E+01 2.70334E-04
0.65 7.5000E+01 2.25957E-04
0.65 8.0000E+01 1.87858E-04
0.65 8.5000E+01 1.62337E-04
0.65 1.0000E+02 1.05841E-04
0.65 1.1000E+02 8.03729E-05
0.65 1.2000E+02 6.31769E-05
0.65 1.3000E+02 5.11841E-05
0.65 1.4000E+02 4.06388E-05
0.65 1.5000E+02 3.39581E-05
0.65 1.6000E+02 2.72272E-05
0.65 1.7000E+02 2.34268E-05
0.65 1.8000E+02 1.94850E-05
0.65 1.9000E+02 1.63606E-05
0.65 2.1000E+02 1.22384E-05
0.65 2.3000E+02 9.05943E-06
0.65 2.5000E+02 7.10673E-06
0.65 2.7000E+02 5.47487E-06
0.65 2.9000E+02 4.40451E-06
0.65 3.1000E+02 3.55078E-06
0.65 3.3000E+02 2.87810E-06
0.65 3.5000E+02 2.34950E-06
0.65 3.7000E+02 1.96332E-06
0.65 3.9000E+02 1.65548E-06
0.65 4.3000E+02 1.19856E-06
0.65 4.7000E+02 8.71073E-07
0.65 5.1000E+02 6.72656E-07 


