0.40 2.5600E+01 5.09353E-06
0.40 2.6600E+01 9.32443E-05
0.40 2.7600E+01 4.79283E-04
0.40 2.8600E+01 1.14150E-03
0.40 2.9600E+01 1.72926E-03
0.40 3.0600E+01 1.18899E-03
0.40 3.1600E+01 9.75073E-04
0.40 3.2600E+01 1.28407E-03
0.40 3.3600E+01 1.99432E-03
0.40 3.4600E+01 1.78423E-03
0.40 4.0000E+01 1.42340E-03
0.40 4.5000E+01 7.30498E-04
0.40 5.0000E+01 7.81399E-04
0.40 5.5000E+01 5.66587E-04
0.40 6.0000E+01 4.81849E-04
0.40 6.5000E+01 3.27599E-04
0.40 7.0000E+01 4.43003E-04
0.40 7.5000E+01 3.08307E-04
0.40 8.0000E+01 2.82529E-04
0.40 8.5000E+01 2.86555E-04
0.40 1.0000E+02 8.51352E-05
0.40 1.1000E+02 1.67714E-04
0.40 1.2000E+02 9.14662E-05
0.40 1.3000E+02 5.01045E-05
0.40 1.4000E+02 5.28498E-05
0.40 1.5000E+02 4.42469E-05
0.40 1.6000E+02 5.17795E-05
0.40 1.7000E+02 3.26427E-05
0.40 1.8000E+02 2.45546E-05
0.40 1.9000E+02 2.03066E-05
0.40 2.1000E+02 1.34096E-05
0.40 2.3000E+02 1.51517E-05
0.40 2.5000E+02 1.10571E-05
0.40 2.7000E+02 8.12483E-06
0.40 2.9000E+02 6.13843E-06
0.40 3.1000E+02 4.43491E-06
0.40 3.3000E+02 3.64789E-06
0.40 3.5000E+02 2.88668E-06
0.40 3.7000E+02 2.49776E-06
0.40 3.9000E+02 2.05886E-06
0.40 4.3000E+02 1.50137E-06
0.40 4.7000E+02 1.20459E-06
0.40 5.1000E+02 8.49768E-07 


0.41 2.5600E+01 2.95638E-05
0.41 2.6600E+01 6.12143E-05
0.41 2.7600E+01 3.34882E-04
0.41 2.8600E+01 1.16085E-03
0.41 2.9600E+01 1.51965E-03
0.41 3.0600E+01 1.59774E-03
0.41 3.1600E+01 1.38437E-03
0.41 3.2600E+01 1.59564E-03
0.41 3.3600E+01 1.46317E-03
0.41 3.4600E+01 1.79173E-03
0.41 4.0000E+01 1.67473E-03
0.41 4.5000E+01 9.92951E-04
0.41 5.0000E+01 8.11425E-04
0.41 5.5000E+01 8.03498E-04
0.41 6.0000E+01 6.56772E-04
0.41 6.5000E+01 3.79936E-04
0.41 7.0000E+01 4.25016E-04
0.41 7.5000E+01 5.04622E-04
0.41 8.0000E+01 2.62899E-04
0.41 8.5000E+01 2.94094E-04
0.41 1.0000E+02 1.39212E-04
0.41 1.1000E+02 9.03906E-05
0.41 1.2000E+02 1.00460E-04
0.41 1.3000E+02 7.38226E-05
0.41 1.4000E+02 5.01937E-05
0.41 1.5000E+02 4.13114E-05
0.41 1.6000E+02 3.74374E-05
0.41 1.7000E+02 3.34047E-05
0.41 1.8000E+02 2.87747E-05
0.41 1.9000E+02 1.61590E-05
0.41 2.1000E+02 1.58493E-05
0.41 2.3000E+02 1.54319E-05
0.41 2.5000E+02 1.17620E-05
0.41 2.7000E+02 7.51205E-06
0.41 2.9000E+02 6.63489E-06
0.41 3.1000E+02 5.02350E-06
0.41 3.3000E+02 3.88978E-06
0.41 3.5000E+02 2.98540E-06
0.41 3.7000E+02 2.36521E-06
0.41 3.9000E+02 2.11793E-06
0.41 4.3000E+02 1.60206E-06
0.41 4.7000E+02 1.18724E-06
0.41 5.1000E+02 8.97591E-07 


0.42 2.5600E+01 7.67753E-07
0.42 2.6600E+01 3.08785E-05
0.42 2.7600E+01 3.16778E-04
0.42 2.8600E+01 9.94111E-04
0.42 2.9600E+01 1.75061E-03
0.42 3.0600E+01 1.70938E-03
0.42 3.1600E+01 1.37000E-03
0.42 3.2600E+01 1.22140E-03
0.42 3.3600E+01 1.56625E-03
0.42 3.4600E+01 2.07410E-03
0.42 4.0000E+01 8.63401E-04
0.42 4.5000E+01 1.15098E-03
0.42 5.0000E+01 8.64651E-04
0.42 5.5000E+01 1.09210E-03
0.42 6.0000E+01 3.83400E-04
0.42 6.5000E+01 4.44198E-04
0.42 7.0000E+01 4.54110E-04
0.42 7.5000E+01 3.50719E-04
0.42 8.0000E+01 3.10414E-04
0.42 8.5000E+01 2.66420E-04
0.42 1.0000E+02 1.82429E-04
0.42 1.1000E+02 9.17973E-05
0.42 1.2000E+02 1.38943E-04
0.42 1.3000E+02 8.01792E-05
0.42 1.4000E+02 5.47421E-05
0.42 1.5000E+02 4.41537E-05
0.42 1.6000E+02 3.68614E-05
0.42 1.7000E+02 3.28917E-05
0.42 1.8000E+02 2.96997E-05
0.42 1.9000E+02 2.54082E-05
0.42 2.1000E+02 1.68752E-05
0.42 2.3000E+02 9.96952E-06
0.42 2.5000E+02 1.30349E-05
0.42 2.7000E+02 9.94177E-06
0.42 2.9000E+02 7.52416E-06
0.42 3.1000E+02 5.67370E-06
0.42 3.3000E+02 4.33980E-06
0.42 3.5000E+02 3.35425E-06
0.42 3.7000E+02 2.69500E-06
0.42 3.9000E+02 2.25914E-06
0.42 4.3000E+02 1.57233E-06
0.42 4.7000E+02 1.19744E-06
0.42 5.1000E+02 9.46753E-07 


0.43 2.5600E+01   NaN
0.43 2.6600E+01 6.79287E-05
0.43 2.7600E+01 2.56180E-04
0.43 2.8600E+01 8.94015E-04
0.43 2.9600E+01 1.64922E-03
0.43 3.0600E+01 1.97088E-03
0.43 3.1600E+01 1.80446E-03
0.43 3.2600E+01 1.38746E-03
0.43 3.3600E+01 1.54405E-03
0.43 3.4600E+01 2.11283E-03
0.43 4.0000E+01 1.78600E-03
0.43 4.5000E+01 1.22688E-03
0.43 5.0000E+01 8.96554E-04
0.43 5.5000E+01 7.93799E-04
0.43 6.0000E+01 6.80942E-04
0.43 6.5000E+01 4.06482E-04
0.43 7.0000E+01 4.66537E-04
0.43 7.5000E+01 3.62774E-04
0.43 8.0000E+01 4.43990E-04
0.43 8.5000E+01 2.76911E-04
0.43 1.0000E+02 2.05590E-04
0.43 1.1000E+02 1.20680E-04
0.43 1.2000E+02 8.71369E-05
0.43 1.3000E+02 1.06256E-04
0.43 1.4000E+02 6.91024E-05
0.43 1.5000E+02 4.98499E-05
0.43 1.6000E+02 3.73463E-05
0.43 1.7000E+02 3.26911E-05
0.43 1.8000E+02 3.03541E-05
0.43 1.9000E+02 2.65062E-05
0.43 2.1000E+02 1.89483E-05
0.43 2.3000E+02 1.20497E-05
0.43 2.5000E+02 9.28704E-06
0.43 2.7000E+02 1.03332E-05
0.43 2.9000E+02 8.10456E-06
0.43 3.1000E+02 6.30484E-06
0.43 3.3000E+02 4.88155E-06
0.43 3.5000E+02 3.73594E-06
0.43 3.7000E+02 2.93960E-06
0.43 3.9000E+02 2.36518E-06
0.43 4.3000E+02 1.78020E-06
0.43 4.7000E+02 1.29242E-06
0.43 5.1000E+02 1.01407E-06 


0.44 2.5600E+01   NaN
0.44 2.6600E+01 7.34697E-06
0.44 2.7600E+01 1.83541E-04
0.44 2.8600E+01 6.80171E-04
0.44 2.9600E+01 1.52721E-03
0.44 3.0600E+01 2.28095E-03
0.44 3.1600E+01 1.80188E-03
0.44 3.2600E+01 1.37577E-03
0.44 3.3600E+01 1.50012E-03
0.44 3.4600E+01 1.62859E-03
0.44 4.0000E+01 1.20784E-03
0.44 4.5000E+01 1.37984E-03
0.44 5.0000E+01 6.45467E-04
0.44 5.5000E+01 9.94796E-04
0.44 6.0000E+01 1.14189E-03
0.44 6.5000E+01 4.38564E-04
0.44 7.0000E+01 4.82639E-04
0.44 7.5000E+01 3.88023E-04
0.44 8.0000E+01 3.71676E-04
0.44 8.5000E+01 3.57997E-04
0.44 1.0000E+02 1.67967E-04
0.44 1.1000E+02 1.44195E-04
0.44 1.2000E+02 9.35971E-05
0.44 1.3000E+02 9.86787E-05
0.44 1.4000E+02 8.40539E-05
0.44 1.5000E+02 5.65427E-05
0.44 1.6000E+02 4.13947E-05
0.44 1.7000E+02 3.26171E-05
0.44 1.8000E+02 2.97474E-05
0.44 1.9000E+02 2.67866E-05
0.44 2.1000E+02 2.06343E-05
0.44 2.3000E+02 1.35580E-05
0.44 2.5000E+02 9.03181E-06
0.44 2.7000E+02 1.05185E-05
0.44 2.9000E+02 8.64128E-06
0.44 3.1000E+02 6.37696E-06
0.44 3.3000E+02 5.32409E-06
0.44 3.5000E+02 4.19416E-06
0.44 3.7000E+02 3.33330E-06
0.44 3.9000E+02 2.58191E-06
0.44 4.3000E+02 1.83934E-06
0.44 4.7000E+02 1.33613E-06
0.44 5.1000E+02 1.04193E-06 


0.45 2.5600E+01   NaN
0.45 2.6600E+01 3.18722E-05
0.45 2.7600E+01 1.49897E-04
0.45 2.8600E+01 5.20135E-04
0.45 2.9600E+01 1.37494E-03
0.45 3.0600E+01 2.12508E-03
0.45 3.1600E+01 2.34488E-03
0.45 3.2600E+01 1.91099E-03
0.45 3.3600E+01 1.46304E-03
0.45 3.4600E+01 1.35449E-03
0.45 4.0000E+01 1.46470E-03
0.45 4.5000E+01 1.71554E-03
0.45 5.0000E+01 1.12200E-03
0.45 5.5000E+01 1.06764E-03
0.45 6.0000E+01 7.47073E-04
0.45 6.5000E+01 4.82257E-04
0.45 7.0000E+01 4.66354E-04
0.45 7.5000E+01 4.55079E-04
0.45 8.0000E+01 3.18378E-04
0.45 8.5000E+01 3.03663E-04
0.45 1.0000E+02 1.57674E-04
0.45 1.1000E+02 1.53823E-04
0.45 1.2000E+02 1.08419E-04
0.45 1.3000E+02 7.27474E-05
0.45 1.4000E+02 9.53984E-05
0.45 1.5000E+02 6.67099E-05
0.45 1.6000E+02 4.79155E-05
0.45 1.7000E+02 3.48962E-05
0.45 1.8000E+02 2.92826E-05
0.45 1.9000E+02 2.64217E-05
0.45 2.1000E+02 2.15070E-05
0.45 2.3000E+02 1.58913E-05
0.45 2.5000E+02 1.06627E-05
0.45 2.7000E+02 7.22639E-06
0.45 2.9000E+02 9.08478E-06
0.45 3.1000E+02 7.32284E-06
0.45 3.3000E+02 5.74573E-06
0.45 3.5000E+02 4.53044E-06
0.45 3.7000E+02 3.78857E-06
0.45 3.9000E+02 2.79810E-06
0.45 4.3000E+02 1.96057E-06
0.45 4.7000E+02 1.49653E-06
0.45 5.1000E+02 1.76334E-06 


0.46 2.5600E+01   NaN
0.46 2.6600E+01 2.32654E-05
0.46 2.7600E+01 1.47390E-04
0.46 2.8600E+01 4.19155E-04
0.46 2.9600E+01 1.17420E-03
0.46 3.0600E+01 1.85484E-03
0.46 3.1600E+01 2.27112E-03
0.46 3.2600E+01 1.86977E-03
0.46 3.3600E+01 1.54127E-03
0.46 3.4600E+01 1.74770E-03
0.46 4.0000E+01 1.73131E-03
0.46 4.5000E+01 1.74521E-03
0.46 5.0000E+01 1.31580E-03
0.46 5.5000E+01 9.73683E-04
0.46 6.0000E+01 7.96025E-04
0.46 6.5000E+01 7.69159E-04
0.46 7.0000E+01 3.90964E-04
0.46 7.5000E+01 4.77269E-04
0.46 8.0000E+01 3.71652E-04
0.46 8.5000E+01 3.05331E-04
0.46 1.0000E+02 1.60209E-04
0.46 1.1000E+02 1.49262E-04
0.46 1.2000E+02 1.25578E-04
0.46 1.3000E+02 8.34142E-05
0.46 1.4000E+02 1.08300E-04
0.46 1.5000E+02 7.47724E-05
0.46 1.6000E+02 5.53860E-05
0.46 1.7000E+02 3.98686E-05
0.46 1.8000E+02 3.03142E-05
0.46 1.9000E+02 2.61573E-05
0.46 2.1000E+02 2.17444E-05
0.46 2.3000E+02 1.70323E-05
0.46 2.5000E+02 1.21246E-05
0.46 2.7000E+02 8.68572E-06
0.46 2.9000E+02 6.69502E-06
0.46 3.1000E+02 7.83361E-06
0.46 3.3000E+02 6.19260E-06
0.46 3.5000E+02 4.94903E-06
0.46 3.7000E+02 3.93181E-06
0.46 3.9000E+02 3.13694E-06
0.46 4.3000E+02 2.05833E-06
0.46 4.7000E+02 1.42204E-06
0.46 5.1000E+02 1.08358E-06 


0.47 2.5600E+01   NaN
0.47 2.6600E+01 2.05240E-05
0.47 2.7600E+01 1.06524E-04
0.47 2.8600E+01 3.40553E-04
0.47 2.9600E+01 9.28303E-04
0.47 3.0600E+01 1.78794E-03
0.47 3.1600E+01 2.56515E-03
0.47 3.2600E+01 2.57771E-03
0.47 3.3600E+01 2.05907E-03
0.47 3.4600E+01 1.53176E-03
0.47 4.0000E+01 1.74710E-03
0.47 4.5000E+01 1.37017E-03
0.47 5.0000E+01 9.97434E-04
0.47 5.5000E+01 7.64528E-04
0.47 6.0000E+01 9.09419E-04
0.47 6.5000E+01 6.40859E-04
0.47 7.0000E+01 4.28164E-04
0.47 7.5000E+01 4.34986E-04
0.47 8.0000E+01 4.34664E-04
0.47 8.5000E+01 3.06012E-04
0.47 1.0000E+02 1.93420E-04
0.47 1.1000E+02 1.35890E-04
0.47 1.2000E+02 1.31920E-04
0.47 1.3000E+02 9.78343E-05
0.47 1.4000E+02 6.58934E-05
0.47 1.5000E+02 8.34334E-05
0.47 1.6000E+02 6.41824E-05
0.47 1.7000E+02 4.79054E-05
0.47 1.8000E+02 3.16212E-05
0.47 1.9000E+02 2.67750E-05
0.47 2.1000E+02 2.16958E-05
0.47 2.3000E+02 1.78699E-05
0.47 2.5000E+02 1.32700E-05
0.47 2.7000E+02 9.41281E-06
0.47 2.9000E+02 6.40015E-06
0.47 3.1000E+02 7.58799E-06
0.47 3.3000E+02 6.61550E-06
0.47 3.5000E+02 5.33584E-06
0.47 3.7000E+02 4.29858E-06
0.47 3.9000E+02 3.44760E-06
0.47 4.3000E+02 2.25451E-06
0.47 4.7000E+02 1.37693E-06
0.47 5.1000E+02 1.11372E-06 


0.48 2.5600E+01   NaN
0.48 2.6600E+01 1.65519E-05
0.48 2.7600E+01 9.50774E-05
0.48 2.8600E+01 2.52854E-04
0.48 2.9600E+01 7.95669E-04
0.48 3.0600E+01 1.61661E-03
0.48 3.1600E+01 2.40029E-03
0.48 3.2600E+01 2.43488E-03
0.48 3.3600E+01 2.21974E-03
0.48 3.4600E+01 1.69139E-03
0.48 4.0000E+01 2.15696E-03
0.48 4.5000E+01 1.19519E-03
0.48 5.0000E+01 1.29608E-03
0.48 5.5000E+01 8.59694E-04
0.48 6.0000E+01 1.01648E-03
0.48 6.5000E+01 5.86959E-04
0.48 7.0000E+01 6.61923E-04
0.48 7.5000E+01 3.64797E-04
0.48 8.0000E+01 4.41695E-04
0.48 8.5000E+01 3.64098E-04
0.48 1.0000E+02 2.55544E-04
0.48 1.1000E+02 1.35066E-04
0.48 1.2000E+02 1.05495E-04
0.48 1.3000E+02 1.11531E-04
0.48 1.4000E+02 7.91299E-05
0.48 1.5000E+02 5.86719E-05
0.48 1.6000E+02 7.32275E-05
0.48 1.7000E+02 5.31587E-05
0.48 1.8000E+02 2.95395E-05
0.48 1.9000E+02 2.91313E-05
0.48 2.1000E+02 2.14492E-05
0.48 2.3000E+02 1.79311E-05
0.48 2.5000E+02 1.42831E-05
0.48 2.7000E+02 1.04873E-05
0.48 2.9000E+02 7.50307E-06
0.48 3.1000E+02 5.20955E-06
0.48 3.3000E+02 6.77827E-06
0.48 3.5000E+02 5.62742E-06
0.48 3.7000E+02 4.40256E-06
0.48 3.9000E+02 3.53611E-06
0.48 4.3000E+02 2.96343E-06
0.48 4.7000E+02 1.75137E-06
0.48 5.1000E+02 1.20364E-06 


0.49 2.5600E+01   NaN
0.49 2.6600E+01 4.84738E-05
0.49 2.7600E+01 7.67422E-05
0.49 2.8600E+01 2.27263E-04
0.49 2.9600E+01 6.07449E-04
0.49 3.0600E+01 1.37730E-03
0.49 3.1600E+01 2.29586E-03
0.49 3.2600E+01 2.81278E-03
0.49 3.3600E+01 2.69473E-03
0.49 3.4600E+01 2.31425E-03
0.49 4.0000E+01 2.43627E-03
0.49 4.5000E+01 1.54575E-03
0.49 5.0000E+01 1.63216E-03
0.49 5.5000E+01 1.14472E-03
0.49 6.0000E+01 9.13043E-04
0.49 6.5000E+01 7.29993E-04
0.49 7.0000E+01 6.17466E-04
0.49 7.5000E+01 3.79810E-04
0.49 8.0000E+01 3.91165E-04
0.49 8.5000E+01 4.00417E-04
0.49 1.0000E+02 3.04072E-04
0.49 1.1000E+02 1.50495E-04
0.49 1.2000E+02 1.21359E-04
0.49 1.3000E+02 1.15097E-04
0.49 1.4000E+02 8.77654E-05
0.49 1.5000E+02 5.87441E-05
0.49 1.6000E+02 7.13434E-05
0.49 1.7000E+02 6.33531E-05
0.49 1.8000E+02 4.47217E-05
0.49 1.9000E+02 3.38613E-05
0.49 2.1000E+02 2.21083E-05
0.49 2.3000E+02 1.77307E-05
0.49 2.5000E+02 1.47866E-05
0.49 2.7000E+02 1.13832E-05
0.49 2.9000E+02 8.55216E-06
0.49 3.1000E+02 5.92271E-06
0.49 3.3000E+02 4.61679E-06
0.49 3.5000E+02 5.82096E-06
0.49 3.7000E+02 4.90136E-06
0.49 3.9000E+02 2.90305E-06
0.49 4.3000E+02 2.70354E-06
0.49 4.7000E+02 1.83453E-06
0.49 5.1000E+02 1.27182E-06 


0.50 2.5600E+01   NaN
0.50 2.6600E+01 5.41615E-05
0.50 2.7600E+01 6.50006E-05
0.50 2.8600E+01 1.69665E-04
0.50 2.9600E+01 5.00559E-04
0.50 3.0600E+01 1.15674E-03
0.50 3.1600E+01 2.07667E-03
0.50 3.2600E+01 2.86092E-03
0.50 3.3600E+01 2.62725E-03
0.50 3.4600E+01 2.19806E-03
0.50 4.0000E+01 2.34739E-03
0.50 4.5000E+01 1.01728E-03
0.50 5.0000E+01 1.68747E-03
0.50 5.5000E+01 1.22812E-03
0.50 6.0000E+01 7.12810E-04
0.50 6.5000E+01 8.87895E-04
0.50 7.0000E+01 5.41440E-04
0.50 7.5000E+01 5.48241E-04
0.50 8.0000E+01 3.34660E-04
0.50 8.5000E+01 3.98899E-04
0.50 1.0000E+02 2.28729E-04
0.50 1.1000E+02 1.92464E-04
0.50 1.2000E+02 1.15958E-04
0.50 1.3000E+02 1.13174E-04
0.50 1.4000E+02 9.67415E-05
0.50 1.5000E+02 7.00380E-05
0.50 1.6000E+02 5.05700E-05
0.50 1.7000E+02 6.62157E-05
0.50 1.8000E+02 5.30572E-05
0.50 1.9000E+02 3.93396E-05
0.50 2.1000E+02 2.29525E-05
0.50 2.3000E+02 1.90611E-05
0.50 2.5000E+02 1.48547E-05
0.50 2.7000E+02 1.21161E-05
0.50 2.9000E+02 9.37289E-06
0.50 3.1000E+02 7.08054E-06
0.50 3.3000E+02 4.80809E-06
0.50 3.5000E+02 5.28925E-06
0.50 3.7000E+02 5.00075E-06
0.50 3.9000E+02 4.21971E-06
0.50 4.3000E+02 2.90177E-06
0.50 4.7000E+02 1.97474E-06
0.50 5.1000E+02 1.34601E-06 


0.51 2.5600E+01   NaN
0.51 2.6600E+01   NaN
0.51 2.7600E+01 5.84110E-05
0.51 2.8600E+01 1.44959E-04
0.51 2.9600E+01 3.99985E-04
0.51 3.0600E+01 1.02072E-03
0.51 3.1600E+01 1.82460E-03
0.51 3.2600E+01 2.41975E-03
0.51 3.3600E+01 3.09248E-03
0.51 3.4600E+01 2.90632E-03
0.51 4.0000E+01 2.21089E-03
0.51 4.5000E+01 1.63225E-03
0.51 5.0000E+01 1.34922E-03
0.51 5.5000E+01 1.00550E-03
0.51 6.0000E+01 7.51433E-04
0.51 6.5000E+01 9.21248E-04
0.51 7.0000E+01 6.09498E-04
0.51 7.5000E+01 7.51003E-04
0.51 8.0000E+01 3.46538E-04
0.51 8.5000E+01 3.52919E-04
0.51 1.0000E+02 2.19475E-04
0.51 1.1000E+02 2.44577E-04
0.51 1.2000E+02 1.22830E-04
0.51 1.3000E+02 1.06690E-04
0.51 1.4000E+02 9.99375E-05
0.51 1.5000E+02 7.90579E-05
0.51 1.6000E+02 5.54596E-05
0.51 1.7000E+02 4.80859E-05
0.51 1.8000E+02 5.87615E-05
0.51 1.9000E+02 4.49034E-05
0.51 2.1000E+02 2.56802E-05
0.51 2.3000E+02 1.76679E-05
0.51 2.5000E+02 1.48957E-05
0.51 2.7000E+02 1.24684E-05
0.51 2.9000E+02 9.94871E-06
0.51 3.1000E+02 7.51443E-06
0.51 3.3000E+02 5.48286E-06
0.51 3.5000E+02 3.90760E-06
0.51 3.7000E+02 5.05487E-06
0.51 3.9000E+02 4.40979E-06
0.51 4.3000E+02 3.14046E-06
0.51 4.7000E+02 2.15202E-06
0.51 5.1000E+02 1.47980E-06 


0.52 2.5600E+01   NaN
0.52 2.6600E+01   NaN
0.52 2.7600E+01 5.69461E-05
0.52 2.8600E+01 1.19508E-04
0.52 2.9600E+01 3.84926E-04
0.52 3.0600E+01 7.98206E-04
0.52 3.1600E+01 1.56688E-03
0.52 3.2600E+01 2.56388E-03
0.52 3.3600E+01 3.13097E-03
0.52 3.4600E+01 3.02219E-03
0.52 4.0000E+01 2.41421E-03
0.52 4.5000E+01 1.86677E-03
0.52 5.0000E+01 1.29674E-03
0.52 5.5000E+01 1.34799E-03
0.52 6.0000E+01 1.26846E-03
0.52 6.5000E+01 8.14834E-04
0.52 7.0000E+01 7.61840E-04
0.52 7.5000E+01 5.19062E-04
0.52 8.0000E+01 4.97430E-04
0.52 8.5000E+01 3.06728E-04
0.52 1.0000E+02 2.54470E-04
0.52 1.1000E+02 3.09067E-04
0.52 1.2000E+02 1.48232E-04
0.52 1.3000E+02 1.00915E-04
0.52 1.4000E+02 9.91580E-05
0.52 1.5000E+02 8.60566E-05
0.52 1.6000E+02 6.40562E-05
0.52 1.7000E+02 4.56811E-05
0.52 1.8000E+02 5.80426E-05
0.52 1.9000E+02 5.02365E-05
0.52 2.1000E+02 2.97333E-05
0.52 2.3000E+02 1.86182E-05
0.52 2.5000E+02 1.48611E-05
0.52 2.7000E+02 1.26812E-05
0.52 2.9000E+02 1.04014E-05
0.52 3.1000E+02 8.19130E-06
0.52 3.3000E+02 6.19628E-06
0.52 3.5000E+02 4.51639E-06
0.52 3.7000E+02 3.34307E-06
0.52 3.9000E+02 4.48857E-06
0.52 4.3000E+02 3.27190E-06
0.52 4.7000E+02 2.32606E-06
0.52 5.1000E+02 1.56911E-06 


0.53 2.5600E+01   NaN
0.53 2.6600E+01   NaN
0.53 2.7600E+01 2.18887E-05
0.53 2.8600E+01 1.14885E-04
0.53 2.9600E+01 2.67982E-04
0.53 3.0600E+01 6.67316E-04
0.53 3.1600E+01 1.30614E-03
0.53 3.2600E+01 2.18948E-03
0.53 3.3600E+01 2.80179E-03
0.53 3.4600E+01 3.09494E-03
0.53 4.0000E+01 2.20316E-03
0.53 4.5000E+01 1.85806E-03
0.53 5.0000E+01 1.88631E-03
0.53 5.5000E+01 1.60227E-03
0.53 6.0000E+01 9.61692E-04
0.53 6.5000E+01 6.42729E-04
0.53 7.0000E+01 8.60099E-04
0.53 7.5000E+01 5.25613E-04
0.53 8.0000E+01 7.22274E-04
0.53 8.5000E+01 3.26982E-04
0.53 1.0000E+02 3.02044E-04
0.53 1.1000E+02 1.90381E-04
0.53 1.2000E+02 1.89121E-04
0.53 1.3000E+02 1.04261E-04
0.53 1.4000E+02 9.36696E-05
0.53 1.5000E+02 8.82428E-05
0.53 1.6000E+02 7.21758E-05
0.53 1.7000E+02 5.24032E-05
0.53 1.8000E+02 3.93318E-05
0.53 1.9000E+02 5.35479E-05
0.53 2.1000E+02 3.40021E-05
0.53 2.3000E+02 2.04390E-05
0.53 2.5000E+02 1.47668E-05
0.53 2.7000E+02 1.23215E-05
0.53 2.9000E+02 1.06075E-05
0.53 3.1000E+02 8.71121E-06
0.53 3.3000E+02 6.81437E-06
0.53 3.5000E+02 5.18939E-06
0.53 3.7000E+02 3.80965E-06
0.53 3.9000E+02 3.10979E-06
0.53 4.3000E+02 3.42322E-06
0.53 4.7000E+02 2.47473E-06
0.53 5.1000E+02 1.75659E-06 


0.54 2.5600E+01   NaN
0.54 2.6600E+01   NaN
0.54 2.7600E+01 4.85660E-05
0.54 2.8600E+01 9.21680E-05
0.54 2.9600E+01 2.21054E-04
0.54 3.0600E+01 5.15052E-04
0.54 3.1600E+01 1.16099E-03
0.54 3.2600E+01 1.96083E-03
0.54 3.3600E+01 2.86040E-03
0.54 3.4600E+01 3.42004E-03
0.54 4.0000E+01 1.62754E-03
0.54 4.5000E+01 1.99910E-03
0.54 5.0000E+01 1.43200E-03
0.54 5.5000E+01 1.58726E-03
0.54 6.0000E+01 8.68242E-04
0.54 6.5000E+01 7.06185E-04
0.54 7.0000E+01 8.26708E-04
0.54 7.5000E+01 6.53458E-04
0.54 8.0000E+01 4.89798E-04
0.54 8.5000E+01 4.56979E-04
0.54 1.0000E+02 3.24662E-04
0.54 1.1000E+02 1.92305E-04
0.54 1.2000E+02 2.31717E-04
0.54 1.3000E+02 1.22276E-04
0.54 1.4000E+02 8.84520E-05
0.54 1.5000E+02 8.66065E-05
0.54 1.6000E+02 7.54746E-05
0.54 1.7000E+02 6.01472E-05
0.54 1.8000E+02 4.30404E-05
0.54 1.9000E+02 3.77122E-05
0.54 2.1000E+02 3.82565E-05
0.54 2.3000E+02 2.31791E-05
0.54 2.5000E+02 1.53036E-05
0.54 2.7000E+02 1.25265E-05
0.54 2.9000E+02 1.05679E-05
0.54 3.1000E+02 8.95382E-06
0.54 3.3000E+02 7.28753E-06
0.54 3.5000E+02 5.67867E-06
0.54 3.7000E+02 4.32720E-06
0.54 3.9000E+02 3.15997E-06
0.54 4.3000E+02 3.49230E-06
0.54 4.7000E+02 2.61392E-06
0.54 5.1000E+02 1.88621E-06 


0.55 2.5600E+01   NaN
0.55 2.6600E+01   NaN
0.55 2.7600E+01 5.51074E-05
0.55 2.8600E+01 7.44896E-05
0.55 2.9600E+01 1.74932E-04
0.55 3.0600E+01 4.30264E-04
0.55 3.1600E+01 1.00029E-03
0.55 3.2600E+01 1.64333E-03
0.55 3.3600E+01 2.57615E-03
0.55 3.4600E+01 3.07485E-03
0.55 4.0000E+01 2.45267E-03
0.55 4.5000E+01 2.57191E-03
0.55 5.0000E+01 1.31181E-03
0.55 5.5000E+01 1.32734E-03
0.55 6.0000E+01 1.13032E-03
0.55 6.5000E+01 1.19977E-03
0.55 7.0000E+01 6.95629E-04
0.55 7.5000E+01 7.76335E-04
0.55 8.0000E+01 4.67902E-04
0.55 8.5000E+01 6.68152E-04
0.55 1.0000E+02 3.14396E-04
0.55 1.1000E+02 2.27166E-04
0.55 1.2000E+02 2.04536E-04
0.55 1.3000E+02 1.52057E-04
0.55 1.4000E+02 8.99365E-05
0.55 1.5000E+02 8.21997E-05
0.55 1.6000E+02 7.77040E-05
0.55 1.7000E+02 6.57747E-05
0.55 1.8000E+02 4.98558E-05
0.55 1.9000E+02 3.52075E-05
0.55 2.1000E+02 4.24222E-05
0.55 2.3000E+02 2.64978E-05
0.55 2.5000E+02 1.66837E-05
0.55 2.7000E+02 1.24564E-05
0.55 2.9000E+02 1.06001E-05
0.55 3.1000E+02 9.08809E-06
0.55 3.3000E+02 7.61119E-06
0.55 3.5000E+02 6.02784E-06
0.55 3.7000E+02 4.81124E-06
0.55 3.9000E+02 3.61697E-06
0.55 4.3000E+02 3.52906E-06
0.55 4.7000E+02 2.72075E-06
0.55 5.1000E+02 2.01193E-06 


0.56 2.5600E+01   NaN
0.56 2.6600E+01   NaN
0.56 2.7600E+01 6.86613E-05
0.56 2.8600E+01 7.37480E-05
0.56 2.9600E+01 1.60749E-04
0.56 3.0600E+01 3.70847E-04
0.56 3.1600E+01 7.56394E-04
0.56 3.2600E+01 1.40469E-03
0.56 3.3600E+01 2.27631E-03
0.56 3.4600E+01 2.99622E-03
0.56 4.0000E+01 1.92242E-03
0.56 4.5000E+01 2.52610E-03
0.56 5.0000E+01 1.67455E-03
0.56 5.5000E+01 1.23861E-03
0.56 6.0000E+01 1.42967E-03
0.56 6.5000E+01 9.33761E-04
0.56 7.0000E+01 5.77043E-04
0.56 7.5000E+01 8.01730E-04
0.56 8.0000E+01 5.74594E-04
0.56 8.5000E+01 4.64210E-04
0.56 1.0000E+02 2.82382E-04
0.56 1.1000E+02 2.62604E-04
0.56 1.2000E+02 1.56423E-04
0.56 1.3000E+02 1.91080E-04
0.56 1.4000E+02 1.03457E-04
0.56 1.5000E+02 7.79987E-05
0.56 1.6000E+02 7.60696E-05
0.56 1.7000E+02 6.87321E-05
0.56 1.8000E+02 5.39466E-05
0.56 1.9000E+02 4.13966E-05
0.56 2.1000E+02 4.48947E-05
0.56 2.3000E+02 2.99778E-05
0.56 2.5000E+02 1.88021E-05
0.56 2.7000E+02 1.28804E-05
0.56 2.9000E+02 1.05710E-05
0.56 3.1000E+02 9.15955E-06
0.56 3.3000E+02 7.78354E-06
0.56 3.5000E+02 6.47790E-06
0.56 3.7000E+02 5.21383E-06
0.56 3.9000E+02 4.06293E-06
0.56 4.3000E+02 2.31547E-06
0.56 4.7000E+02 2.78911E-06
0.56 5.1000E+02 2.09962E-06 


0.57 2.5600E+01   NaN
0.57 2.6600E+01   NaN
0.57 2.7600E+01   NaN
0.57 2.8600E+01 7.08243E-05
0.57 2.9600E+01 1.38634E-04
0.57 3.0600E+01 2.92348E-04
0.57 3.1600E+01 6.15505E-04
0.57 3.2600E+01 1.24760E-03
0.57 3.3600E+01 2.01780E-03
0.57 3.4600E+01 2.91496E-03
0.57 4.0000E+01 2.01425E-03
0.57 4.5000E+01 2.38770E-03
0.57 5.0000E+01 1.89354E-03
0.57 5.5000E+01 1.87018E-03
0.57 6.0000E+01 1.54278E-03
0.57 6.5000E+01 7.75558E-04
0.57 7.0000E+01 7.16179E-04
0.57 7.5000E+01 7.17952E-04
0.57 8.0000E+01 6.91694E-04
0.57 8.5000E+01 4.28141E-04
0.57 1.0000E+02 2.48455E-04
0.57 1.1000E+02 2.77779E-04
0.57 1.2000E+02 1.73870E-04
0.57 1.3000E+02 2.13694E-04
0.57 1.4000E+02 1.27384E-04
0.57 1.5000E+02 7.89639E-05
0.57 1.6000E+02 7.20225E-05
0.57 1.7000E+02 6.84560E-05
0.57 1.8000E+02 6.01547E-05
0.57 1.9000E+02 4.72916E-05
0.57 2.1000E+02 2.86355E-05
0.57 2.3000E+02 3.32220E-05
0.57 2.5000E+02 2.12744E-05
0.57 2.7000E+02 1.39509E-05
0.57 2.9000E+02 1.05918E-05
0.57 3.1000E+02 9.08657E-06
0.57 3.3000E+02 7.85670E-06
0.57 3.5000E+02 6.67933E-06
0.57 3.7000E+02 5.55632E-06
0.57 3.9000E+02 4.45049E-06
0.57 4.3000E+02 2.63725E-06
0.57 4.7000E+02 2.83848E-06
0.57 5.1000E+02 2.21487E-06 


0.58 2.5600E+01   NaN
0.58 2.6600E+01   NaN
0.58 2.7600E+01   NaN
0.58 2.8600E+01 6.08259E-05
0.58 2.9600E+01 1.13406E-04
0.58 3.0600E+01 2.39239E-04
0.58 3.1600E+01 5.21434E-04
0.58 3.2600E+01 1.00908E-03
0.58 3.3600E+01 1.66388E-03
0.58 3.4600E+01 2.53685E-03
0.58 4.0000E+01 2.83240E-03
0.58 4.5000E+01 2.49604E-03
0.58 5.0000E+01 1.92500E-03
0.58 5.5000E+01 1.47871E-03
0.58 6.0000E+01 1.43549E-03
0.58 6.5000E+01 9.82621E-04
0.58 7.0000E+01 1.09677E-03
0.58 7.5000E+01 5.86091E-04
0.58 8.0000E+01 7.44731E-04
0.58 8.5000E+01 5.18113E-04
0.58 1.0000E+02 2.47143E-04
0.58 1.1000E+02 2.68109E-04
0.58 1.2000E+02 2.04068E-04
0.58 1.3000E+02 1.45964E-04
0.58 1.4000E+02 1.58766E-04
0.58 1.5000E+02 8.95350E-05
0.58 1.6000E+02 6.88900E-05
0.58 1.7000E+02 6.61763E-05
0.58 1.8000E+02 6.13858E-05
0.58 1.9000E+02 5.22234E-05
0.58 2.1000E+02 2.95335E-05
0.58 2.3000E+02 3.67290E-05
0.58 2.5000E+02 2.40458E-05
0.58 2.7000E+02 1.55461E-05
0.58 2.9000E+02 1.09687E-05
0.58 3.1000E+02 9.04829E-06
0.58 3.3000E+02 7.87582E-06
0.58 3.5000E+02 6.80306E-06
0.58 3.7000E+02 5.77892E-06
0.58 3.9000E+02 4.78148E-06
0.58 4.3000E+02 3.00670E-06
0.58 4.7000E+02 1.86957E-06
0.58 5.1000E+02 2.28583E-06 


0.59 2.5600E+01   NaN
0.59 2.6600E+01   NaN
0.59 2.7600E+01   NaN
0.59 2.8600E+01 7.97737E-05
0.59 2.9600E+01 1.02040E-04
0.59 3.0600E+01 2.01752E-04
0.59 3.1600E+01 4.47000E-04
0.59 3.2600E+01 8.29241E-04
0.59 3.3600E+01 1.46498E-03
0.59 3.4600E+01 2.30047E-03
0.59 4.0000E+01 2.98400E-03
0.59 4.5000E+01 2.52488E-03
0.59 5.0000E+01 1.97864E-03
0.59 5.5000E+01 1.20985E-03
0.59 6.0000E+01 1.16012E-03
0.59 6.5000E+01 1.25367E-03
0.59 7.0000E+01 8.28534E-04
0.59 7.5000E+01 5.19277E-04
0.59 8.0000E+01 6.96911E-04
0.59 8.5000E+01 6.25695E-04
0.59 1.0000E+02 3.12730E-04
0.59 1.1000E+02 2.47413E-04
0.59 1.2000E+02 2.31741E-04
0.59 1.3000E+02 1.40518E-04
0.59 1.4000E+02 1.86138E-04
0.59 1.5000E+02 1.09223E-04
0.59 1.6000E+02 7.02407E-05
0.59 1.7000E+02 6.33292E-05
0.59 1.8000E+02 6.03387E-05
0.59 1.9000E+02 5.45499E-05
0.59 2.1000E+02 3.40565E-05
0.59 2.3000E+02 2.95297E-05
0.59 2.5000E+02 2.66870E-05
0.59 2.7000E+02 1.75619E-05
0.59 2.9000E+02 1.18365E-05
0.59 3.1000E+02 9.11797E-06
0.59 3.3000E+02 7.84908E-06
0.59 3.5000E+02 6.85640E-06
0.59 3.7000E+02 5.90819E-06
0.59 3.9000E+02 5.01668E-06
0.59 4.3000E+02 3.60774E-06
0.59 4.7000E+02 1.99647E-06
0.59 5.1000E+02 2.29245E-06 


0.60 2.5600E+01   NaN
0.60 2.6600E+01   NaN
0.60 2.7600E+01   NaN
0.60 2.8600E+01 6.96345E-05
0.60 2.9600E+01 9.28430E-05
0.60 3.0600E+01 1.86434E-04
0.60 3.1600E+01 3.57867E-04
0.60 3.2600E+01 6.79448E-04
0.60 3.3600E+01 1.27283E-03
0.60 3.4600E+01 1.95436E-03
0.60 4.0000E+01 2.87619E-03
0.60 4.5000E+01 2.06426E-03
0.60 5.0000E+01 2.51591E-03
0.60 5.5000E+01 1.45277E-03
0.60 6.0000E+01 1.40350E-03
0.60 6.5000E+01 1.37367E-03
0.60 7.0000E+01 7.34087E-04
0.60 7.5000E+01 7.55071E-04
0.60 8.0000E+01 5.86673E-04
0.60 8.5000E+01 6.85706E-04
0.60 1.0000E+02 4.31582E-04
0.60 1.1000E+02 2.19514E-04
0.60 1.2000E+02 2.41685E-04
0.60 1.3000E+02 1.62629E-04
0.60 1.4000E+02 1.36838E-04
0.60 1.5000E+02 1.34657E-04
0.60 1.6000E+02 7.93737E-05
0.60 1.7000E+02 6.10461E-05
0.60 1.8000E+02 5.79857E-05
0.60 1.9000E+02 5.47128E-05
0.60 2.1000E+02 3.87265E-05
0.60 2.3000E+02 2.28272E-05
0.60 2.5000E+02 2.91679E-05
0.60 2.7000E+02 1.96830E-05
0.60 2.9000E+02 1.31812E-05
0.60 3.1000E+02 9.46916E-06
0.60 3.3000E+02 8.03354E-06
0.60 3.5000E+02 6.81530E-06
0.60 3.7000E+02 5.97317E-06
0.60 3.9000E+02 5.15000E-06
0.60 4.3000E+02 3.58256E-06
0.60 4.7000E+02 2.28772E-06
0.60 5.1000E+02 1.62951E-06 


0.61 2.5600E+01   NaN
0.61 2.6600E+01   NaN
0.61 2.7600E+01   NaN
0.61 2.8600E+01 7.76732E-05
0.61 2.9600E+01 9.01026E-05
0.61 3.0600E+01 1.60086E-04
0.61 3.1600E+01 2.95022E-04
0.61 3.2600E+01 5.80738E-04
0.61 3.3600E+01 1.05068E-03
0.61 3.4600E+01 1.68506E-03
0.61 4.0000E+01 3.98590E-03
0.61 4.5000E+01 1.98725E-03
0.61 5.0000E+01 2.57207E-03
0.61 5.5000E+01 1.76231E-03
0.61 6.0000E+01 1.71231E-03
0.61 6.5000E+01 1.31129E-03
0.61 7.0000E+01 9.18908E-04
0.61 7.5000E+01 9.61616E-04
0.61 8.0000E+01 4.96297E-04
0.61 8.5000E+01 6.59798E-04
0.61 1.0000E+02 4.69949E-04
0.61 1.1000E+02 2.08282E-04
0.61 1.2000E+02 2.31639E-04
0.61 1.3000E+02 1.88046E-04
0.61 1.4000E+02 1.17761E-04
0.61 1.5000E+02 1.60721E-04
0.61 1.6000E+02 9.56954E-05
0.61 1.7000E+02 6.31349E-05
0.61 1.8000E+02 5.58094E-05
0.61 1.9000E+02 5.31966E-05
0.61 2.1000E+02 4.23279E-05
0.61 2.3000E+02 2.55612E-05
0.61 2.5000E+02 3.05548E-05
0.61 2.7000E+02 2.19788E-05
0.61 2.9000E+02 1.46654E-05
0.61 3.1000E+02 9.66691E-06
0.61 3.3000E+02 8.04368E-06
0.61 3.5000E+02 6.80781E-06
0.61 3.7000E+02 5.97768E-06
0.61 3.9000E+02 5.22931E-06
0.61 4.3000E+02 3.85782E-06
0.61 4.7000E+02 2.52020E-06
0.61 5.1000E+02 1.55061E-06 


0.62 2.5600E+01   NaN
0.62 2.6600E+01   NaN
0.62 2.7600E+01   NaN
0.62 2.8600E+01 9.94700E-05
0.62 2.9600E+01 8.01870E-05
0.62 3.0600E+01 1.34158E-04
0.62 3.1600E+01 2.48422E-04
0.62 3.2600E+01 5.08000E-04
0.62 3.3600E+01 8.68965E-04
0.62 3.4600E+01 1.52294E-03
0.62 4.0000E+01 3.79543E-03
0.62 4.5000E+01 2.55994E-03
0.62 5.0000E+01 2.42904E-03
0.62 5.5000E+01 1.85286E-03
0.62 6.0000E+01 1.35938E-03
0.62 6.5000E+01 1.14531E-03
0.62 7.0000E+01 1.16381E-03
0.62 7.5000E+01 7.06918E-04
0.62 8.0000E+01 5.72527E-04
0.62 8.5000E+01 5.74941E-04
0.62 1.0000E+02 3.47489E-04
0.62 1.1000E+02 2.42985E-04
0.62 1.2000E+02 2.09607E-04
0.62 1.3000E+02 2.05448E-04
0.62 1.4000E+02 1.33184E-04
0.62 1.5000E+02 1.33874E-04
0.62 1.6000E+02 1.16874E-04
0.62 1.7000E+02 7.16462E-05
0.62 1.8000E+02 5.44849E-05
0.62 1.9000E+02 5.09455E-05
0.62 2.1000E+02 4.43298E-05
0.62 2.3000E+02 2.88806E-05
0.62 2.5000E+02 1.98154E-05
0.62 2.7000E+02 2.38689E-05
0.62 2.9000E+02 1.64993E-05
0.62 3.1000E+02 1.13290E-05
0.62 3.3000E+02 8.28782E-06
0.62 3.5000E+02 6.81309E-06
0.62 3.7000E+02 5.96675E-06
0.62 3.9000E+02 5.26040E-06
0.62 4.3000E+02 3.97211E-06
0.62 4.7000E+02 2.76273E-06
0.62 5.1000E+02 1.79181E-06 


0.63 2.5600E+01   NaN
0.63 2.6600E+01   NaN
0.63 2.7600E+01   NaN
0.63 2.8600E+01   NaN
0.63 2.9600E+01 7.41568E-05
0.63 3.0600E+01 1.19983E-04
0.63 3.1600E+01 2.16749E-04
0.63 3.2600E+01 4.08701E-04
0.63 3.3600E+01 7.16715E-04
0.63 3.4600E+01 1.25029E-03
0.63 4.0000E+01 3.90751E-03
0.63 4.5000E+01 2.05143E-03
0.63 5.0000E+01 2.42283E-03
0.63 5.5000E+01 1.79944E-03
0.63 6.0000E+01 1.13924E-03
0.63 6.5000E+01 1.02174E-03
0.63 7.0000E+01 1.30536E-03
0.63 7.5000E+01 6.74145E-04
0.63 8.0000E+01 9.31528E-04
0.63 8.5000E+01 4.78196E-04
0.63 1.0000E+02 3.45487E-04
0.63 1.1000E+02 3.45642E-04
0.63 1.2000E+02 1.86225E-04
0.63 1.3000E+02 2.07392E-04
0.63 1.4000E+02 1.55182E-04
0.63 1.5000E+02 1.02571E-04
0.63 1.6000E+02 1.40685E-04
0.63 1.7000E+02 8.57171E-05
0.63 1.8000E+02 5.73126E-05
0.63 1.9000E+02 4.92685E-05
0.63 2.1000E+02 4.43669E-05
0.63 2.3000E+02 3.25027E-05
0.63 2.5000E+02 1.94256E-05
0.63 2.7000E+02 2.56867E-05
0.63 2.9000E+02 1.82590E-05
0.63 3.1000E+02 1.26638E-05
0.63 3.3000E+02 8.93677E-06
0.63 3.5000E+02 6.94090E-06
0.63 3.7000E+02 5.95054E-06
0.63 3.9000E+02 5.25419E-06
0.63 4.3000E+02 4.06722E-06
0.63 4.7000E+02 2.96358E-06
0.63 5.1000E+02 2.00411E-06 


0.64 2.5600E+01   NaN
0.64 2.6600E+01   NaN
0.64 2.7600E+01   NaN
0.64 2.8600E+01   NaN
0.64 2.9600E+01 7.56679E-05
0.64 3.0600E+01 1.09890E-04
0.64 3.1600E+01 1.99319E-04
0.64 3.2600E+01 3.40503E-04
0.64 3.3600E+01 6.24045E-04
0.64 3.4600E+01 1.04746E-03
0.64 4.0000E+01 4.38571E-03
0.64 4.5000E+01 2.09440E-03
0.64 5.0000E+01 2.54045E-03
0.64 5.5000E+01 1.98574E-03
0.64 6.0000E+01 1.34970E-03
0.64 6.5000E+01 1.45590E-03
0.64 7.0000E+01 1.27925E-03
0.64 7.5000E+01 8.73297E-04
0.64 8.0000E+01 7.86628E-04
0.64 8.5000E+01 4.48429E-04
0.64 1.0000E+02 4.18767E-04
0.64 1.1000E+02 4.49504E-04
0.64 1.2000E+02 1.80652E-04
0.64 1.3000E+02 1.95899E-04
0.64 1.4000E+02 1.73891E-04
0.64 1.5000E+02 1.10160E-04
0.64 1.6000E+02 1.26321E-04
0.64 1.7000E+02 1.03675E-04
0.64 1.8000E+02 6.55199E-05
0.64 1.9000E+02 4.90368E-05
0.64 2.1000E+02 4.31736E-05
0.64 2.3000E+02 3.52260E-05
0.64 2.5000E+02 2.20883E-05
0.64 2.7000E+02 1.90408E-05
0.64 2.9000E+02 1.99028E-05
0.64 3.1000E+02 1.40759E-05
0.64 3.3000E+02 9.88663E-06
0.64 3.5000E+02 7.29716E-06
0.64 3.7000E+02 5.98307E-06
0.64 3.9000E+02 5.23998E-06
0.64 4.3000E+02 4.10356E-06
0.64 4.7000E+02 3.11128E-06
0.64 5.1000E+02 2.18467E-06 


0.65 2.5600E+01   NaN
0.65 2.6600E+01   NaN
0.65 2.7600E+01   NaN
0.65 2.8600E+01   NaN
0.65 2.9600E+01 8.23636E-05
0.65 3.0600E+01 1.04867E-04
0.65 3.1600E+01 1.70208E-04
0.65 3.2600E+01 2.87582E-04
0.65 3.3600E+01 5.44197E-04
0.65 3.4600E+01 8.74758E-04
0.65 4.0000E+01 4.20860E-03
0.65 4.5000E+01 2.90573E-03
0.65 5.0000E+01 2.44134E-03
0.65 5.5000E+01 2.50547E-03
0.65 6.0000E+01 1.64814E-03
0.65 6.5000E+01 1.40573E-03
0.65 7.0000E+01 1.13308E-03
0.65 7.5000E+01 1.09892E-03
0.65 8.0000E+01 6.10181E-04
0.65 8.5000E+01 6.77927E-04
0.65 1.0000E+02 4.99162E-04
0.65 1.1000E+02 3.34095E-04
0.65 1.2000E+02 2.07663E-04
0.65 1.3000E+02 1.77649E-04
0.65 1.4000E+02 1.81758E-04
0.65 1.5000E+02 1.29035E-04
0.65 1.6000E+02 9.19671E-05
0.65 1.7000E+02 1.24788E-04
0.65 1.8000E+02 7.80186E-05
0.65 1.9000E+02 5.25955E-05
0.65 2.1000E+02 4.14089E-05
0.65 2.3000E+02 3.64983E-05
0.65 2.5000E+02 2.51087E-05
0.65 2.7000E+02 1.57805E-05
0.65 2.9000E+02 2.15349E-05
0.65 3.1000E+02 1.54703E-05
0.65 3.3000E+02 1.10082E-05
0.65 3.5000E+02 7.90491E-06
0.65 3.7000E+02 6.14464E-06
0.65 3.9000E+02 5.22427E-06
0.65 4.3000E+02 4.10822E-06
0.65 4.7000E+02 3.20664E-06
0.65 5.1000E+02 2.35195E-06 


