0.40 2.5600E+01   NaN
0.40 2.6600E+01   NaN
0.40 2.7600E+01   NaN
0.40 2.8600E+01   NaN
0.40 2.9600E+01   NaN
0.40 3.0600E+01   NaN
0.40 3.1600E+01   NaN
0.40 3.2600E+01   NaN
0.40 3.3600E+01   NaN
0.40 3.4600E+01   NaN
0.40 4.0000E+01   NaN
0.40 4.5000E+01   NaN
0.40 5.0000E+01   NaN
0.40 5.5000E+01   NaN
0.40 6.0000E+01   NaN
0.40 6.5000E+01 1.24887E-06
0.40 7.0000E+01 9.45047E-06
0.40 7.5000E+01 9.29131E-06
0.40 8.0000E+01 2.42951E-05
0.40 8.5000E+01 2.43485E-05
0.40 1.0000E+02 2.10999E-05
0.40 1.1000E+02 2.28610E-05
0.40 1.2000E+02 1.84643E-05
0.40 1.3000E+02 1.72777E-05
0.40 1.4000E+02 1.63889E-05
0.40 1.5000E+02 1.44764E-05
0.40 1.6000E+02 1.29300E-05
0.40 1.7000E+02 1.27812E-05
0.40 1.8000E+02 1.33703E-05
0.40 1.9000E+02 1.33904E-05
0.40 2.1000E+02 9.67542E-06
0.40 2.3000E+02 9.88695E-06
0.40 2.5000E+02 9.28315E-06
0.40 2.7000E+02 8.52699E-06
0.40 2.9000E+02 7.68599E-06
0.40 3.1000E+02 6.87947E-06
0.40 3.3000E+02 6.15646E-06
0.40 3.5000E+02 5.54644E-06
0.40 3.7000E+02 5.08438E-06
0.40 3.9000E+02 4.59069E-06
0.40 4.3000E+02 3.89254E-06
0.40 4.7000E+02 3.38188E-06
0.40 5.1000E+02 2.86769E-06 


0.41 2.5600E+01   NaN
0.41 2.6600E+01   NaN
0.41 2.7600E+01   NaN
0.41 2.8600E+01   NaN
0.41 2.9600E+01   NaN
0.41 3.0600E+01   NaN
0.41 3.1600E+01   NaN
0.41 3.2600E+01   NaN
0.41 3.3600E+01   NaN
0.41 3.4600E+01   NaN
0.41 4.0000E+01   NaN
0.41 4.5000E+01   NaN
0.41 5.0000E+01   NaN
0.41 5.5000E+01   NaN
0.41 6.0000E+01   NaN
0.41 6.5000E+01 2.59293E-06
0.41 7.0000E+01 6.37940E-06
0.41 7.5000E+01 1.27508E-05
0.41 8.0000E+01 1.89553E-05
0.41 8.5000E+01 2.56162E-05
0.41 1.0000E+02 2.00657E-05
0.41 1.1000E+02 1.81641E-05
0.41 1.2000E+02 1.59881E-05
0.41 1.3000E+02 1.49826E-05
0.41 1.4000E+02 1.40276E-05
0.41 1.5000E+02 1.26997E-05
0.41 1.6000E+02 1.11428E-05
0.41 1.7000E+02 9.97746E-06
0.41 1.8000E+02 9.74662E-06
0.41 1.9000E+02 1.02125E-05
0.41 2.1000E+02 8.99172E-06
0.41 2.3000E+02 5.82450E-06
0.41 2.5000E+02 7.07210E-06
0.41 2.7000E+02 6.42031E-06
0.41 2.9000E+02 5.96259E-06
0.41 3.1000E+02 5.34152E-06
0.41 3.3000E+02 4.78006E-06
0.41 3.5000E+02 4.28333E-06
0.41 3.7000E+02 3.83988E-06
0.41 3.9000E+02 3.46512E-06
0.41 4.3000E+02 2.88144E-06
0.41 4.7000E+02 2.43130E-06
0.41 5.1000E+02 2.08172E-06 


0.42 2.5600E+01   NaN
0.42 2.6600E+01   NaN
0.42 2.7600E+01   NaN
0.42 2.8600E+01   NaN
0.42 2.9600E+01   NaN
0.42 3.0600E+01   NaN
0.42 3.1600E+01   NaN
0.42 3.2600E+01   NaN
0.42 3.3600E+01   NaN
0.42 3.4600E+01   NaN
0.42 4.0000E+01   NaN
0.42 4.5000E+01   NaN
0.42 5.0000E+01   NaN
0.42 5.5000E+01   NaN
0.42 6.0000E+01   NaN
0.42 6.5000E+01 2.39832E-06
0.42 7.0000E+01 1.07582E-05
0.42 7.5000E+01 7.41026E-06
0.42 8.0000E+01 2.24949E-05
0.42 8.5000E+01 2.28441E-05
0.42 1.0000E+02 1.59085E-05
0.42 1.1000E+02 1.46292E-05
0.42 1.2000E+02 1.65316E-05
0.42 1.3000E+02 1.35047E-05
0.42 1.4000E+02 1.26807E-05
0.42 1.5000E+02 1.24172E-05
0.42 1.6000E+02 1.04316E-05
0.42 1.7000E+02 8.78065E-06
0.42 1.8000E+02 7.59253E-06
0.42 1.9000E+02 7.38601E-06
0.42 2.1000E+02 7.91078E-06
0.42 2.3000E+02 6.16842E-06
0.42 2.5000E+02 4.87914E-06
0.42 2.7000E+02 4.79140E-06
0.42 2.9000E+02 4.46703E-06
0.42 3.1000E+02 4.08176E-06
0.42 3.3000E+02 3.67400E-06
0.42 3.5000E+02 3.28150E-06
0.42 3.7000E+02 2.93787E-06
0.42 3.9000E+02 2.64354E-06
0.42 4.3000E+02 2.10340E-06
0.42 4.7000E+02 1.72172E-06
0.42 5.1000E+02 1.43401E-06 


0.43 2.5600E+01   NaN
0.43 2.6600E+01   NaN
0.43 2.7600E+01   NaN
0.43 2.8600E+01   NaN
0.43 2.9600E+01   NaN
0.43 3.0600E+01   NaN
0.43 3.1600E+01   NaN
0.43 3.2600E+01   NaN
0.43 3.3600E+01   NaN
0.43 3.4600E+01   NaN
0.43 4.0000E+01   NaN
0.43 4.5000E+01   NaN
0.43 5.0000E+01   NaN
0.43 5.5000E+01   NaN
0.43 6.0000E+01   NaN
0.43 6.5000E+01 1.70798E-06
0.43 7.0000E+01 1.32882E-05
0.43 7.5000E+01 1.37661E-05
0.43 8.0000E+01 3.32503E-05
0.43 8.5000E+01 1.58501E-05
0.43 1.0000E+02 1.03034E-05
0.43 1.1000E+02 1.37674E-05
0.43 1.2000E+02 1.59750E-05
0.43 1.3000E+02 1.86072E-05
0.43 1.4000E+02 1.68806E-05
0.43 1.5000E+02 1.73557E-05
0.43 1.6000E+02 1.64694E-05
0.43 1.7000E+02 1.42882E-05
0.43 1.8000E+02 1.14825E-05
0.43 1.9000E+02 9.17721E-06
0.43 2.1000E+02 8.57022E-06
0.43 2.3000E+02 9.20967E-06
0.43 2.5000E+02 6.95479E-06
0.43 2.7000E+02 4.73793E-06
0.43 2.9000E+02 4.64280E-06
0.43 3.1000E+02 4.38164E-06
0.43 3.3000E+02 4.06663E-06
0.43 3.5000E+02 3.73813E-06
0.43 3.7000E+02 3.40587E-06
0.43 3.9000E+02 3.07691E-06
0.43 4.3000E+02 2.70152E-06
0.43 4.7000E+02 1.99713E-06
0.43 5.1000E+02 1.62756E-06 


0.44 2.5600E+01   NaN
0.44 2.6600E+01   NaN
0.44 2.7600E+01   NaN
0.44 2.8600E+01   NaN
0.44 2.9600E+01   NaN
0.44 3.0600E+01   NaN
0.44 3.1600E+01   NaN
0.44 3.2600E+01   NaN
0.44 3.3600E+01   NaN
0.44 3.4600E+01   NaN
0.44 4.0000E+01   NaN
0.44 4.5000E+01   NaN
0.44 5.0000E+01   NaN
0.44 5.5000E+01   NaN
0.44 6.0000E+01   NaN
0.44 6.5000E+01 1.83947E-05
0.44 7.0000E+01 6.42203E-05
0.44 7.5000E+01 4.39826E-05
0.44 8.0000E+01 5.13229E-05
0.44 8.5000E+01 1.82815E-05
0.44 1.0000E+02 8.60101E-05
0.44 1.1000E+02 2.01688E-04
0.44 1.2000E+02 2.40587E-04
0.44 1.3000E+02 3.24504E-04
0.44 1.4000E+02 3.48943E-04
0.44 1.5000E+02 3.45459E-04
0.44 1.6000E+02 3.71979E-04
0.44 1.7000E+02 3.87594E-04
0.44 1.8000E+02 3.66463E-04
0.44 1.9000E+02 3.20251E-04
0.44 2.1000E+02 2.31575E-04
0.44 2.3000E+02 2.23019E-04
0.44 2.5000E+02 2.40854E-04
0.44 2.7000E+02 1.57490E-04
0.44 2.9000E+02 1.39908E-04
0.44 3.1000E+02 1.28901E-04
0.44 3.3000E+02 1.21189E-04
0.44 3.5000E+02 1.13659E-04
0.44 3.7000E+02 1.06865E-04
0.44 3.9000E+02 1.00774E-04
0.44 4.3000E+02 8.97043E-05
0.44 4.7000E+02 7.86914E-05
0.44 5.1000E+02 6.85939E-05 


0.45 2.5600E+01   NaN
0.45 2.6600E+01   NaN
0.45 2.7600E+01   NaN
0.45 2.8600E+01   NaN
0.45 2.9600E+01   NaN
0.45 3.0600E+01   NaN
0.45 3.1600E+01   NaN
0.45 3.2600E+01   NaN
0.45 3.3600E+01   NaN
0.45 3.4600E+01   NaN
0.45 4.0000E+01   NaN
0.45 4.5000E+01   NaN
0.45 5.0000E+01   NaN
0.45 5.5000E+01   NaN
0.45 6.0000E+01   NaN
0.45 6.5000E+01 6.90693E-07
0.45 7.0000E+01 9.53758E-06
0.45 7.5000E+01 1.36857E-05
0.45 8.0000E+01 2.86200E-06
0.45 8.5000E+01 1.90134E-05
0.45 1.0000E+02 5.31012E-05
0.45 1.1000E+02 6.09418E-05
0.45 1.2000E+02 7.37485E-05
0.45 1.3000E+02 7.42313E-05
0.45 1.4000E+02 8.07124E-05
0.45 1.5000E+02 8.42324E-05
0.45 1.6000E+02 8.43777E-05
0.45 1.7000E+02 8.92609E-05
0.45 1.8000E+02 9.25096E-05
0.45 1.9000E+02 8.87747E-05
0.45 2.1000E+02 7.15914E-05
0.45 2.3000E+02 5.81243E-05
0.45 2.5000E+02 5.84506E-05
0.45 2.7000E+02 5.97744E-05
0.45 2.9000E+02 4.27736E-05
0.45 3.1000E+02 3.85825E-05
0.45 3.3000E+02 3.54202E-05
0.45 3.5000E+02 3.28336E-05
0.45 3.7000E+02 3.05871E-05
0.45 3.9000E+02 2.87046E-05
0.45 4.3000E+02 2.55434E-05
0.45 4.7000E+02 2.27845E-05
0.45 5.1000E+02 2.03872E-05 


0.46 2.5600E+01   NaN
0.46 2.6600E+01   NaN
0.46 2.7600E+01   NaN
0.46 2.8600E+01   NaN
0.46 2.9600E+01   NaN
0.46 3.0600E+01   NaN
0.46 3.1600E+01   NaN
0.46 3.2600E+01   NaN
0.46 3.3600E+01   NaN
0.46 3.4600E+01   NaN
0.46 4.0000E+01   NaN
0.46 4.5000E+01   NaN
0.46 5.0000E+01   NaN
0.46 5.5000E+01   NaN
0.46 6.0000E+01   NaN
0.46 6.5000E+01 7.57600E-07
0.46 7.0000E+01 2.41201E-06
0.46 7.5000E+01 5.55224E-06
0.46 8.0000E+01 5.46658E-06
0.46 8.5000E+01 1.08287E-05
0.46 1.0000E+02 1.71385E-05
0.46 1.1000E+02 1.48303E-05
0.46 1.2000E+02 1.55562E-05
0.46 1.3000E+02 1.42518E-05
0.46 1.4000E+02 1.44429E-05
0.46 1.5000E+02 1.45859E-05
0.46 1.6000E+02 1.40548E-05
0.46 1.7000E+02 1.38308E-05
0.46 1.8000E+02 1.43634E-05
0.46 1.9000E+02 1.45604E-05
0.46 2.1000E+02 1.29897E-05
0.46 2.3000E+02 1.08346E-05
0.46 2.5000E+02 9.55626E-06
0.46 2.7000E+02 9.11650E-06
0.46 2.9000E+02 9.42954E-06
0.46 3.1000E+02 7.17540E-06
0.46 3.3000E+02 6.44465E-06
0.46 3.5000E+02 5.89927E-06
0.46 3.7000E+02 5.38017E-06
0.46 3.9000E+02 5.04694E-06
0.46 4.3000E+02 4.41168E-06
0.46 4.7000E+02 3.92463E-06
0.46 5.1000E+02 3.48001E-06 


0.47 2.5600E+01   NaN
0.47 2.6600E+01   NaN
0.47 2.7600E+01   NaN
0.47 2.8600E+01   NaN
0.47 2.9600E+01   NaN
0.47 3.0600E+01   NaN
0.47 3.1600E+01   NaN
0.47 3.2600E+01   NaN
0.47 3.3600E+01   NaN
0.47 3.4600E+01   NaN
0.47 4.0000E+01   NaN
0.47 4.5000E+01   NaN
0.47 5.0000E+01   NaN
0.47 5.5000E+01   NaN
0.47 6.0000E+01   NaN
0.47 6.5000E+01 2.37688E-06
0.47 7.0000E+01 1.81723E-06
0.47 7.5000E+01 4.61009E-06
0.47 8.0000E+01 5.40494E-06
0.47 8.5000E+01 1.07203E-05
0.47 1.0000E+02 1.20782E-05
0.47 1.1000E+02 1.04371E-05
0.47 1.2000E+02 9.76779E-06
0.47 1.3000E+02 9.40329E-06
0.47 1.4000E+02 8.30258E-06
0.47 1.5000E+02 8.82411E-06
0.47 1.6000E+02 8.18773E-06
0.47 1.7000E+02 7.89854E-06
0.47 1.8000E+02 7.60279E-06
0.47 1.9000E+02 7.86168E-06
0.47 2.1000E+02 7.44838E-06
0.47 2.3000E+02 6.49128E-06
0.47 2.5000E+02 5.52929E-06
0.47 2.7000E+02 5.03941E-06
0.47 2.9000E+02 4.94579E-06
0.47 3.1000E+02 4.31354E-06
0.47 3.3000E+02 3.75696E-06
0.47 3.5000E+02 3.39892E-06
0.47 3.7000E+02 3.11130E-06
0.47 3.9000E+02 2.86044E-06
0.47 4.3000E+02 2.46165E-06
0.47 4.7000E+02 2.15262E-06
0.47 5.1000E+02 1.91877E-06 


0.48 2.5600E+01   NaN
0.48 2.6600E+01   NaN
0.48 2.7600E+01   NaN
0.48 2.8600E+01   NaN
0.48 2.9600E+01   NaN
0.48 3.0600E+01   NaN
0.48 3.1600E+01   NaN
0.48 3.2600E+01   NaN
0.48 3.3600E+01   NaN
0.48 3.4600E+01   NaN
0.48 4.0000E+01   NaN
0.48 4.5000E+01   NaN
0.48 5.0000E+01   NaN
0.48 5.5000E+01   NaN
0.48 6.0000E+01   NaN
0.48 6.5000E+01 1.31152E-07
0.48 7.0000E+01 2.51699E-06
0.48 7.5000E+01 3.07965E-06
0.48 8.0000E+01 5.79813E-06
0.48 8.5000E+01 1.15860E-05
0.48 1.0000E+02 9.59422E-06
0.48 1.1000E+02 9.06035E-06
0.48 1.2000E+02 7.73333E-06
0.48 1.3000E+02 7.54053E-06
0.48 1.4000E+02 6.58563E-06
0.48 1.5000E+02 6.40287E-06
0.48 1.6000E+02 6.23042E-06
0.48 1.7000E+02 5.77192E-06
0.48 1.8000E+02 5.42382E-06
0.48 1.9000E+02 5.40114E-06
0.48 2.1000E+02 5.34373E-06
0.48 2.3000E+02 4.79214E-06
0.48 2.5000E+02 4.14909E-06
0.48 2.7000E+02 3.60240E-06
0.48 2.9000E+02 3.34762E-06
0.48 3.1000E+02 3.31430E-06
0.48 3.3000E+02 2.78619E-06
0.48 3.5000E+02 2.47306E-06
0.48 3.7000E+02 2.23551E-06
0.48 3.9000E+02 2.03613E-06
0.48 4.3000E+02 1.73436E-06
0.48 4.7000E+02 1.49779E-06
0.48 5.1000E+02 1.32150E-06 


0.49 2.5600E+01   NaN
0.49 2.6600E+01   NaN
0.49 2.7600E+01   NaN
0.49 2.8600E+01   NaN
0.49 2.9600E+01   NaN
0.49 3.0600E+01   NaN
0.49 3.1600E+01   NaN
0.49 3.2600E+01   NaN
0.49 3.3600E+01   NaN
0.49 3.4600E+01   NaN
0.49 4.0000E+01   NaN
0.49 4.5000E+01   NaN
0.49 5.0000E+01   NaN
0.49 5.5000E+01   NaN
0.49 6.0000E+01   NaN
0.49 6.5000E+01 6.05393E-07
0.49 7.0000E+01 9.88966E-07
0.49 7.5000E+01 3.10415E-06
0.49 8.0000E+01 7.51274E-06
0.49 8.5000E+01 1.02436E-05
0.49 1.0000E+02 8.64813E-06
0.49 1.1000E+02 8.00515E-06
0.49 1.2000E+02 6.75649E-06
0.49 1.3000E+02 6.37301E-06
0.49 1.4000E+02 5.84448E-06
0.49 1.5000E+02 4.90474E-06
0.49 1.6000E+02 5.88514E-06
0.49 1.7000E+02 4.93111E-06
0.49 1.8000E+02 4.33841E-06
0.49 1.9000E+02 4.05560E-06
0.49 2.1000E+02 4.06237E-06
0.49 2.3000E+02 3.75257E-06
0.49 2.5000E+02 3.31709E-06
0.49 2.7000E+02 2.85336E-06
0.49 2.9000E+02 2.51189E-06
0.49 3.1000E+02 2.36511E-06
0.49 3.3000E+02 2.36495E-06
0.49 3.5000E+02 1.96688E-06
0.49 3.7000E+02 1.72044E-06
0.49 3.9000E+02 1.46983E-06
0.49 4.3000E+02 1.30424E-06
0.49 4.7000E+02 1.10467E-06
0.49 5.1000E+02 9.14579E-07 


0.50 2.5600E+01   NaN
0.50 2.6600E+01   NaN
0.50 2.7600E+01   NaN
0.50 2.8600E+01   NaN
0.50 2.9600E+01   NaN
0.50 3.0600E+01   NaN
0.50 3.1600E+01   NaN
0.50 3.2600E+01   NaN
0.50 3.3600E+01   NaN
0.50 3.4600E+01   NaN
0.50 4.0000E+01   NaN
0.50 4.5000E+01   NaN
0.50 5.0000E+01   NaN
0.50 5.5000E+01   NaN
0.50 6.0000E+01   NaN
0.50 6.5000E+01 7.75470E-07
0.50 7.0000E+01 1.53527E-06
0.50 7.5000E+01 3.86289E-06
0.50 8.0000E+01 8.16832E-06
0.50 8.5000E+01 8.88248E-06
0.50 1.0000E+02 7.72460E-06
0.50 1.1000E+02 6.69657E-06
0.50 1.2000E+02 6.26295E-06
0.50 1.3000E+02 5.45289E-06
0.50 1.4000E+02 5.32304E-06
0.50 1.5000E+02 4.37794E-06
0.50 1.6000E+02 3.85066E-06
0.50 1.7000E+02 4.21587E-06
0.50 1.8000E+02 3.59537E-06
0.50 1.9000E+02 3.26337E-06
0.50 2.1000E+02 3.04072E-06
0.50 2.3000E+02 2.92680E-06
0.50 2.5000E+02 2.67043E-06
0.50 2.7000E+02 2.33062E-06
0.50 2.9000E+02 1.97800E-06
0.50 3.1000E+02 1.75524E-06
0.50 3.3000E+02 1.67137E-06
0.50 3.5000E+02 1.74329E-06
0.50 3.7000E+02 1.36235E-06
0.50 3.9000E+02 1.19541E-06
0.50 4.3000E+02 9.66169E-07
0.50 4.7000E+02 8.03777E-07
0.50 5.1000E+02 6.87518E-07 


0.51 2.5600E+01   NaN
0.51 2.6600E+01   NaN
0.51 2.7600E+01   NaN
0.51 2.8600E+01   NaN
0.51 2.9600E+01   NaN
0.51 3.0600E+01   NaN
0.51 3.1600E+01   NaN
0.51 3.2600E+01   NaN
0.51 3.3600E+01   NaN
0.51 3.4600E+01   NaN
0.51 4.0000E+01   NaN
0.51 4.5000E+01   NaN
0.51 5.0000E+01   NaN
0.51 5.5000E+01   NaN
0.51 6.0000E+01   NaN
0.51 6.5000E+01 4.12677E-07
0.51 7.0000E+01 1.29431E-06
0.51 7.5000E+01 2.04275E-06
0.51 8.0000E+01 7.82039E-06
0.51 8.5000E+01 8.91853E-06
0.51 1.0000E+02 5.39265E-06
0.51 1.1000E+02 5.68168E-06
0.51 1.2000E+02 6.16936E-06
0.51 1.3000E+02 5.30079E-06
0.51 1.4000E+02 5.07286E-06
0.51 1.5000E+02 4.82660E-06
0.51 1.6000E+02 3.48945E-06
0.51 1.7000E+02 3.64885E-06
0.51 1.8000E+02 3.54701E-06
0.51 1.9000E+02 2.95354E-06
0.51 2.1000E+02 2.32733E-06
0.51 2.3000E+02 2.34391E-06
0.51 2.5000E+02 2.22781E-06
0.51 2.7000E+02 1.99270E-06
0.51 2.9000E+02 1.70402E-06
0.51 3.1000E+02 1.42250E-06
0.51 3.3000E+02 1.24085E-06
0.51 3.5000E+02 1.21351E-06
0.51 3.7000E+02 1.23014E-06
0.51 3.9000E+02 9.91575E-07
0.51 4.3000E+02 7.58158E-07
0.51 4.7000E+02 5.94734E-07
0.51 5.1000E+02 4.80703E-07 


0.52 2.5600E+01   NaN
0.52 2.6600E+01   NaN
0.52 2.7600E+01   NaN
0.52 2.8600E+01   NaN
0.52 2.9600E+01   NaN
0.52 3.0600E+01   NaN
0.52 3.1600E+01   NaN
0.52 3.2600E+01   NaN
0.52 3.3600E+01   NaN
0.52 3.4600E+01   NaN
0.52 4.0000E+01   NaN
0.52 4.5000E+01   NaN
0.52 5.0000E+01   NaN
0.52 5.5000E+01   NaN
0.52 6.0000E+01   NaN
0.52 6.5000E+01 1.22739E-06
0.52 7.0000E+01 2.44486E-07
0.52 7.5000E+01 6.66178E-07
0.52 8.0000E+01 9.87655E-06
0.52 8.5000E+01 9.02361E-06
0.52 1.0000E+02 2.83633E-06
0.52 1.1000E+02 4.76884E-06
0.52 1.2000E+02 9.21000E-06
0.52 1.3000E+02 1.08631E-05
0.52 1.4000E+02 1.01431E-05
0.52 1.5000E+02 1.11530E-05
0.52 1.6000E+02 1.02562E-05
0.52 1.7000E+02 6.81252E-06
0.52 1.8000E+02 9.34318E-06
0.52 1.9000E+02 7.79439E-06
0.52 2.1000E+02 5.29990E-06
0.52 2.3000E+02 4.14853E-06
0.52 2.5000E+02 4.05868E-06
0.52 2.7000E+02 3.92268E-06
0.52 2.9000E+02 3.63326E-06
0.52 3.1000E+02 3.19692E-06
0.52 3.3000E+02 2.66346E-06
0.52 3.5000E+02 2.22122E-06
0.52 3.7000E+02 2.07805E-06
0.52 3.9000E+02 2.39817E-06
0.52 4.3000E+02 1.87575E-06
0.52 4.7000E+02 1.49650E-06
0.52 5.1000E+02 1.20448E-06 


0.53 2.5600E+01   NaN
0.53 2.6600E+01   NaN
0.53 2.7600E+01   NaN
0.53 2.8600E+01   NaN
0.53 2.9600E+01   NaN
0.53 3.0600E+01   NaN
0.53 3.1600E+01   NaN
0.53 3.2600E+01   NaN
0.53 3.3600E+01   NaN
0.53 3.4600E+01   NaN
0.53 4.0000E+01   NaN
0.53 4.5000E+01   NaN
0.53 5.0000E+01   NaN
0.53 5.5000E+01   NaN
0.53 6.0000E+01   NaN
0.53 6.5000E+01 5.32075E-05
0.53 7.0000E+01 4.92647E-05
0.53 7.5000E+01 6.44124E-05
0.53 8.0000E+01 1.08584E-04
0.53 8.5000E+01 7.16610E-05
0.53 1.0000E+02 3.20751E-04
0.53 1.1000E+02 5.76562E-04
0.53 1.2000E+02 6.39507E-04
0.53 1.3000E+02 9.32305E-04
0.53 1.4000E+02 9.90390E-04
0.53 1.5000E+02 1.00177E-03
0.53 1.6000E+02 1.15964E-03
0.53 1.7000E+02 1.08387E-03
0.53 1.8000E+02 7.63461E-04
0.53 1.9000E+02 9.91242E-04
0.53 2.1000E+02 8.17267E-04
0.53 2.3000E+02 6.24102E-04
0.53 2.5000E+02 5.21044E-04
0.53 2.7000E+02 4.89856E-04
0.53 2.9000E+02 4.66689E-04
0.53 3.1000E+02 4.41793E-04
0.53 3.3000E+02 4.06874E-04
0.53 3.5000E+02 3.59396E-04
0.53 3.7000E+02 3.07507E-04
0.53 3.9000E+02 2.68390E-04
0.53 4.3000E+02 2.89420E-04
0.53 4.7000E+02 2.52263E-04
0.53 5.1000E+02 2.18692E-04 


0.54 2.5600E+01   NaN
0.54 2.6600E+01   NaN
0.54 2.7600E+01   NaN
0.54 2.8600E+01   NaN
0.54 2.9600E+01   NaN
0.54 3.0600E+01   NaN
0.54 3.1600E+01   NaN
0.54 3.2600E+01   NaN
0.54 3.3600E+01   NaN
0.54 3.4600E+01   NaN
0.54 4.0000E+01   NaN
0.54 4.5000E+01   NaN
0.54 5.0000E+01   NaN
0.54 5.5000E+01   NaN
0.54 6.0000E+01   NaN
0.54 6.5000E+01 5.79291E-08
0.54 7.0000E+01 2.02072E-06
0.54 7.5000E+01 3.88895E-06
0.54 8.0000E+01 5.79509E-07
0.54 8.5000E+01 5.09804E-06
0.54 1.0000E+02 1.20230E-05
0.54 1.1000E+02 1.13131E-05
0.54 1.2000E+02 1.12179E-05
0.54 1.3000E+02 1.22147E-05
0.54 1.4000E+02 1.37134E-05
0.54 1.5000E+02 1.31435E-05
0.54 1.6000E+02 1.39061E-05
0.54 1.7000E+02 1.51744E-05
0.54 1.8000E+02 1.37474E-05
0.54 1.9000E+02 1.02503E-05
0.54 2.1000E+02 1.22100E-05
0.54 2.3000E+02 1.02327E-05
0.54 2.5000E+02 8.43389E-06
0.54 2.7000E+02 7.42493E-06
0.54 2.9000E+02 6.89547E-06
0.54 3.1000E+02 6.46769E-06
0.54 3.3000E+02 6.07873E-06
0.54 3.5000E+02 5.59531E-06
0.54 3.7000E+02 5.05922E-06
0.54 3.9000E+02 4.43482E-06
0.54 4.3000E+02 4.18993E-06
0.54 4.7000E+02 3.75311E-06
0.54 5.1000E+02 3.31558E-06 


0.55 2.5600E+01   NaN
0.55 2.6600E+01   NaN
0.55 2.7600E+01   NaN
0.55 2.8600E+01   NaN
0.55 2.9600E+01   NaN
0.55 3.0600E+01   NaN
0.55 3.1600E+01   NaN
0.55 3.2600E+01   NaN
0.55 3.3600E+01   NaN
0.55 3.4600E+01   NaN
0.55 4.0000E+01   NaN
0.55 4.5000E+01   NaN
0.55 5.0000E+01   NaN
0.55 5.5000E+01   NaN
0.55 6.0000E+01   NaN
0.55 6.5000E+01 1.08905E-06
0.55 7.0000E+01 1.00061E-06
0.55 7.5000E+01 2.45720E-06
0.55 8.0000E+01 1.62272E-06
0.55 8.5000E+01 5.38702E-06
0.55 1.0000E+02 6.76813E-06
0.55 1.1000E+02 5.92632E-06
0.55 1.2000E+02 6.31285E-06
0.55 1.3000E+02 5.15785E-06
0.55 1.4000E+02 5.48150E-06
0.55 1.5000E+02 5.40213E-06
0.55 1.6000E+02 5.20079E-06
0.55 1.7000E+02 5.49680E-06
0.55 1.8000E+02 5.63843E-06
0.55 1.9000E+02 4.93690E-06
0.55 2.1000E+02 4.75410E-06
0.55 2.3000E+02 4.21248E-06
0.55 2.5000E+02 3.60911E-06
0.55 2.7000E+02 3.09664E-06
0.55 2.9000E+02 2.78417E-06
0.55 3.1000E+02 2.56183E-06
0.55 3.3000E+02 2.39230E-06
0.55 3.5000E+02 2.25138E-06
0.55 3.7000E+02 2.06066E-06
0.55 3.9000E+02 1.85434E-06
0.55 4.3000E+02 1.53508E-06
0.55 4.7000E+02 1.44179E-06
0.55 5.1000E+02 1.27834E-06 


0.56 2.5600E+01   NaN
0.56 2.6600E+01   NaN
0.56 2.7600E+01   NaN
0.56 2.8600E+01   NaN
0.56 2.9600E+01   NaN
0.56 3.0600E+01   NaN
0.56 3.1600E+01   NaN
0.56 3.2600E+01   NaN
0.56 3.3600E+01   NaN
0.56 3.4600E+01   NaN
0.56 4.0000E+01   NaN
0.56 4.5000E+01   NaN
0.56 5.0000E+01   NaN
0.56 5.5000E+01   NaN
0.56 6.0000E+01   NaN
0.56 6.5000E+01 8.98742E-07
0.56 7.0000E+01 9.44713E-07
0.56 7.5000E+01 2.47406E-06
0.56 8.0000E+01 2.67999E-06
0.56 8.5000E+01 5.66985E-06
0.56 1.0000E+02 5.24626E-06
0.56 1.1000E+02 4.78831E-06
0.56 1.2000E+02 4.41012E-06
0.56 1.3000E+02 3.72743E-06
0.56 1.4000E+02 3.71188E-06
0.56 1.5000E+02 3.72080E-06
0.56 1.6000E+02 3.41649E-06
0.56 1.7000E+02 3.42012E-06
0.56 1.8000E+02 3.59377E-06
0.56 1.9000E+02 3.50827E-06
0.56 2.1000E+02 2.92225E-06
0.56 2.3000E+02 2.83801E-06
0.56 2.5000E+02 2.47547E-06
0.56 2.7000E+02 2.12050E-06
0.56 2.9000E+02 1.85928E-06
0.56 3.1000E+02 1.68403E-06
0.56 3.3000E+02 1.55300E-06
0.56 3.5000E+02 1.44175E-06
0.56 3.7000E+02 1.33950E-06
0.56 3.9000E+02 1.22890E-06
0.56 4.3000E+02 9.78762E-07
0.56 4.7000E+02 9.01924E-07
0.56 5.1000E+02 7.99013E-07 


0.57 2.5600E+01   NaN
0.57 2.6600E+01   NaN
0.57 2.7600E+01   NaN
0.57 2.8600E+01   NaN
0.57 2.9600E+01   NaN
0.57 3.0600E+01   NaN
0.57 3.1600E+01   NaN
0.57 3.2600E+01   NaN
0.57 3.3600E+01   NaN
0.57 3.4600E+01   NaN
0.57 4.0000E+01   NaN
0.57 4.5000E+01   NaN
0.57 5.0000E+01   NaN
0.57 5.5000E+01   NaN
0.57 6.0000E+01   NaN
0.57 6.5000E+01 1.84761E-07
0.57 7.0000E+01 1.56498E-06
0.57 7.5000E+01 2.31810E-06
0.57 8.0000E+01 2.85463E-06
0.57 8.5000E+01 4.46869E-06
0.57 1.0000E+02 4.57633E-06
0.57 1.1000E+02 4.16085E-06
0.57 1.2000E+02 3.45876E-06
0.57 1.3000E+02 3.56873E-06
0.57 1.4000E+02 2.92715E-06
0.57 1.5000E+02 2.89476E-06
0.57 1.6000E+02 2.70151E-06
0.57 1.7000E+02 2.54204E-06
0.57 1.8000E+02 2.57754E-06
0.57 1.9000E+02 2.67403E-06
0.57 2.1000E+02 2.07073E-06
0.57 2.3000E+02 2.15176E-06
0.57 2.5000E+02 1.91033E-06
0.57 2.7000E+02 1.65730E-06
0.57 2.9000E+02 1.41616E-06
0.57 3.1000E+02 1.26736E-06
0.57 3.3000E+02 1.15013E-06
0.57 3.5000E+02 1.06271E-06
0.57 3.7000E+02 9.85657E-07
0.57 3.9000E+02 9.11479E-07
0.57 4.3000E+02 7.50661E-07
0.57 4.7000E+02 6.37377E-07
0.57 5.1000E+02 5.75965E-07 


0.58 2.5600E+01   NaN
0.58 2.6600E+01   NaN
0.58 2.7600E+01   NaN
0.58 2.8600E+01   NaN
0.58 2.9600E+01   NaN
0.58 3.0600E+01   NaN
0.58 3.1600E+01   NaN
0.58 3.2600E+01   NaN
0.58 3.3600E+01   NaN
0.58 3.4600E+01   NaN
0.58 4.0000E+01   NaN
0.58 4.5000E+01   NaN
0.58 5.0000E+01   NaN
0.58 5.5000E+01   NaN
0.58 6.0000E+01   NaN
0.58 6.5000E+01 1.14685E-07
0.58 7.0000E+01 8.85648E-07
0.58 7.5000E+01 1.70217E-06
0.58 8.0000E+01 2.54157E-06
0.58 8.5000E+01 4.52205E-06
0.58 1.0000E+02 4.17655E-06
0.58 1.1000E+02 3.62467E-06
0.58 1.2000E+02 3.04529E-06
0.58 1.3000E+02 3.08420E-06
0.58 1.4000E+02 2.46857E-06
0.58 1.5000E+02 2.36608E-06
0.58 1.6000E+02 2.28629E-06
0.58 1.7000E+02 2.04141E-06
0.58 1.8000E+02 1.94520E-06
0.58 1.9000E+02 2.03104E-06
0.58 2.1000E+02 1.84763E-06
0.58 2.3000E+02 1.67242E-06
0.58 2.5000E+02 1.53002E-06
0.58 2.7000E+02 1.35593E-06
0.58 2.9000E+02 1.16372E-06
0.58 3.1000E+02 1.00395E-06
0.58 3.3000E+02 8.93054E-07
0.58 3.5000E+02 8.10344E-07
0.58 3.7000E+02 7.46656E-07
0.58 3.9000E+02 6.92697E-07
0.58 4.3000E+02 5.80960E-07
0.58 4.7000E+02 4.45407E-07
0.58 5.1000E+02 4.17183E-07 


0.59 2.5600E+01   NaN
0.59 2.6600E+01   NaN
0.59 2.7600E+01   NaN
0.59 2.8600E+01   NaN
0.59 2.9600E+01   NaN
0.59 3.0600E+01   NaN
0.59 3.1600E+01   NaN
0.59 3.2600E+01   NaN
0.59 3.3600E+01   NaN
0.59 3.4600E+01   NaN
0.59 4.0000E+01   NaN
0.59 4.5000E+01   NaN
0.59 5.0000E+01   NaN
0.59 5.5000E+01   NaN
0.59 6.0000E+01   NaN
0.59 6.5000E+01 5.05313E-07
0.59 7.0000E+01 9.53305E-07
0.59 7.5000E+01 1.53186E-06
0.59 8.0000E+01 3.05582E-06
0.59 8.5000E+01 5.10654E-06
0.59 1.0000E+02 3.56770E-06
0.59 1.1000E+02 3.06328E-06
0.59 1.2000E+02 2.95405E-06
0.59 1.3000E+02 2.54564E-06
0.59 1.4000E+02 2.41619E-06
0.59 1.5000E+02 2.04211E-06
0.59 1.6000E+02 1.97355E-06
0.59 1.7000E+02 1.73548E-06
0.59 1.8000E+02 1.54400E-06
0.59 1.9000E+02 1.50604E-06
0.59 2.1000E+02 1.60237E-06
0.59 2.3000E+02 1.06562E-06
0.59 2.5000E+02 1.24133E-06
0.59 2.7000E+02 1.11341E-06
0.59 2.9000E+02 9.70508E-07
0.59 3.1000E+02 8.19596E-07
0.59 3.3000E+02 7.03593E-07
0.59 3.5000E+02 6.21598E-07
0.59 3.7000E+02 5.60137E-07
0.59 3.9000E+02 5.18423E-07
0.59 4.3000E+02 4.41275E-07
0.59 4.7000E+02 3.47534E-07
0.59 5.1000E+02 2.84394E-07 


0.60 2.5600E+01   NaN
0.60 2.6600E+01   NaN
0.60 2.7600E+01   NaN
0.60 2.8600E+01   NaN
0.60 2.9600E+01   NaN
0.60 3.0600E+01   NaN
0.60 3.1600E+01   NaN
0.60 3.2600E+01   NaN
0.60 3.3600E+01   NaN
0.60 3.4600E+01   NaN
0.60 4.0000E+01   NaN
0.60 4.5000E+01   NaN
0.60 5.0000E+01   NaN
0.60 5.5000E+01   NaN
0.60 6.0000E+01   NaN
0.60 6.5000E+01 7.64980E-07
0.60 7.0000E+01 1.63153E-06
0.60 7.5000E+01 2.14189E-06
0.60 8.0000E+01 4.19838E-06
0.60 8.5000E+01 5.04361E-06
0.60 1.0000E+02 2.44625E-06
0.60 1.1000E+02 2.62663E-06
0.60 1.2000E+02 3.13028E-06
0.60 1.3000E+02 2.62802E-06
0.60 1.4000E+02 3.08011E-06
0.60 1.5000E+02 2.26854E-06
0.60 1.6000E+02 2.07689E-06
0.60 1.7000E+02 1.97147E-06
0.60 1.8000E+02 1.60775E-06
0.60 1.9000E+02 1.34370E-06
0.60 2.1000E+02 1.47219E-06
0.60 2.3000E+02 1.25789E-06
0.60 2.5000E+02 1.07028E-06
0.60 2.7000E+02 1.03703E-06
0.60 2.9000E+02 9.51683E-07
0.60 3.1000E+02 8.25242E-07
0.60 3.3000E+02 6.80198E-07
0.60 3.5000E+02 5.78561E-07
0.60 3.7000E+02 4.97216E-07
0.60 3.9000E+02 4.42677E-07
0.60 4.3000E+02 3.78827E-07
0.60 4.7000E+02 3.14213E-07
0.60 5.1000E+02 2.11252E-07 


0.61 2.5600E+01   NaN
0.61 2.6600E+01   NaN
0.61 2.7600E+01   NaN
0.61 2.8600E+01   NaN
0.61 2.9600E+01   NaN
0.61 3.0600E+01   NaN
0.61 3.1600E+01   NaN
0.61 3.2600E+01   NaN
0.61 3.3600E+01   NaN
0.61 3.4600E+01   NaN
0.61 4.0000E+01   NaN
0.61 4.5000E+01   NaN
0.61 5.0000E+01   NaN
0.61 5.5000E+01   NaN
0.61 6.0000E+01   NaN
0.61 6.5000E+01 1.15714E-06
0.61 7.0000E+01 1.94183E-06
0.61 7.5000E+01 1.20893E-06
0.61 8.0000E+01 6.43322E-06
0.61 8.5000E+01 4.94018E-06
0.61 1.0000E+02 1.04644E-06
0.61 1.1000E+02 4.77416E-06
0.61 1.2000E+02 7.67682E-06
0.61 1.3000E+02 9.99671E-06
0.61 1.4000E+02 9.59111E-06
0.61 1.5000E+02 1.11274E-05
0.61 1.6000E+02 9.23165E-06
0.61 1.7000E+02 9.05096E-06
0.61 1.8000E+02 8.50309E-06
0.61 1.9000E+02 7.01928E-06
0.61 2.1000E+02 5.03898E-06
0.61 2.3000E+02 5.79744E-06
0.61 2.5000E+02 3.43266E-06
0.61 2.7000E+02 3.90770E-06
0.61 2.9000E+02 3.87307E-06
0.61 3.1000E+02 3.73677E-06
0.61 3.3000E+02 3.45609E-06
0.61 3.5000E+02 3.07371E-06
0.61 3.7000E+02 2.69101E-06
0.61 3.9000E+02 2.36738E-06
0.61 4.3000E+02 1.96188E-06
0.61 4.7000E+02 1.77856E-06
0.61 5.1000E+02 1.61120E-06 


0.62 2.5600E+01   NaN
0.62 2.6600E+01   NaN
0.62 2.7600E+01   NaN
0.62 2.8600E+01   NaN
0.62 2.9600E+01   NaN
0.62 3.0600E+01   NaN
0.62 3.1600E+01   NaN
0.62 3.2600E+01   NaN
0.62 3.3600E+01   NaN
0.62 3.4600E+01   NaN
0.62 4.0000E+01   NaN
0.62 4.5000E+01   NaN
0.62 5.0000E+01   NaN
0.62 5.5000E+01   NaN
0.62 6.0000E+01   NaN
0.62 6.5000E+01 2.16416E-06
0.62 7.0000E+01 1.95852E-06
0.62 7.5000E+01 7.29440E-06
0.62 8.0000E+01 1.86429E-06
0.62 8.5000E+01 6.36975E-06
0.62 1.0000E+02 3.60522E-05
0.62 1.1000E+02 4.30165E-05
0.62 1.2000E+02 5.21892E-05
0.62 1.3000E+02 7.22314E-05
0.62 1.4000E+02 7.01175E-05
0.62 1.5000E+02 8.65112E-05
0.62 1.6000E+02 7.89792E-05
0.62 1.7000E+02 7.45176E-05
0.62 1.8000E+02 7.53640E-05
0.62 1.9000E+02 7.17111E-05
0.62 2.1000E+02 5.23855E-05
0.62 2.3000E+02 4.81084E-05
0.62 2.5000E+02 5.03108E-05
0.62 2.7000E+02 3.62052E-05
0.62 2.9000E+02 3.46912E-05
0.62 3.1000E+02 3.36614E-05
0.62 3.3000E+02 3.25872E-05
0.62 3.5000E+02 3.07369E-05
0.62 3.7000E+02 2.83351E-05
0.62 3.9000E+02 2.57529E-05
0.62 4.3000E+02 2.13936E-05
0.62 4.7000E+02 1.90064E-05
0.62 5.1000E+02 1.75923E-05 


0.63 2.5600E+01   NaN
0.63 2.6600E+01   NaN
0.63 2.7600E+01   NaN
0.63 2.8600E+01   NaN
0.63 2.9600E+01   NaN
0.63 3.0600E+01   NaN
0.63 3.1600E+01   NaN
0.63 3.2600E+01   NaN
0.63 3.3600E+01   NaN
0.63 3.4600E+01   NaN
0.63 4.0000E+01   NaN
0.63 4.5000E+01   NaN
0.63 5.0000E+01   NaN
0.63 5.5000E+01   NaN
0.63 6.0000E+01   NaN
0.63 6.5000E+01 2.25048E-07
0.63 7.0000E+01 4.86472E-07
0.63 7.5000E+01 1.98273E-06
0.63 8.0000E+01 6.52925E-07
0.63 8.5000E+01 2.85702E-06
0.63 1.0000E+02 5.17635E-06
0.63 1.1000E+02 4.62714E-06
0.63 1.2000E+02 4.60510E-06
0.63 1.3000E+02 4.80981E-06
0.63 1.4000E+02 5.17140E-06
0.63 1.5000E+02 4.93327E-06
0.63 1.6000E+02 5.49916E-06
0.63 1.7000E+02 5.07209E-06
0.63 1.8000E+02 5.02631E-06
0.63 1.9000E+02 5.02116E-06
0.63 2.1000E+02 4.22238E-06
0.63 2.3000E+02 3.44621E-06
0.63 2.5000E+02 3.42183E-06
0.63 2.7000E+02 2.76335E-06
0.63 2.9000E+02 2.50831E-06
0.63 3.1000E+02 2.36735E-06
0.63 3.3000E+02 2.25405E-06
0.63 3.5000E+02 2.14362E-06
0.63 3.7000E+02 2.00972E-06
0.63 3.9000E+02 1.86198E-06
0.63 4.3000E+02 1.57192E-06
0.63 4.7000E+02 1.35139E-06
0.63 5.1000E+02 1.25523E-06 


0.64 2.5600E+01   NaN
0.64 2.6600E+01   NaN
0.64 2.7600E+01   NaN
0.64 2.8600E+01   NaN
0.64 2.9600E+01   NaN
0.64 3.0600E+01   NaN
0.64 3.1600E+01   NaN
0.64 3.2600E+01   NaN
0.64 3.3600E+01   NaN
0.64 3.4600E+01   NaN
0.64 4.0000E+01   NaN
0.64 4.5000E+01   NaN
0.64 5.0000E+01   NaN
0.64 5.5000E+01   NaN
0.64 6.0000E+01   NaN
0.64 6.5000E+01 2.79427E-07
0.64 7.0000E+01 5.22792E-07
0.64 7.5000E+01 1.42995E-06
0.64 8.0000E+01 1.24861E-06
0.64 8.5000E+01 2.79778E-06
0.64 1.0000E+02 3.39110E-06
0.64 1.1000E+02 3.06675E-06
0.64 1.2000E+02 2.89559E-06
0.64 1.3000E+02 2.59653E-06
0.64 1.4000E+02 2.77727E-06
0.64 1.5000E+02 2.53999E-06
0.64 1.6000E+02 2.87331E-06
0.64 1.7000E+02 2.60991E-06
0.64 1.8000E+02 2.51184E-06
0.64 1.9000E+02 2.48689E-06
0.64 2.1000E+02 2.28502E-06
0.64 2.3000E+02 1.86537E-06
0.64 2.5000E+02 1.68916E-06
0.64 2.7000E+02 1.69142E-06
0.64 2.9000E+02 1.32708E-06
0.64 3.1000E+02 1.20895E-06
0.64 3.3000E+02 1.13147E-06
0.64 3.5000E+02 1.06569E-06
0.64 3.7000E+02 1.00440E-06
0.64 3.9000E+02 9.34771E-07
0.64 4.3000E+02 7.95037E-07
0.64 4.7000E+02 6.80927E-07
0.64 5.1000E+02 5.99802E-07 


0.65 2.5600E+01   NaN
0.65 2.6600E+01   NaN
0.65 2.7600E+01   NaN
0.65 2.8600E+01   NaN
0.65 2.9600E+01   NaN
0.65 3.0600E+01   NaN
0.65 3.1600E+01   NaN
0.65 3.2600E+01   NaN
0.65 3.3600E+01   NaN
0.65 3.4600E+01   NaN
0.65 4.0000E+01   NaN
0.65 4.5000E+01   NaN
0.65 5.0000E+01   NaN
0.65 5.5000E+01   NaN
0.65 6.0000E+01   NaN
0.65 6.5000E+01 2.90602E-07
0.65 7.0000E+01 3.49105E-07
0.65 7.5000E+01 1.14938E-06
0.65 8.0000E+01 1.02766E-06
0.65 8.5000E+01 2.31601E-06
0.65 1.0000E+02 2.87586E-06
0.65 1.1000E+02 2.61462E-06
0.65 1.2000E+02 2.31304E-06
0.65 1.3000E+02 1.99640E-06
0.65 1.4000E+02 1.99747E-06
0.65 1.5000E+02 1.90092E-06
0.65 1.6000E+02 1.81557E-06
0.65 1.7000E+02 1.87370E-06
0.65 1.8000E+02 1.74638E-06
0.65 1.9000E+02 1.71662E-06
0.65 2.1000E+02 1.64378E-06
0.65 2.3000E+02 1.38203E-06
0.65 2.5000E+02 1.18210E-06
0.65 2.7000E+02 1.13634E-06
0.65 2.9000E+02 9.59667E-07
0.65 3.1000E+02 8.47166E-07
0.65 3.3000E+02 7.80907E-07
0.65 3.5000E+02 7.27143E-07
0.65 3.7000E+02 6.83229E-07
0.65 3.9000E+02 6.52813E-07
0.65 4.3000E+02 5.46907E-07
0.65 4.7000E+02 4.65381E-07
0.65 5.1000E+02 4.08330E-07 


