0.40 2.5600E+01 1.90532E-04
0.40 2.6600E+01 2.24934E-04
0.40 2.7600E+01 2.54444E-04
0.40 2.8600E+01 2.70266E-04
0.40 2.9600E+01 2.94341E-04
0.40 3.0600E+01 3.14205E-04
0.40 3.1600E+01 3.20665E-04
0.40 3.2600E+01 3.23407E-04
0.40 3.3600E+01 3.30127E-04
0.40 3.4600E+01 3.32581E-04
0.40 4.0000E+01 3.18017E-04
0.40 4.5000E+01 3.01154E-04
0.40 5.0000E+01 2.91301E-04
0.40 5.5000E+01 2.66944E-04
0.40 6.0000E+01 2.50898E-04
0.40 6.5000E+01 2.36035E-04
0.40 7.0000E+01 2.10651E-04
0.40 7.5000E+01 2.02031E-04
0.40 8.0000E+01 1.84838E-04
0.40 8.5000E+01 1.74901E-04
0.40 1.0000E+02 1.43579E-04
0.40 1.1000E+02 1.24316E-04
0.40 1.2000E+02 1.12844E-04
0.40 1.3000E+02 1.00729E-04
0.40 1.4000E+02 9.02601E-05
0.40 1.5000E+02 8.23180E-05
0.40 1.6000E+02 7.51228E-05
0.40 1.7000E+02 6.80314E-05
0.40 1.8000E+02 6.19015E-05
0.40 1.9000E+02 5.75743E-05
0.40 2.1000E+02 4.95511E-05
0.40 2.3000E+02 4.22640E-05
0.40 2.5000E+02 3.73203E-05
0.40 2.7000E+02 3.30043E-05
0.40 2.9000E+02 2.92212E-05
0.40 3.1000E+02 2.61687E-05
0.40 3.3000E+02 2.34652E-05
0.40 3.5000E+02 2.12390E-05
0.40 3.7000E+02 1.91995E-05
0.40 3.9000E+02 1.76878E-05
0.40 4.3000E+02 1.49573E-05
0.40 4.7000E+02 1.27312E-05
0.40 5.1000E+02 1.10493E-05 


0.41 2.5600E+01 1.79179E-04
0.41 2.6600E+01 2.32826E-04
0.41 2.7600E+01 2.57098E-04
0.41 2.8600E+01 2.86988E-04
0.41 2.9600E+01 2.92354E-04
0.41 3.0600E+01 3.10736E-04
0.41 3.1600E+01 3.05883E-04
0.41 3.2600E+01 3.25196E-04
0.41 3.3600E+01 3.22098E-04
0.41 3.4600E+01 3.20947E-04
0.41 4.0000E+01 3.32898E-04
0.41 4.5000E+01 3.13580E-04
0.41 5.0000E+01 2.83919E-04
0.41 5.5000E+01 2.69312E-04
0.41 6.0000E+01 2.54877E-04
0.41 6.5000E+01 2.30323E-04
0.41 7.0000E+01 2.15890E-04
0.41 7.5000E+01 2.01554E-04
0.41 8.0000E+01 1.86788E-04
0.41 8.5000E+01 1.72606E-04
0.41 1.0000E+02 1.41190E-04
0.41 1.1000E+02 1.27145E-04
0.41 1.2000E+02 1.12278E-04
0.41 1.3000E+02 1.01132E-04
0.41 1.4000E+02 9.03449E-05
0.41 1.5000E+02 8.18353E-05
0.41 1.6000E+02 7.49089E-05
0.41 1.7000E+02 6.84447E-05
0.41 1.8000E+02 6.22598E-05
0.41 1.9000E+02 5.73152E-05
0.41 2.1000E+02 5.00318E-05
0.41 2.3000E+02 4.19436E-05
0.41 2.5000E+02 3.70983E-05
0.41 2.7000E+02 3.22678E-05
0.41 2.9000E+02 2.92753E-05
0.41 3.1000E+02 2.61183E-05
0.41 3.3000E+02 2.34877E-05
0.41 3.5000E+02 2.12323E-05
0.41 3.7000E+02 1.93023E-05
0.41 3.9000E+02 1.76495E-05
0.41 4.3000E+02 1.49411E-05
0.41 4.7000E+02 1.27944E-05
0.41 5.1000E+02 1.10742E-05 


0.42 2.5600E+01 1.83295E-04
0.42 2.6600E+01 2.15670E-04
0.42 2.7600E+01 2.61537E-04
0.42 2.8600E+01 2.71818E-04
0.42 2.9600E+01 2.96494E-04
0.42 3.0600E+01 3.08165E-04
0.42 3.1600E+01 3.18626E-04
0.42 3.2600E+01 3.32153E-04
0.42 3.3600E+01 3.27449E-04
0.42 3.4600E+01 3.33173E-04
0.42 4.0000E+01 3.14270E-04
0.42 4.5000E+01 3.02747E-04
0.42 5.0000E+01 2.86832E-04
0.42 5.5000E+01 2.62291E-04
0.42 6.0000E+01 2.47909E-04
0.42 6.5000E+01 2.32256E-04
0.42 7.0000E+01 2.14665E-04
0.42 7.5000E+01 1.98937E-04
0.42 8.0000E+01 1.87083E-04
0.42 8.5000E+01 1.72492E-04
0.42 1.0000E+02 1.42095E-04
0.42 1.1000E+02 1.26829E-04
0.42 1.2000E+02 1.11026E-04
0.42 1.3000E+02 1.01002E-04
0.42 1.4000E+02 9.07728E-05
0.42 1.5000E+02 8.16564E-05
0.42 1.6000E+02 7.45474E-05
0.42 1.7000E+02 6.85236E-05
0.42 1.8000E+02 6.27210E-05
0.42 1.9000E+02 5.72520E-05
0.42 2.1000E+02 4.92993E-05
0.42 2.3000E+02 4.29568E-05
0.42 2.5000E+02 3.68837E-05
0.42 2.7000E+02 3.27533E-05
0.42 2.9000E+02 2.92494E-05
0.42 3.1000E+02 2.61660E-05
0.42 3.3000E+02 2.35123E-05
0.42 3.5000E+02 2.12630E-05
0.42 3.7000E+02 1.93218E-05
0.42 3.9000E+02 1.74726E-05
0.42 4.3000E+02 1.49302E-05
0.42 4.7000E+02 1.27589E-05
0.42 5.1000E+02 1.10762E-05 


0.43 2.5600E+01 1.72051E-04
0.43 2.6600E+01 2.27766E-04
0.43 2.7600E+01 2.58344E-04
0.43 2.8600E+01 2.80215E-04
0.43 2.9600E+01 2.88256E-04
0.43 3.0600E+01 3.12557E-04
0.43 3.1600E+01 3.09796E-04
0.43 3.2600E+01 3.19497E-04
0.43 3.3600E+01 3.22883E-04
0.43 3.4600E+01 3.28920E-04
0.43 4.0000E+01 3.30759E-04
0.43 4.5000E+01 3.06592E-04
0.43 5.0000E+01 2.88613E-04
0.43 5.5000E+01 2.70604E-04
0.43 6.0000E+01 2.56884E-04
0.43 6.5000E+01 2.33307E-04
0.43 7.0000E+01 2.13033E-04
0.43 7.5000E+01 2.01840E-04
0.43 8.0000E+01 1.85474E-04
0.43 8.5000E+01 1.74427E-04
0.43 1.0000E+02 1.43369E-04
0.43 1.1000E+02 1.25357E-04
0.43 1.2000E+02 1.13014E-04
0.43 1.3000E+02 1.00510E-04
0.43 1.4000E+02 9.11556E-05
0.43 1.5000E+02 8.18795E-05
0.43 1.6000E+02 7.43969E-05
0.43 1.7000E+02 6.82274E-05
0.43 1.8000E+02 6.28643E-05
0.43 1.9000E+02 5.76389E-05
0.43 2.1000E+02 4.89203E-05
0.43 2.3000E+02 4.28963E-05
0.43 2.5000E+02 3.73368E-05
0.43 2.7000E+02 3.27233E-05
0.43 2.9000E+02 2.92050E-05
0.43 3.1000E+02 2.61681E-05
0.43 3.3000E+02 2.35458E-05
0.43 3.5000E+02 2.12678E-05
0.43 3.7000E+02 1.93311E-05
0.43 3.9000E+02 1.76476E-05
0.43 4.3000E+02 1.51019E-05
0.43 4.7000E+02 1.27720E-05
0.43 5.1000E+02 1.10788E-05 


0.44 2.5600E+01 1.75530E-04
0.44 2.6600E+01 2.17385E-04
0.44 2.7600E+01 2.70009E-04
0.44 2.8600E+01 2.79349E-04
0.44 2.9600E+01 3.08736E-04
0.44 3.0600E+01 3.07542E-04
0.44 3.1600E+01 3.25933E-04
0.44 3.2600E+01 3.29998E-04
0.44 3.3600E+01 3.34754E-04
0.44 3.4600E+01 3.40938E-04
0.44 4.0000E+01 3.17556E-04
0.44 4.5000E+01 3.07395E-04
0.44 5.0000E+01 2.83477E-04
0.44 5.5000E+01 2.64937E-04
0.44 6.0000E+01 2.54717E-04
0.44 6.5000E+01 2.28415E-04
0.44 7.0000E+01 2.15738E-04
0.44 7.5000E+01 2.00048E-04
0.44 8.0000E+01 1.86797E-04
0.44 8.5000E+01 1.74489E-04
0.44 1.0000E+02 1.42990E-04
0.44 1.1000E+02 1.25310E-04
0.44 1.2000E+02 1.13213E-04
0.44 1.3000E+02 1.00317E-04
0.44 1.4000E+02 9.09199E-05
0.44 1.5000E+02 8.22889E-05
0.44 1.6000E+02 7.43979E-05
0.44 1.7000E+02 6.79338E-05
0.44 1.8000E+02 6.26537E-05
0.44 1.9000E+02 5.78260E-05
0.44 2.1000E+02 4.89358E-05
0.44 2.3000E+02 4.25624E-05
0.44 2.5000E+02 3.75239E-05
0.44 2.7000E+02 3.25165E-05
0.44 2.9000E+02 2.91485E-05
0.44 3.1000E+02 2.56502E-05
0.44 3.3000E+02 2.35309E-05
0.44 3.5000E+02 2.12780E-05
0.44 3.7000E+02 1.93519E-05
0.44 3.9000E+02 1.76609E-05
0.44 4.3000E+02 1.49047E-05
0.44 4.7000E+02 1.27690E-05
0.44 5.1000E+02 1.10692E-05 


0.45 2.5600E+01 1.84363E-04
0.45 2.6600E+01 2.26610E-04
0.45 2.7600E+01 2.49298E-04
0.45 2.8600E+01 2.74566E-04
0.45 2.9600E+01 2.91816E-04
0.45 3.0600E+01 3.14894E-04
0.45 3.1600E+01 3.17754E-04
0.45 3.2600E+01 3.18321E-04
0.45 3.3600E+01 3.22295E-04
0.45 3.4600E+01 3.22820E-04
0.45 4.0000E+01 3.29891E-04
0.45 4.5000E+01 3.06063E-04
0.45 5.0000E+01 2.92834E-04
0.45 5.5000E+01 2.67114E-04
0.45 6.0000E+01 2.47300E-04
0.45 6.5000E+01 2.30618E-04
0.45 7.0000E+01 2.16520E-04
0.45 7.5000E+01 1.98423E-04
0.45 8.0000E+01 1.87570E-04
0.45 8.5000E+01 1.74047E-04
0.45 1.0000E+02 1.42093E-04
0.45 1.1000E+02 1.26335E-04
0.45 1.2000E+02 1.11936E-04
0.45 1.3000E+02 1.01085E-04
0.45 1.4000E+02 9.04217E-05
0.45 1.5000E+02 8.25140E-05
0.45 1.6000E+02 7.46090E-05
0.45 1.7000E+02 6.79121E-05
0.45 1.8000E+02 6.23659E-05
0.45 1.9000E+02 5.76928E-05
0.45 2.1000E+02 4.92224E-05
0.45 2.3000E+02 4.23829E-05
0.45 2.5000E+02 3.75040E-05
0.45 2.7000E+02 3.35763E-05
0.45 2.9000E+02 2.90584E-05
0.45 3.1000E+02 2.59766E-05
0.45 3.3000E+02 2.35312E-05
0.45 3.5000E+02 2.13021E-05
0.45 3.7000E+02 1.94425E-05
0.45 3.9000E+02 1.76811E-05
0.45 4.3000E+02 1.49006E-05
0.45 4.7000E+02 1.27922E-05
0.45 5.1000E+02 1.10802E-05 


0.46 2.5600E+01 1.79670E-04
0.46 2.6600E+01 2.22503E-04
0.46 2.7600E+01 2.62308E-04
0.46 2.8600E+01 2.83830E-04
0.46 2.9600E+01 3.02080E-04
0.46 3.0600E+01 3.00340E-04
0.46 3.1600E+01 3.19263E-04
0.46 3.2600E+01 3.31277E-04
0.46 3.3600E+01 3.31022E-04
0.46 3.4600E+01 3.36335E-04
0.46 4.0000E+01 3.21135E-04
0.46 4.5000E+01 3.10011E-04
0.46 5.0000E+01 2.82636E-04
0.46 5.5000E+01 2.69071E-04
0.46 6.0000E+01 2.56060E-04
0.46 6.5000E+01 2.33471E-04
0.46 7.0000E+01 2.13632E-04
0.46 7.5000E+01 2.00587E-04
0.46 8.0000E+01 1.85413E-04
0.46 8.5000E+01 1.74863E-04
0.46 1.0000E+02 1.41833E-04
0.46 1.1000E+02 1.26709E-04
0.46 1.2000E+02 1.11496E-04
0.46 1.3000E+02 1.01258E-04
0.46 1.4000E+02 8.97045E-05
0.46 1.5000E+02 8.20374E-05
0.46 1.6000E+02 7.49081E-05
0.46 1.7000E+02 6.81943E-05
0.46 1.8000E+02 6.22408E-05
0.46 1.9000E+02 5.74894E-05
0.46 2.1000E+02 4.94079E-05
0.46 2.3000E+02 4.23757E-05
0.46 2.5000E+02 3.75611E-05
0.46 2.7000E+02 3.30763E-05
0.46 2.9000E+02 2.89569E-05
0.46 3.1000E+02 2.60424E-05
0.46 3.3000E+02 2.34990E-05
0.46 3.5000E+02 2.12992E-05
0.46 3.7000E+02 1.94169E-05
0.46 3.9000E+02 1.76932E-05
0.46 4.3000E+02 1.49183E-05
0.46 4.7000E+02 1.27543E-05
0.46 5.1000E+02 1.10585E-05 


0.47 2.5600E+01 1.75481E-04
0.47 2.6600E+01 2.23458E-04
0.47 2.7600E+01 2.49496E-04
0.47 2.8600E+01 2.77219E-04
0.47 2.9600E+01 2.87944E-04
0.47 3.0600E+01 3.16750E-04
0.47 3.1600E+01 3.14503E-04
0.47 3.2600E+01 3.15482E-04
0.47 3.3600E+01 3.23305E-04
0.47 3.4600E+01 3.25154E-04
0.47 4.0000E+01 3.25483E-04
0.47 4.5000E+01 3.03192E-04
0.47 5.0000E+01 2.88033E-04
0.47 5.5000E+01 2.64817E-04
0.47 6.0000E+01 2.48953E-04
0.47 6.5000E+01 2.26118E-04
0.47 7.0000E+01 2.14118E-04
0.47 7.5000E+01 2.01058E-04
0.47 8.0000E+01 1.85298E-04
0.47 8.5000E+01 1.74630E-04
0.47 1.0000E+02 1.42866E-04
0.47 1.1000E+02 1.26133E-04
0.47 1.2000E+02 1.12386E-04
0.47 1.3000E+02 1.00253E-04
0.47 1.4000E+02 9.14453E-05
0.47 1.5000E+02 8.14470E-05
0.47 1.6000E+02 7.49650E-05
0.47 1.7000E+02 6.82699E-05
0.47 1.8000E+02 6.24804E-05
0.47 1.9000E+02 5.72780E-05
0.47 2.1000E+02 4.93603E-05
0.47 2.3000E+02 4.25765E-05
0.47 2.5000E+02 3.70370E-05
0.47 2.7000E+02 3.29703E-05
0.47 2.9000E+02 2.93340E-05
0.47 3.1000E+02 2.59970E-05
0.47 3.3000E+02 2.35034E-05
0.47 3.5000E+02 2.12981E-05
0.47 3.7000E+02 1.93731E-05
0.47 3.9000E+02 1.76978E-05
0.47 4.3000E+02 1.49217E-05
0.47 4.7000E+02 1.28600E-05
0.47 5.1000E+02 1.10667E-05 


0.48 2.5600E+01 1.55309E-04
0.48 2.6600E+01 2.29383E-04
0.48 2.7600E+01 2.74848E-04
0.48 2.8600E+01 2.80030E-04
0.48 2.9600E+01 3.07687E-04
0.48 3.0600E+01 3.01895E-04
0.48 3.1600E+01 3.22780E-04
0.48 3.2600E+01 3.30715E-04
0.48 3.3600E+01 3.30934E-04
0.48 3.4600E+01 3.35603E-04
0.48 4.0000E+01 3.29498E-04
0.48 4.5000E+01 3.06060E-04
0.48 5.0000E+01 2.87862E-04
0.48 5.5000E+01 2.67042E-04
0.48 6.0000E+01 2.50413E-04
0.48 6.5000E+01 2.32943E-04
0.48 7.0000E+01 2.18318E-04
0.48 7.5000E+01 1.99094E-04
0.48 8.0000E+01 1.86920E-04
0.48 8.5000E+01 1.72419E-04
0.48 1.0000E+02 1.43400E-04
0.48 1.1000E+02 1.25520E-04
0.48 1.2000E+02 1.12791E-04
0.48 1.3000E+02 1.00076E-04
0.48 1.4000E+02 9.10833E-05
0.48 1.5000E+02 8.20293E-05
0.48 1.6000E+02 7.50766E-05
0.48 1.7000E+02 6.84331E-05
0.48 1.8000E+02 6.25579E-05
0.48 1.9000E+02 5.73770E-05
0.48 2.1000E+02 4.92164E-05
0.48 2.3000E+02 4.27010E-05
0.48 2.5000E+02 3.70882E-05
0.48 2.7000E+02 3.27686E-05
0.48 2.9000E+02 2.93464E-05
0.48 3.1000E+02 2.61383E-05
0.48 3.3000E+02 2.36027E-05
0.48 3.5000E+02 2.12440E-05
0.48 3.7000E+02 1.93485E-05
0.48 3.9000E+02 1.77104E-05
0.48 4.3000E+02 1.49263E-05
0.48 4.7000E+02 1.27780E-05
0.48 5.1000E+02 1.10528E-05 


0.49 2.5600E+01 1.74239E-04
0.49 2.6600E+01 2.31401E-04
0.49 2.7600E+01 2.46808E-04
0.49 2.8600E+01 2.75882E-04
0.49 2.9600E+01 2.92439E-04
0.49 3.0600E+01 3.14610E-04
0.49 3.1600E+01 3.11100E-04
0.49 3.2600E+01 3.18253E-04
0.49 3.3600E+01 3.22054E-04
0.49 3.4600E+01 3.25791E-04
0.49 4.0000E+01 3.23369E-04
0.49 4.5000E+01 3.04506E-04
0.49 5.0000E+01 2.84375E-04
0.49 5.5000E+01 2.66602E-04
0.49 6.0000E+01 2.55952E-04
0.49 6.5000E+01 2.32162E-04
0.49 7.0000E+01 2.12004E-04
0.49 7.5000E+01 1.98775E-04
0.49 8.0000E+01 1.86644E-04
0.49 8.5000E+01 1.73019E-04
0.49 1.0000E+02 1.42115E-04
0.49 1.1000E+02 1.25870E-04
0.49 1.2000E+02 1.12464E-04
0.49 1.3000E+02 1.00557E-04
0.49 1.4000E+02 9.02582E-05
0.49 1.5000E+02 8.27597E-05
0.49 1.6000E+02 7.35862E-05
0.49 1.7000E+02 6.87468E-05
0.49 1.8000E+02 6.26749E-05
0.49 1.9000E+02 5.76435E-05
0.49 2.1000E+02 4.90708E-05
0.49 2.3000E+02 4.24932E-05
0.49 2.5000E+02 3.72290E-05
0.49 2.7000E+02 3.26920E-05
0.49 2.9000E+02 2.93188E-05
0.49 3.1000E+02 2.62339E-05
0.49 3.3000E+02 2.34295E-05
0.49 3.5000E+02 2.11465E-05
0.49 3.7000E+02 1.93270E-05
0.49 3.9000E+02 1.95518E-05
0.49 4.3000E+02 1.49423E-05
0.49 4.7000E+02 1.27792E-05
0.49 5.1000E+02 1.10408E-05 


0.50 2.5600E+01 1.92033E-04
0.50 2.6600E+01 2.14096E-04
0.50 2.7600E+01 2.61184E-04
0.50 2.8600E+01 2.80236E-04
0.50 2.9600E+01 3.02879E-04
0.50 3.0600E+01 3.03447E-04
0.50 3.1600E+01 3.23463E-04
0.50 3.2600E+01 3.25370E-04
0.50 3.3600E+01 3.33089E-04
0.50 3.4600E+01 3.34595E-04
0.50 4.0000E+01 3.28489E-04
0.50 4.5000E+01 3.04468E-04
0.50 5.0000E+01 2.89106E-04
0.50 5.5000E+01 2.62170E-04
0.50 6.0000E+01 2.51360E-04
0.50 6.5000E+01 2.29131E-04
0.50 7.0000E+01 2.14415E-04
0.50 7.5000E+01 2.01513E-04
0.50 8.0000E+01 1.85359E-04
0.50 8.5000E+01 1.74532E-04
0.50 1.0000E+02 1.41533E-04
0.50 1.1000E+02 1.26726E-04
0.50 1.2000E+02 1.11904E-04
0.50 1.3000E+02 1.00992E-04
0.50 1.4000E+02 9.00708E-05
0.50 1.5000E+02 8.23020E-05
0.50 1.6000E+02 7.49370E-05
0.50 1.7000E+02 6.78695E-05
0.50 1.8000E+02 6.26820E-05
0.50 1.9000E+02 5.76843E-05
0.50 2.1000E+02 4.90517E-05
0.50 2.3000E+02 4.22993E-05
0.50 2.5000E+02 3.73245E-05
0.50 2.7000E+02 3.27308E-05
0.50 2.9000E+02 2.91024E-05
0.50 3.1000E+02 2.61725E-05
0.50 3.3000E+02 2.35978E-05
0.50 3.5000E+02 2.10806E-05
0.50 3.7000E+02 1.93036E-05
0.50 3.9000E+02 1.76697E-05
0.50 4.3000E+02 1.49420E-05
0.50 4.7000E+02 1.27853E-05
0.50 5.1000E+02 1.10597E-05 


0.51 2.5600E+01 1.76320E-04
0.51 2.6600E+01 2.40114E-04
0.51 2.7600E+01 2.52856E-04
0.51 2.8600E+01 2.81986E-04
0.51 2.9600E+01 2.91505E-04
0.51 3.0600E+01 3.15738E-04
0.51 3.1600E+01 3.12040E-04
0.51 3.2600E+01 3.23820E-04
0.51 3.3600E+01 3.29370E-04
0.51 3.4600E+01 3.24700E-04
0.51 4.0000E+01 3.20085E-04
0.51 4.5000E+01 3.10046E-04
0.51 5.0000E+01 2.87755E-04
0.51 5.5000E+01 2.69201E-04
0.51 6.0000E+01 2.46253E-04
0.51 6.5000E+01 2.32227E-04
0.51 7.0000E+01 2.17605E-04
0.51 7.5000E+01 2.00332E-04
0.51 8.0000E+01 1.85578E-04
0.51 8.5000E+01 1.74011E-04
0.51 1.0000E+02 1.43572E-04
0.51 1.1000E+02 1.26787E-04
0.51 1.2000E+02 1.11945E-04
0.51 1.3000E+02 1.00894E-04
0.51 1.4000E+02 9.06166E-05
0.51 1.5000E+02 8.16977E-05
0.51 1.6000E+02 7.51269E-05
0.51 1.7000E+02 6.78135E-05
0.51 1.8000E+02 6.25393E-05
0.51 1.9000E+02 5.76877E-05
0.51 2.1000E+02 4.91056E-05
0.51 2.3000E+02 4.25298E-05
0.51 2.5000E+02 3.73422E-05
0.51 2.7000E+02 3.28253E-05
0.51 2.9000E+02 2.90836E-05
0.51 3.1000E+02 2.61038E-05
0.51 3.3000E+02 2.34575E-05
0.51 3.5000E+02 2.13035E-05
0.51 3.7000E+02 1.92632E-05
0.51 3.9000E+02 1.76091E-05
0.51 4.3000E+02 1.49463E-05
0.51 4.7000E+02 1.27852E-05
0.51 5.1000E+02 1.10812E-05 


0.52 2.5600E+01 1.78945E-04
0.52 2.6600E+01 2.18692E-04
0.52 2.7600E+01 2.52441E-04
0.52 2.8600E+01 2.71888E-04
0.52 2.9600E+01 3.01409E-04
0.52 3.0600E+01 3.04391E-04
0.52 3.1600E+01 3.23722E-04
0.52 3.2600E+01 3.27520E-04
0.52 3.3600E+01 3.26829E-04
0.52 3.4600E+01 3.32571E-04
0.52 4.0000E+01 3.27817E-04
0.52 4.5000E+01 3.04167E-04
0.52 5.0000E+01 2.81563E-04
0.52 5.5000E+01 2.67090E-04
0.52 6.0000E+01 2.60944E-04
0.52 6.5000E+01 2.33287E-04
0.52 7.0000E+01 2.14347E-04
0.52 7.5000E+01 1.97945E-04
0.52 8.0000E+01 1.87192E-04
0.52 8.5000E+01 1.72701E-04
0.52 1.0000E+02 1.43093E-04
0.52 1.1000E+02 1.25441E-04
0.52 1.2000E+02 1.12493E-04
0.52 1.3000E+02 1.00440E-04
0.52 1.4000E+02 9.09639E-05
0.52 1.5000E+02 8.16247E-05
0.52 1.6000E+02 7.47235E-05
0.52 1.7000E+02 6.85789E-05
0.52 1.8000E+02 6.17823E-05
0.52 1.9000E+02 5.76125E-05
0.52 2.1000E+02 4.93720E-05
0.52 2.3000E+02 4.24517E-05
0.52 2.5000E+02 3.73351E-05
0.52 2.7000E+02 3.29894E-05
0.52 2.9000E+02 2.91058E-05
0.52 3.1000E+02 2.60328E-05
0.52 3.3000E+02 2.35650E-05
0.52 3.5000E+02 2.13509E-05
0.52 3.7000E+02 1.93488E-05
0.52 3.9000E+02 1.76352E-05
0.52 4.3000E+02 1.49196E-05
0.52 4.7000E+02 1.28019E-05
0.52 5.1000E+02 1.10363E-05 


0.53 2.5600E+01 1.94691E-04
0.53 2.6600E+01 2.26056E-04
0.53 2.7600E+01 2.62230E-04
0.53 2.8600E+01 2.90013E-04
0.53 2.9600E+01 2.92238E-04
0.53 3.0600E+01 3.07405E-04
0.53 3.1600E+01 3.12293E-04
0.53 3.2600E+01 3.23812E-04
0.53 3.3600E+01 3.32850E-04
0.53 3.4600E+01 3.31035E-04
0.53 4.0000E+01 3.25365E-04
0.53 4.5000E+01 3.07209E-04
0.53 5.0000E+01 2.91101E-04
0.53 5.5000E+01 2.64849E-04
0.53 6.0000E+01 2.46873E-04
0.53 6.5000E+01 2.30139E-04
0.53 7.0000E+01 2.13512E-04
0.53 7.5000E+01 2.01349E-04
0.53 8.0000E+01 1.86749E-04
0.53 8.5000E+01 1.72962E-04
0.53 1.0000E+02 1.41750E-04
0.53 1.1000E+02 1.25574E-04
0.53 1.2000E+02 1.12914E-04
0.53 1.3000E+02 1.00213E-04
0.53 1.4000E+02 9.08220E-05
0.53 1.5000E+02 8.19647E-05
0.53 1.6000E+02 7.42976E-05
0.53 1.7000E+02 6.85179E-05
0.53 1.8000E+02 6.26369E-05
0.53 1.9000E+02 5.73111E-05
0.53 2.1000E+02 4.93990E-05
0.53 2.3000E+02 4.24859E-05
0.53 2.5000E+02 3.72185E-05
0.53 2.7000E+02 3.28856E-05
0.53 2.9000E+02 2.91748E-05
0.53 3.1000E+02 2.60229E-05
0.53 3.3000E+02 2.34674E-05
0.53 3.5000E+02 2.13156E-05
0.53 3.7000E+02 1.94116E-05
0.53 3.9000E+02 1.76183E-05
0.53 4.3000E+02 1.48854E-05
0.53 4.7000E+02 1.27670E-05
0.53 5.1000E+02 1.10903E-05 


0.54 2.5600E+01 1.74956E-04
0.54 2.6600E+01 2.33267E-04
0.54 2.7600E+01 2.49368E-04
0.54 2.8600E+01 2.69555E-04
0.54 2.9600E+01 2.95061E-04
0.54 3.0600E+01 3.13066E-04
0.54 3.1600E+01 3.23615E-04
0.54 3.2600E+01 3.19653E-04
0.54 3.3600E+01 3.18910E-04
0.54 3.4600E+01 3.26379E-04
0.54 4.0000E+01 3.21933E-04
0.54 4.5000E+01 3.09843E-04
0.54 5.0000E+01 2.84330E-04
0.54 5.5000E+01 2.68510E-04
0.54 6.0000E+01 2.50392E-04
0.54 6.5000E+01 2.29736E-04
0.54 7.0000E+01 2.16400E-04
0.54 7.5000E+01 2.00679E-04
0.54 8.0000E+01 1.84761E-04
0.54 8.5000E+01 1.74661E-04
0.54 1.0000E+02 1.42083E-04
0.54 1.1000E+02 1.27007E-04
0.54 1.2000E+02 1.12469E-04
0.54 1.3000E+02 1.00549E-04
0.54 1.4000E+02 9.05123E-05
0.54 1.5000E+02 8.24384E-05
0.54 1.6000E+02 7.45651E-05
0.54 1.7000E+02 6.81050E-05
0.54 1.8000E+02 6.29130E-05
0.54 1.9000E+02 5.72812E-05
0.54 2.1000E+02 4.93163E-05
0.54 2.3000E+02 4.25866E-05
0.54 2.5000E+02 3.71341E-05
0.54 2.7000E+02 3.28951E-05
0.54 2.9000E+02 2.92298E-05
0.54 3.1000E+02 2.60643E-05
0.54 3.3000E+02 2.34272E-05
0.54 3.5000E+02 2.12766E-05
0.54 3.7000E+02 1.94154E-05
0.54 3.9000E+02 1.77185E-05
0.54 4.3000E+02 1.48977E-05
0.54 4.7000E+02 1.28054E-05
0.54 5.1000E+02 1.10566E-05 


0.55 2.5600E+01 1.75935E-04
0.55 2.6600E+01 2.07589E-04
0.55 2.7600E+01 2.64749E-04
0.55 2.8600E+01 2.85764E-04
0.55 2.9600E+01 3.00306E-04
0.55 3.0600E+01 3.01088E-04
0.55 3.1600E+01 3.17649E-04
0.55 3.2600E+01 3.29111E-04
0.55 3.3600E+01 3.35107E-04
0.55 3.4600E+01 3.36687E-04
0.55 4.0000E+01 3.28914E-04
0.55 4.5000E+01 3.03534E-04
0.55 5.0000E+01 2.86787E-04
0.55 5.5000E+01 2.68205E-04
0.55 6.0000E+01 2.56033E-04
0.55 6.5000E+01 2.35840E-04
0.55 7.0000E+01 2.16305E-04
0.55 7.5000E+01 1.98611E-04
0.55 8.0000E+01 1.86850E-04
0.55 8.5000E+01 1.74242E-04
0.55 1.0000E+02 1.42998E-04
0.55 1.1000E+02 1.26421E-04
0.55 1.2000E+02 1.11194E-04
0.55 1.3000E+02 1.01031E-04
0.55 1.4000E+02 9.03498E-05
0.55 1.5000E+02 8.22547E-05
0.55 1.6000E+02 7.46102E-05
0.55 1.7000E+02 6.78518E-05
0.55 1.8000E+02 6.26589E-05
0.55 1.9000E+02 5.79019E-05
0.55 2.1000E+02 4.92139E-05
0.55 2.3000E+02 4.27765E-05
0.55 2.5000E+02 3.71277E-05
0.55 2.7000E+02 3.28185E-05
0.55 2.9000E+02 2.92521E-05
0.55 3.1000E+02 2.61072E-05
0.55 3.3000E+02 2.34428E-05
0.55 3.5000E+02 2.12616E-05
0.55 3.7000E+02 1.93662E-05
0.55 3.9000E+02 1.77963E-05
0.55 4.3000E+02 1.45595E-05
0.55 4.7000E+02 1.27648E-05
0.55 5.1000E+02 1.10654E-05 


0.56 2.5600E+01 1.99494E-04
0.56 2.6600E+01 2.36023E-04
0.56 2.7600E+01 2.50970E-04
0.56 2.8600E+01 2.78169E-04
0.56 2.9600E+01 2.87337E-04
0.56 3.0600E+01 3.19023E-04
0.56 3.1600E+01 3.14975E-04
0.56 3.2600E+01 3.16260E-04
0.56 3.3600E+01 3.22314E-04
0.56 3.4600E+01 3.20459E-04
0.56 4.0000E+01 3.19537E-04
0.56 4.5000E+01 3.11333E-04
0.56 5.0000E+01 2.89310E-04
0.56 5.5000E+01 2.62493E-04
0.56 6.0000E+01 2.50921E-04
0.56 6.5000E+01 2.29057E-04
0.56 7.0000E+01 2.13355E-04
0.56 7.5000E+01 1.99748E-04
0.56 8.0000E+01 1.86767E-04
0.56 8.5000E+01 1.71880E-04
0.56 1.0000E+02 1.43031E-04
0.56 1.1000E+02 1.25503E-04
0.56 1.2000E+02 1.12422E-04
0.56 1.3000E+02 1.01162E-04
0.56 1.4000E+02 9.05113E-05
0.56 1.5000E+02 8.19100E-05
0.56 1.6000E+02 7.49389E-05
0.56 1.7000E+02 6.80069E-05
0.56 1.8000E+02 6.26470E-05
0.56 1.9000E+02 5.78192E-05
0.56 2.1000E+02 4.89163E-05
0.56 2.3000E+02 4.27419E-05
0.56 2.5000E+02 3.71924E-05
0.56 2.7000E+02 3.27651E-05
0.56 2.9000E+02 2.92211E-05
0.56 3.1000E+02 2.61474E-05
0.56 3.3000E+02 2.34591E-05
0.56 3.5000E+02 2.12109E-05
0.56 3.7000E+02 1.93218E-05
0.56 3.9000E+02 1.77006E-05
0.56 4.3000E+02 1.49313E-05
0.56 4.7000E+02 1.27315E-05
0.56 5.1000E+02 1.10543E-05 


0.57 2.5600E+01 1.69941E-04
0.57 2.6600E+01 2.24309E-04
0.57 2.7600E+01 2.56469E-04
0.57 2.8600E+01 2.72349E-04
0.57 2.9600E+01 3.09083E-04
0.57 3.0600E+01 3.00427E-04
0.57 3.1600E+01 3.24134E-04
0.57 3.2600E+01 3.32298E-04
0.57 3.3600E+01 3.30086E-04
0.57 3.4600E+01 3.35760E-04
0.57 4.0000E+01 3.27936E-04
0.57 4.5000E+01 3.05283E-04
0.57 5.0000E+01 2.84970E-04
0.57 5.5000E+01 2.69819E-04
0.57 6.0000E+01 2.48833E-04
0.57 6.5000E+01 2.30234E-04
0.57 7.0000E+01 2.14223E-04
0.57 7.5000E+01 2.01183E-04
0.57 8.0000E+01 1.85366E-04
0.57 8.5000E+01 1.74303E-04
0.57 1.0000E+02 1.42282E-04
0.57 1.1000E+02 1.25736E-04
0.57 1.2000E+02 1.13005E-04
0.57 1.3000E+02 1.00029E-04
0.57 1.4000E+02 9.08549E-05
0.57 1.5000E+02 8.17828E-05
0.57 1.6000E+02 7.48605E-05
0.57 1.7000E+02 6.82460E-05
0.57 1.8000E+02 6.22827E-05
0.57 1.9000E+02 5.75182E-05
0.57 2.1000E+02 4.91456E-05
0.57 2.3000E+02 4.26509E-05
0.57 2.5000E+02 3.72927E-05
0.57 2.7000E+02 3.28276E-05
0.57 2.9000E+02 2.91359E-05
0.57 3.1000E+02 2.60987E-05
0.57 3.3000E+02 2.34471E-05
0.57 3.5000E+02 2.12319E-05
0.57 3.7000E+02 1.93287E-05
0.57 3.9000E+02 1.76635E-05
0.57 4.3000E+02 1.49632E-05
0.57 4.7000E+02 1.27413E-05
0.57 5.1000E+02 1.10554E-05 


0.58 2.5600E+01 1.78015E-04
0.58 2.6600E+01 2.16836E-04
0.58 2.7600E+01 2.63292E-04
0.58 2.8600E+01 2.89361E-04
0.58 2.9600E+01 2.88806E-04
0.58 3.0600E+01 3.12126E-04
0.58 3.1600E+01 3.10489E-04
0.58 3.2600E+01 3.20443E-04
0.58 3.3600E+01 3.30419E-04
0.58 3.4600E+01 3.29338E-04
0.58 4.0000E+01 3.24973E-04
0.58 4.5000E+01 3.05848E-04
0.58 5.0000E+01 2.86292E-04
0.58 5.5000E+01 2.66764E-04
0.58 6.0000E+01 2.54298E-04
0.58 6.5000E+01 2.33679E-04
0.58 7.0000E+01 2.18482E-04
0.58 7.5000E+01 2.00170E-04
0.58 8.0000E+01 1.85732E-04
0.58 8.5000E+01 1.74502E-04
0.58 1.0000E+02 1.41829E-04
0.58 1.1000E+02 1.26480E-04
0.58 1.2000E+02 1.12433E-04
0.58 1.3000E+02 1.00031E-04
0.58 1.4000E+02 9.10617E-05
0.58 1.5000E+02 8.19672E-05
0.58 1.6000E+02 7.45186E-05
0.58 1.7000E+02 6.83276E-05
0.58 1.8000E+02 6.24782E-05
0.58 1.9000E+02 5.73278E-05
0.58 2.1000E+02 4.94941E-05
0.58 2.3000E+02 4.25360E-05
0.58 2.5000E+02 3.74061E-05
0.58 2.7000E+02 3.27746E-05
0.58 2.9000E+02 2.91281E-05
0.58 3.1000E+02 2.61445E-05
0.58 3.3000E+02 2.35374E-05
0.58 3.5000E+02 2.12652E-05
0.58 3.7000E+02 1.93150E-05
0.58 3.9000E+02 1.76449E-05
0.58 4.3000E+02 1.49548E-05
0.58 4.7000E+02 1.27506E-05
0.58 5.1000E+02 1.10408E-05 


0.59 2.5600E+01 1.94453E-04
0.59 2.6600E+01 2.34365E-04
0.59 2.7600E+01 2.45561E-04
0.59 2.8600E+01 2.67094E-04
0.59 2.9600E+01 2.94962E-04
0.59 3.0600E+01 3.11291E-04
0.59 3.1600E+01 3.24383E-04
0.59 3.2600E+01 3.21739E-04
0.59 3.3600E+01 3.19471E-04
0.59 3.4600E+01 3.27033E-04
0.59 4.0000E+01 3.20491E-04
0.59 4.5000E+01 3.10290E-04
0.59 5.0000E+01 2.91244E-04
0.59 5.5000E+01 2.64800E-04
0.59 6.0000E+01 2.56137E-04
0.59 6.5000E+01 2.31480E-04
0.59 7.0000E+01 2.13011E-04
0.59 7.5000E+01 1.98228E-04
0.59 8.0000E+01 1.86859E-04
0.59 8.5000E+01 1.72990E-04
0.59 1.0000E+02 1.42432E-04
0.59 1.1000E+02 1.26532E-04
0.59 1.2000E+02 1.11850E-04
0.59 1.3000E+02 1.01176E-04
0.59 1.4000E+02 9.08217E-05
0.59 1.5000E+02 8.22429E-05
0.59 1.6000E+02 7.43368E-05
0.59 1.7000E+02 6.83757E-05
0.59 1.8000E+02 6.26408E-05
0.59 1.9000E+02 5.73615E-05
0.59 2.1000E+02 4.95149E-05
0.59 2.3000E+02 4.22342E-05
0.59 2.5000E+02 3.73403E-05
0.59 2.7000E+02 3.28600E-05
0.59 2.9000E+02 2.91112E-05
0.59 3.1000E+02 2.60976E-05
0.59 3.3000E+02 2.35357E-05
0.59 3.5000E+02 2.12926E-05
0.59 3.7000E+02 1.93328E-05
0.59 3.9000E+02 1.76426E-05
0.59 4.3000E+02 1.48777E-05
0.59 4.7000E+02 1.28045E-05
0.59 5.1000E+02 1.10397E-05 


0.60 2.5600E+01 1.85672E-04
0.60 2.6600E+01 2.27614E-04
0.60 2.7600E+01 2.61561E-04
0.60 2.8600E+01 2.84261E-04
0.60 2.9600E+01 3.04053E-04
0.60 3.0600E+01 2.99927E-04
0.60 3.1600E+01 3.16537E-04
0.60 3.2600E+01 3.30690E-04
0.60 3.3600E+01 3.36159E-04
0.60 3.4600E+01 3.35385E-04
0.60 4.0000E+01 3.29685E-04
0.60 4.5000E+01 3.04994E-04
0.60 5.0000E+01 2.82385E-04
0.60 5.5000E+01 2.68543E-04
0.60 6.0000E+01 2.42854E-04
0.60 6.5000E+01 2.29691E-04
0.60 7.0000E+01 2.14754E-04
0.60 7.5000E+01 1.99945E-04
0.60 8.0000E+01 1.86574E-04
0.60 8.5000E+01 1.72876E-04
0.60 1.0000E+02 1.43632E-04
0.60 1.1000E+02 1.26124E-04
0.60 1.2000E+02 1.12034E-04
0.60 1.3000E+02 1.01099E-04
0.60 1.4000E+02 8.99244E-05
0.60 1.5000E+02 8.24077E-05
0.60 1.6000E+02 7.45239E-05
0.60 1.7000E+02 6.81085E-05
0.60 1.8000E+02 6.26569E-05
0.60 1.9000E+02 5.75658E-05
0.60 2.1000E+02 4.92120E-05
0.60 2.3000E+02 4.26505E-05
0.60 2.5000E+02 3.72562E-05
0.60 2.7000E+02 3.29192E-05
0.60 2.9000E+02 2.91356E-05
0.60 3.1000E+02 2.60531E-05
0.60 3.3000E+02 2.35808E-05
0.60 3.5000E+02 2.12904E-05
0.60 3.7000E+02 1.94046E-05
0.60 3.9000E+02 1.76675E-05
0.60 4.3000E+02 1.49151E-05
0.60 4.7000E+02 1.28048E-05
0.60 5.1000E+02 1.10444E-05 


0.61 2.5600E+01 1.58307E-04
0.61 2.6600E+01 2.14935E-04
0.61 2.7600E+01 2.64731E-04
0.61 2.8600E+01 2.83273E-04
0.61 2.9600E+01 2.89522E-04
0.61 3.0600E+01 3.22516E-04
0.61 3.1600E+01 3.13855E-04
0.61 3.2600E+01 3.18359E-04
0.61 3.3600E+01 3.21354E-04
0.61 3.4600E+01 3.25411E-04
0.61 4.0000E+01 3.20532E-04
0.61 4.5000E+01 3.08347E-04
0.61 5.0000E+01 2.88464E-04
0.61 5.5000E+01 2.67615E-04
0.61 6.0000E+01 2.55943E-04
0.61 6.5000E+01 2.32653E-04
0.61 7.0000E+01 2.16992E-04
0.61 7.5000E+01 2.01814E-04
0.61 8.0000E+01 1.85438E-04
0.61 8.5000E+01 1.74205E-04
0.61 1.0000E+02 1.42278E-04
0.61 1.1000E+02 1.25575E-04
0.61 1.2000E+02 1.12605E-04
0.61 1.3000E+02 1.00444E-04
0.61 1.4000E+02 9.07083E-05
0.61 1.5000E+02 8.22979E-05
0.61 1.6000E+02 7.48265E-05
0.61 1.7000E+02 6.79308E-05
0.61 1.8000E+02 6.26520E-05
0.61 1.9000E+02 5.76920E-05
0.61 2.1000E+02 4.91052E-05
0.61 2.3000E+02 4.25356E-05
0.61 2.5000E+02 3.70888E-05
0.61 2.7000E+02 3.29594E-05
0.61 2.9000E+02 2.91489E-05
0.61 3.1000E+02 2.60333E-05
0.61 3.3000E+02 2.34769E-05
0.61 3.5000E+02 2.12954E-05
0.61 3.7000E+02 1.93693E-05
0.61 3.9000E+02 1.76814E-05
0.61 4.3000E+02 1.49428E-05
0.61 4.7000E+02 1.27776E-05
0.61 5.1000E+02 1.10812E-05 


0.62 2.5600E+01 1.94755E-04
0.62 2.6600E+01 2.38245E-04
0.62 2.7600E+01 2.40003E-04
0.62 2.8600E+01 2.67388E-04
0.62 2.9600E+01 2.94003E-04
0.62 3.0600E+01 3.02020E-04
0.62 3.1600E+01 3.24107E-04
0.62 3.2600E+01 3.25159E-04
0.62 3.3600E+01 3.28585E-04
0.62 3.4600E+01 3.34316E-04
0.62 4.0000E+01 3.25301E-04
0.62 4.5000E+01 3.09893E-04
0.62 5.0000E+01 2.89358E-04
0.62 5.5000E+01 2.65076E-04
0.62 6.0000E+01 2.54623E-04
0.62 6.5000E+01 2.33577E-04
0.62 7.0000E+01 2.15361E-04
0.62 7.5000E+01 1.98472E-04
0.62 8.0000E+01 1.85165E-04
0.62 8.5000E+01 1.74448E-04
0.62 1.0000E+02 1.41561E-04
0.62 1.1000E+02 1.25779E-04
0.62 1.2000E+02 1.12766E-04
0.62 1.3000E+02 1.00238E-04
0.62 1.4000E+02 9.11328E-05
0.62 1.5000E+02 8.14770E-05
0.62 1.6000E+02 7.50096E-05
0.62 1.7000E+02 6.80506E-05
0.62 1.8000E+02 6.24961E-05
0.62 1.9000E+02 5.76424E-05
0.62 2.1000E+02 4.90968E-05
0.62 2.3000E+02 4.27696E-05
0.62 2.5000E+02 3.71080E-05
0.62 2.7000E+02 3.29004E-05
0.62 2.9000E+02 2.92415E-05
0.62 3.1000E+02 2.60817E-05
0.62 3.3000E+02 2.34795E-05
0.62 3.5000E+02 2.12871E-05
0.62 3.7000E+02 1.93546E-05
0.62 3.9000E+02 1.76916E-05
0.62 4.3000E+02 1.49001E-05
0.62 4.7000E+02 1.27840E-05
0.62 5.1000E+02 1.10736E-05 


0.63 2.5600E+01 1.92809E-04
0.63 2.6600E+01 2.26357E-04
0.63 2.7600E+01 2.64833E-04
0.63 2.8600E+01 2.93708E-04
0.63 2.9600E+01 3.00527E-04
0.63 3.0600E+01 3.05867E-04
0.63 3.1600E+01 3.13246E-04
0.63 3.2600E+01 3.27067E-04
0.63 3.3600E+01 3.34422E-04
0.63 3.4600E+01 3.32937E-04
0.63 4.0000E+01 3.27693E-04
0.63 4.5000E+01 3.03147E-04
0.63 5.0000E+01 2.84583E-04
0.63 5.5000E+01 2.68455E-04
0.63 6.0000E+01 2.48627E-04
0.63 6.5000E+01 2.29115E-04
0.63 7.0000E+01 2.13769E-04
0.63 7.5000E+01 1.99468E-04
0.63 8.0000E+01 1.87962E-04
0.63 8.5000E+01 1.73296E-04
0.63 1.0000E+02 1.42959E-04
0.63 1.1000E+02 1.26732E-04
0.63 1.2000E+02 1.12370E-04
0.63 1.3000E+02 1.00636E-04
0.63 1.4000E+02 9.08739E-05
0.63 1.5000E+02 8.20049E-05
0.63 1.6000E+02 7.49481E-05
0.63 1.7000E+02 6.83481E-05
0.63 1.8000E+02 6.23076E-05
0.63 1.9000E+02 5.76092E-05
0.63 2.1000E+02 4.92648E-05
0.63 2.3000E+02 4.25952E-05
0.63 2.5000E+02 3.73759E-05
0.63 2.7000E+02 3.28035E-05
0.63 2.9000E+02 2.92848E-05
0.63 3.1000E+02 2.61146E-05
0.63 3.3000E+02 2.34685E-05
0.63 3.5000E+02 2.12614E-05
0.63 3.7000E+02 1.93712E-05
0.63 3.9000E+02 1.77032E-05
0.63 4.3000E+02 1.49170E-05
0.63 4.7000E+02 1.27453E-05
0.63 5.1000E+02 1.11203E-05 


0.64 2.5600E+01 1.73062E-04
0.64 2.6600E+01 2.11418E-04
0.64 2.7600E+01 2.60835E-04
0.64 2.8600E+01 2.79230E-04
0.64 2.9600E+01 2.88869E-04
0.64 3.0600E+01 3.18181E-04
0.64 3.1600E+01 3.16474E-04
0.64 3.2600E+01 3.18455E-04
0.64 3.3600E+01 3.21234E-04
0.64 3.4600E+01 3.23472E-04
0.64 4.0000E+01 3.20938E-04
0.64 4.5000E+01 3.09092E-04
0.64 5.0000E+01 2.86685E-04
0.64 5.5000E+01 2.69283E-04
0.64 6.0000E+01 2.51320E-04
0.64 6.5000E+01 2.30797E-04
0.64 7.0000E+01 2.15804E-04
0.64 7.5000E+01 2.01315E-04
0.64 8.0000E+01 1.86455E-04
0.64 8.5000E+01 1.72282E-04
0.64 1.0000E+02 1.43266E-04
0.64 1.1000E+02 1.27114E-04
0.64 1.2000E+02 1.11856E-04
0.64 1.3000E+02 1.01011E-04
0.64 1.4000E+02 9.04369E-05
0.64 1.5000E+02 8.24714E-05
0.64 1.6000E+02 7.41999E-05
0.64 1.7000E+02 6.85565E-05
0.64 1.8000E+02 6.24434E-05
0.64 1.9000E+02 5.75343E-05
0.64 2.1000E+02 4.93863E-05
0.64 2.3000E+02 4.24781E-05
0.64 2.5000E+02 3.74448E-05
0.64 2.7000E+02 3.26019E-05
0.64 2.9000E+02 2.92867E-05
0.64 3.1000E+02 2.61558E-05
0.64 3.3000E+02 2.34948E-05
0.64 3.5000E+02 2.12533E-05
0.64 3.7000E+02 1.93534E-05
0.64 3.9000E+02 1.77018E-05
0.64 4.3000E+02 1.49449E-05
0.64 4.7000E+02 1.27663E-05
0.64 5.1000E+02 1.10863E-05 


0.65 2.5600E+01 1.74192E-04
0.65 2.6600E+01 2.29989E-04
0.65 2.7600E+01 2.47378E-04
0.65 2.8600E+01 2.68110E-04
0.65 2.9600E+01 3.02106E-04
0.65 3.0600E+01 3.06133E-04
0.65 3.1600E+01 3.27685E-04
0.65 3.2600E+01 3.28988E-04
0.65 3.3600E+01 3.29706E-04
0.65 3.4600E+01 3.35604E-04
0.65 4.0000E+01 3.26704E-04
0.65 4.5000E+01 3.10652E-04
0.65 5.0000E+01 2.89340E-04
0.65 5.5000E+01 2.63057E-04
0.65 6.0000E+01 2.54795E-04
0.65 6.5000E+01 2.34669E-04
0.65 7.0000E+01 2.17381E-04
0.65 7.5000E+01 2.00419E-04
0.65 8.0000E+01 1.85411E-04
0.65 8.5000E+01 1.73896E-04
0.65 1.0000E+02 1.42500E-04
0.65 1.1000E+02 1.25519E-04
0.65 1.2000E+02 1.12075E-04
0.65 1.3000E+02 1.01003E-04
0.65 1.4000E+02 9.04532E-05
0.65 1.5000E+02 8.23506E-05
0.65 1.6000E+02 7.45075E-05
0.65 1.7000E+02 6.85519E-05
0.65 1.8000E+02 6.27079E-05
0.65 1.9000E+02 5.74528E-05
0.65 2.1000E+02 4.94030E-05
0.65 2.3000E+02 4.25344E-05
0.65 2.5000E+02 3.73610E-05
0.65 2.7000E+02 3.28751E-05
0.65 2.9000E+02 2.92198E-05
0.65 3.1000E+02 2.62297E-05
0.65 3.3000E+02 2.35317E-05
0.65 3.5000E+02 2.12641E-05
0.65 3.7000E+02 1.93438E-05
0.65 3.9000E+02 1.76773E-05
0.65 4.3000E+02 1.49519E-05
0.65 4.7000E+02 1.27700E-05
0.65 5.1000E+02 1.10783E-05 


