0.40 2.5600E+01   NaN
0.40 2.6600E+01   NaN
0.40 2.7600E+01   NaN
0.40 2.8600E+01   NaN
0.40 2.9600E+01   NaN
0.40 3.0600E+01   NaN
0.40 3.1600E+01   NaN
0.40 3.2600E+01   NaN
0.40 3.3600E+01   NaN
0.40 3.4600E+01   NaN
0.40 4.0000E+01   NaN
0.40 4.5000E+01   NaN
0.40 5.0000E+01   NaN
0.40 5.5000E+01   NaN
0.40 6.0000E+01   NaN
0.40 6.5000E+01 3.40940E-06
0.40 7.0000E+01 3.30053E-07
0.40 7.5000E+01 1.51499E-07
0.40 8.0000E+01 2.35898E-07
0.40 8.5000E+01 2.00383E-07
0.40 1.0000E+02 1.31904E-07
0.40 1.1000E+02 9.38699E-08
0.40 1.2000E+02 7.84669E-08
0.40 1.3000E+02 5.72923E-08
0.40 1.4000E+02 5.47364E-08
0.40 1.5000E+02 4.95420E-08
0.40 1.6000E+02 3.82437E-08
0.40 1.7000E+02 3.57468E-08
0.40 1.8000E+02 3.83263E-08
0.40 1.9000E+02 2.59039E-08
0.40 2.1000E+02 1.96199E-08
0.40 2.3000E+02 2.18913E-08
0.40 2.5000E+02 1.46784E-08
0.40 2.7000E+02 1.19852E-08
0.40 2.9000E+02 9.44570E-09
0.40 3.1000E+02 6.87464E-09
0.40 3.3000E+02 7.07319E-09
0.40 3.5000E+02 6.06726E-09
0.40 3.7000E+02 3.04722E-08
0.40 3.9000E+02 4.31322E-09
0.40 4.3000E+02 2.53992E-09
0.40 4.7000E+02 2.80400E-09
0.40 5.1000E+02 1.15920E-09 


0.41 2.5600E+01   NaN
0.41 2.6600E+01   NaN
0.41 2.7600E+01   NaN
0.41 2.8600E+01   NaN
0.41 2.9600E+01   NaN
0.41 3.0600E+01   NaN
0.41 3.1600E+01   NaN
0.41 3.2600E+01   NaN
0.41 3.3600E+01   NaN
0.41 3.4600E+01   NaN
0.41 4.0000E+01   NaN
0.41 4.5000E+01   NaN
0.41 5.0000E+01   NaN
0.41 5.5000E+01   NaN
0.41 6.0000E+01   NaN
0.41 6.5000E+01 4.93321E-06
0.41 7.0000E+01 1.96388E-07
0.41 7.5000E+01 2.97671E-07
0.41 8.0000E+01 1.69203E-07
0.41 8.5000E+01 2.04380E-07
0.41 1.0000E+02 1.27141E-07
0.41 1.1000E+02 7.44483E-08
0.41 1.2000E+02 7.78701E-08
0.41 1.3000E+02 5.49760E-08
0.41 1.4000E+02 4.79370E-08
0.41 1.5000E+02 4.49716E-08
0.41 1.6000E+02 3.68833E-08
0.41 1.7000E+02 2.90724E-08
0.41 1.8000E+02 2.97548E-08
0.41 1.9000E+02 2.40623E-08
0.41 2.1000E+02 1.85337E-08
0.41 2.3000E+02 8.82935E-09
0.41 2.5000E+02 1.52443E-08
0.41 2.7000E+02 7.46817E-09
0.41 2.9000E+02 9.11682E-09
0.41 3.1000E+02 7.23844E-09
0.41 3.3000E+02 5.60816E-09
0.41 3.5000E+02 3.85961E-09
0.41 3.7000E+02 3.31163E-09
0.41 3.9000E+02 3.00497E-09
0.41 4.3000E+02 2.43121E-09
0.41 4.7000E+02 1.45737E-09
0.41 5.1000E+02 9.10376E-10 


0.42 2.5600E+01   NaN
0.42 2.6600E+01   NaN
0.42 2.7600E+01   NaN
0.42 2.8600E+01   NaN
0.42 2.9600E+01   NaN
0.42 3.0600E+01   NaN
0.42 3.1600E+01   NaN
0.42 3.2600E+01   NaN
0.42 3.3600E+01   NaN
0.42 3.4600E+01   NaN
0.42 4.0000E+01   NaN
0.42 4.5000E+01   NaN
0.42 5.0000E+01   NaN
0.42 5.5000E+01   NaN
0.42 6.0000E+01   NaN
0.42 6.5000E+01 5.84575E-07
0.42 7.0000E+01 8.28171E-07
0.42 7.5000E+01 1.25961E-07
0.42 8.0000E+01 1.73188E-07
0.42 8.5000E+01 2.16772E-07
0.42 1.0000E+02 1.04700E-07
0.42 1.1000E+02 1.04015E-07
0.42 1.2000E+02 5.67755E-08
0.42 1.3000E+02 6.23272E-08
0.42 1.4000E+02 3.98087E-08
0.42 1.5000E+02 3.68977E-08
0.42 1.6000E+02 3.76557E-08
0.42 1.7000E+02 2.78187E-08
0.42 1.8000E+02 2.39998E-08
0.42 1.9000E+02 2.42973E-08
0.42 2.1000E+02 1.88063E-08
0.42 2.3000E+02 1.38863E-08
0.42 2.5000E+02 1.18026E-08
0.42 2.7000E+02 9.96524E-09
0.42 2.9000E+02 8.57414E-09
0.42 3.1000E+02 6.25935E-09
0.42 3.3000E+02 4.91938E-09
0.42 3.5000E+02 3.23556E-09
0.42 3.7000E+02 3.25299E-09
0.42 3.9000E+02 3.49693E-09
0.42 4.3000E+02 2.44811E-09
0.42 4.7000E+02 1.61283E-09
0.42 5.1000E+02 1.28274E-09 


0.43 2.5600E+01   NaN
0.43 2.6600E+01   NaN
0.43 2.7600E+01   NaN
0.43 2.8600E+01   NaN
0.43 2.9600E+01   NaN
0.43 3.0600E+01   NaN
0.43 3.1600E+01   NaN
0.43 3.2600E+01   NaN
0.43 3.3600E+01   NaN
0.43 3.4600E+01   NaN
0.43 4.0000E+01   NaN
0.43 4.5000E+01   NaN
0.43 5.0000E+01   NaN
0.43 5.5000E+01   NaN
0.43 6.0000E+01   NaN
0.43 6.5000E+01 4.83852E-07
0.43 7.0000E+01 2.41697E-07
0.43 7.5000E+01 2.69214E-07
0.43 8.0000E+01 2.20575E-07
0.43 8.5000E+01 2.15080E-07
0.43 1.0000E+02 1.08021E-07
0.43 1.1000E+02 8.53936E-08
0.43 1.2000E+02 6.52148E-08
0.43 1.3000E+02 5.78872E-08
0.43 1.4000E+02 3.87842E-08
0.43 1.5000E+02 3.55302E-08
0.43 1.6000E+02 3.05944E-08
0.43 1.7000E+02 2.73081E-08
0.43 1.8000E+02 2.13747E-08
0.43 1.9000E+02 1.97388E-08
0.43 2.1000E+02 1.76950E-08
0.43 2.3000E+02 1.30904E-08
0.43 2.5000E+02 9.89391E-09
0.43 2.7000E+02 8.62791E-09
0.43 2.9000E+02 7.58298E-09
0.43 3.1000E+02 6.41576E-09
0.43 3.3000E+02 5.51839E-09
0.43 3.5000E+02 4.59361E-09
0.43 3.7000E+02 3.05465E-09
0.43 3.9000E+02 2.34423E-09
0.43 4.3000E+02 1.91091E-07
0.43 4.7000E+02 1.89049E-09
0.43 5.1000E+02 7.99099E-10 


0.44 2.5600E+01   NaN
0.44 2.6600E+01   NaN
0.44 2.7600E+01   NaN
0.44 2.8600E+01   NaN
0.44 2.9600E+01   NaN
0.44 3.0600E+01   NaN
0.44 3.1600E+01   NaN
0.44 3.2600E+01   NaN
0.44 3.3600E+01   NaN
0.44 3.4600E+01   NaN
0.44 4.0000E+01   NaN
0.44 4.5000E+01   NaN
0.44 5.0000E+01   NaN
0.44 5.5000E+01   NaN
0.44 6.0000E+01   NaN
0.44 6.5000E+01 1.37705E-07
0.44 7.0000E+01 1.78509E-07
0.44 7.5000E+01 2.27237E-07
0.44 8.0000E+01 1.51332E-07
0.44 8.5000E+01 1.88470E-07
0.44 1.0000E+02 1.12929E-07
0.44 1.1000E+02 7.11670E-08
0.44 1.2000E+02 5.98355E-08
0.44 1.3000E+02 4.06618E-08
0.44 1.4000E+02 3.87241E-08
0.44 1.5000E+02 3.19694E-08
0.44 1.6000E+02 2.34647E-08
0.44 1.7000E+02 2.43211E-08
0.44 1.8000E+02 1.86309E-08
0.44 1.9000E+02 1.53149E-08
0.44 2.1000E+02 1.53669E-08
0.44 2.3000E+02 1.26009E-08
0.44 2.5000E+02 6.05007E-09
0.44 2.7000E+02 6.80214E-09
0.44 2.9000E+02 6.26090E-09
0.44 3.1000E+02 2.85430E-09
0.44 3.3000E+02 4.29581E-09
0.44 3.5000E+02 3.49713E-09
0.44 3.7000E+02 1.83019E-09
0.44 3.9000E+02 2.49886E-09
0.44 4.3000E+02 8.36747E-09
0.44 4.7000E+02 9.12203E-10
0.44 5.1000E+02 6.34462E-10 


0.45 2.5600E+01   NaN
0.45 2.6600E+01   NaN
0.45 2.7600E+01   NaN
0.45 2.8600E+01   NaN
0.45 2.9600E+01   NaN
0.45 3.0600E+01   NaN
0.45 3.1600E+01   NaN
0.45 3.2600E+01   NaN
0.45 3.3600E+01   NaN
0.45 3.4600E+01   NaN
0.45 4.0000E+01   NaN
0.45 4.5000E+01   NaN
0.45 5.0000E+01   NaN
0.45 5.5000E+01   NaN
0.45 6.0000E+01   NaN
0.45 6.5000E+01 3.38369E-07
0.45 7.0000E+01 2.00148E-07
0.45 7.5000E+01 1.56093E-07
0.45 8.0000E+01 2.46658E-07
0.45 8.5000E+01 1.91152E-07
0.45 1.0000E+02 7.66315E-08
0.45 1.1000E+02 6.59393E-08
0.45 1.2000E+02 4.69482E-08
0.45 1.3000E+02 3.83212E-08
0.45 1.4000E+02 3.28219E-08
0.45 1.5000E+02 1.91218E-08
0.45 1.6000E+02 1.89888E-08
0.45 1.7000E+02 1.39884E-08
0.45 1.8000E+02 1.17027E-08
0.45 1.9000E+02 8.06254E-09
0.45 2.1000E+02 8.14084E-09
0.45 2.3000E+02 9.07440E-09
0.45 2.5000E+02 2.50258E-09
0.45 2.7000E+02 1.15304E-08
0.45 2.9000E+02 4.25632E-09
0.45 3.1000E+02 5.17362E-09
0.45 3.3000E+02 3.42450E-09
0.45 3.5000E+02 1.52200E-09
0.45 3.7000E+02 1.02424E-07
0.45 3.9000E+02 1.55058E-09
0.45 4.3000E+02 1.16005E-09
0.45 4.7000E+02 1.28035E-09
0.45 5.1000E+02 1.05386E-09 


0.46 2.5600E+01   NaN
0.46 2.6600E+01   NaN
0.46 2.7600E+01   NaN
0.46 2.8600E+01   NaN
0.46 2.9600E+01   NaN
0.46 3.0600E+01   NaN
0.46 3.1600E+01   NaN
0.46 3.2600E+01   NaN
0.46 3.3600E+01   NaN
0.46 3.4600E+01   NaN
0.46 4.0000E+01   NaN
0.46 4.5000E+01   NaN
0.46 5.0000E+01   NaN
0.46 5.5000E+01   NaN
0.46 6.0000E+01   NaN
0.46 6.5000E+01 9.83175E-08
0.46 7.0000E+01 3.49554E-07
0.46 7.5000E+01 7.02739E-07
0.46 8.0000E+01 9.69710E-09
0.46 8.5000E+01 5.76601E-07
0.46 1.0000E+02 1.03500E-06
0.46 1.1000E+02 1.08746E-06
0.46 1.2000E+02 1.39253E-06
0.46 1.3000E+02 1.25556E-06
0.46 1.4000E+02 1.48790E-06
0.46 1.5000E+02 1.21970E-06
0.46 1.6000E+02 1.03281E-06
0.46 1.7000E+02 9.07326E-07
0.46 1.8000E+02 9.32901E-07
0.46 1.9000E+02 8.68067E-07
0.46 2.1000E+02 5.30663E-07
0.46 2.3000E+02 2.68357E-07
0.46 2.5000E+02 4.65870E-07
0.46 2.7000E+02 1.29143E-07
0.46 2.9000E+02 2.16585E-07
0.46 3.1000E+02 1.08302E-07
0.46 3.3000E+02 5.52230E-08
0.46 3.5000E+02 4.89527E-08
0.46 3.7000E+02 2.05281E-07
0.46 3.9000E+02 3.56253E-08
0.46 4.3000E+02 3.36568E-08
0.46 4.7000E+02 2.90376E-08
0.46 5.1000E+02 2.17029E-08 


0.47 2.5600E+01   NaN
0.47 2.6600E+01   NaN
0.47 2.7600E+01   NaN
0.47 2.8600E+01   NaN
0.47 2.9600E+01   NaN
0.47 3.0600E+01   NaN
0.47 3.1600E+01   NaN
0.47 3.2600E+01   NaN
0.47 3.3600E+01   NaN
0.47 3.4600E+01   NaN
0.47 4.0000E+01   NaN
0.47 4.5000E+01   NaN
0.47 5.0000E+01   NaN
0.47 5.5000E+01   NaN
0.47 6.0000E+01   NaN
0.47 6.5000E+01 2.20098E-05
0.47 7.0000E+01 2.17168E-07
0.47 7.5000E+01 1.93632E-07
0.47 8.0000E+01 1.21966E-07
0.47 8.5000E+01 1.31505E-07
0.47 1.0000E+02 1.00194E-07
0.47 1.1000E+02 7.82607E-08
0.47 1.2000E+02 6.12042E-08
0.47 1.3000E+02 6.02042E-08
0.47 1.4000E+02 4.37291E-08
0.47 1.5000E+02 4.89285E-08
0.47 1.6000E+02 3.36082E-08
0.47 1.7000E+02 3.21876E-08
0.47 1.8000E+02 3.86647E-08
0.47 1.9000E+02 2.98548E-08
0.47 2.1000E+02 2.22186E-08
0.47 2.3000E+02 1.65806E-08
0.47 2.5000E+02 6.17527E-09
0.47 2.7000E+02 8.75027E-09
0.47 2.9000E+02 8.36546E-09
0.47 3.1000E+02 2.86932E-08
0.47 3.3000E+02 2.16532E-09
0.47 3.5000E+02 7.45380E-09
0.47 3.7000E+02 3.63199E-09
0.47 3.9000E+02 2.94664E-09
0.47 4.3000E+02 1.69096E-09
0.47 4.7000E+02 4.18340E-09
0.47 5.1000E+02 6.81367E-10 


0.48 2.5600E+01   NaN
0.48 2.6600E+01   NaN
0.48 2.7600E+01   NaN
0.48 2.8600E+01   NaN
0.48 2.9600E+01   NaN
0.48 3.0600E+01   NaN
0.48 3.1600E+01   NaN
0.48 3.2600E+01   NaN
0.48 3.3600E+01   NaN
0.48 3.4600E+01   NaN
0.48 4.0000E+01   NaN
0.48 4.5000E+01   NaN
0.48 5.0000E+01   NaN
0.48 5.5000E+01   NaN
0.48 6.0000E+01   NaN
0.48 6.5000E+01 2.07899E-06
0.48 7.0000E+01 1.71889E-07
0.48 7.5000E+01 1.55305E-07
0.48 8.0000E+01 1.10050E-07
0.48 8.5000E+01 1.24656E-07
0.48 1.0000E+02 8.72490E-08
0.48 1.1000E+02 6.51138E-08
0.48 1.2000E+02 5.13656E-08
0.48 1.3000E+02 4.30717E-08
0.48 1.4000E+02 3.69728E-08
0.48 1.5000E+02 3.23812E-08
0.48 1.6000E+02 1.92985E-07
0.48 1.7000E+02 2.53205E-08
0.48 1.8000E+02 2.65508E-08
0.48 1.9000E+02 2.41357E-08
0.48 2.1000E+02 1.55517E-08
0.48 2.3000E+02 1.18116E-08
0.48 2.5000E+02 1.04135E-08
0.48 2.7000E+02 3.76761E-09
0.48 2.9000E+02 5.83618E-09
0.48 3.1000E+02 5.31894E-09
0.48 3.3000E+02 4.61886E-08
0.48 3.5000E+02 8.77929E-09
0.48 3.7000E+02 1.93875E-09
0.48 3.9000E+02 2.42621E-09
0.48 4.3000E+02 2.07387E-09
0.48 4.7000E+02 1.31349E-09
0.48 5.1000E+02 9.27878E-10 


0.49 2.5600E+01   NaN
0.49 2.6600E+01   NaN
0.49 2.7600E+01   NaN
0.49 2.8600E+01   NaN
0.49 2.9600E+01   NaN
0.49 3.0600E+01   NaN
0.49 3.1600E+01   NaN
0.49 3.2600E+01   NaN
0.49 3.3600E+01   NaN
0.49 3.4600E+01   NaN
0.49 4.0000E+01   NaN
0.49 4.5000E+01   NaN
0.49 5.0000E+01   NaN
0.49 5.5000E+01   NaN
0.49 6.0000E+01   NaN
0.49 6.5000E+01 3.09617E-07
0.49 7.0000E+01 1.58015E-07
0.49 7.5000E+01 1.55528E-07
0.49 8.0000E+01 1.32455E-07
0.49 8.5000E+01 1.24809E-07
0.49 1.0000E+02 8.86101E-08
0.49 1.1000E+02 6.11862E-08
0.49 1.2000E+02 5.23902E-08
0.49 1.3000E+02 3.86774E-08
0.49 1.4000E+02 3.37528E-08
0.49 1.5000E+02 2.81304E-08
0.49 1.6000E+02 2.91544E-08
0.49 1.7000E+02 2.05563E-08
0.49 1.8000E+02 1.97086E-08
0.49 1.9000E+02 1.43270E-08
0.49 2.1000E+02 1.43325E-08
0.49 2.3000E+02 3.81960E-09
0.49 2.5000E+02 4.80297E-09
0.49 2.7000E+02 6.24425E-09
0.49 2.9000E+02 7.57583E-09
0.49 3.1000E+02 9.80733E-09
0.49 3.3000E+02 3.43574E-09
0.49 3.5000E+02 4.56120E-07
0.49 3.7000E+02 2.46774E-09
0.49 3.9000E+02 2.59544E-07
0.49 4.3000E+02 1.46147E-09
0.49 4.7000E+02 9.46118E-10
0.49 5.1000E+02 1.25097E-09 


0.50 2.5600E+01   NaN
0.50 2.6600E+01   NaN
0.50 2.7600E+01   NaN
0.50 2.8600E+01   NaN
0.50 2.9600E+01   NaN
0.50 3.0600E+01   NaN
0.50 3.1600E+01   NaN
0.50 3.2600E+01   NaN
0.50 3.3600E+01   NaN
0.50 3.4600E+01   NaN
0.50 4.0000E+01   NaN
0.50 4.5000E+01   NaN
0.50 5.0000E+01   NaN
0.50 5.5000E+01   NaN
0.50 6.0000E+01   NaN
0.50 6.5000E+01 1.53913E-08
0.50 7.0000E+01 2.06452E-07
0.50 7.5000E+01 1.27700E-07
0.50 8.0000E+01 1.68311E-07
0.50 8.5000E+01 1.24769E-07
0.50 1.0000E+02 7.46698E-08
0.50 1.1000E+02 5.73810E-08
0.50 1.2000E+02 5.13833E-08
0.50 1.3000E+02 3.84504E-08
0.50 1.4000E+02 3.33057E-08
0.50 1.5000E+02 2.11854E-08
0.50 1.6000E+02 2.28518E-08
0.50 1.7000E+02 2.21802E-08
0.50 1.8000E+02 1.64473E-08
0.50 1.9000E+02 1.50754E-08
0.50 2.1000E+02 1.39454E-08
0.50 2.3000E+02 2.24753E-08
0.50 2.5000E+02 8.51772E-09
0.50 2.7000E+02 8.44687E-09
0.50 2.9000E+02 3.69769E-09
0.50 3.1000E+02 2.69253E-09
0.50 3.3000E+02 2.03548E-09
0.50 3.5000E+02 3.56719E-09
0.50 3.7000E+02 3.59305E-09
0.50 3.9000E+02 2.10006E-09
0.50 4.3000E+02 1.39937E-09
0.50 4.7000E+02 9.98661E-10
0.50 5.1000E+02 9.60364E-10 


0.51 2.5600E+01   NaN
0.51 2.6600E+01   NaN
0.51 2.7600E+01   NaN
0.51 2.8600E+01   NaN
0.51 2.9600E+01   NaN
0.51 3.0600E+01   NaN
0.51 3.1600E+01   NaN
0.51 3.2600E+01   NaN
0.51 3.3600E+01   NaN
0.51 3.4600E+01   NaN
0.51 4.0000E+01   NaN
0.51 4.5000E+01   NaN
0.51 5.0000E+01   NaN
0.51 5.5000E+01   NaN
0.51 6.0000E+01   NaN
0.51 6.5000E+01 6.48803E-08
0.51 7.0000E+01 1.80486E-07
0.51 7.5000E+01 1.44954E-07
0.51 8.0000E+01 1.47410E-07
0.51 8.5000E+01 1.38739E-07
0.51 1.0000E+02 8.36717E-08
0.51 1.1000E+02 5.72862E-08
0.51 1.2000E+02 4.35617E-08
0.51 1.3000E+02 3.73717E-08
0.51 1.4000E+02 3.59982E-08
0.51 1.5000E+02 2.30429E-08
0.51 1.6000E+02 1.99001E-08
0.51 1.7000E+02 2.04742E-08
0.51 1.8000E+02 1.56951E-08
0.51 1.9000E+02 1.40529E-08
0.51 2.1000E+02 1.32502E-08
0.51 2.3000E+02 1.43873E-08
0.51 2.5000E+02 7.11716E-09
0.51 2.7000E+02 6.03785E-09
0.51 2.9000E+02 4.78836E-09
0.51 3.1000E+02 5.55859E-09
0.51 3.3000E+02 3.25131E-10
0.51 3.5000E+02 3.75734E-09
0.51 3.7000E+02 2.07681E-09
0.51 3.9000E+02 2.47131E-09
0.51 4.3000E+02 1.55959E-09
0.51 4.7000E+02 9.48908E-10
0.51 5.1000E+02 6.60204E-10 


0.52 2.5600E+01   NaN
0.52 2.6600E+01   NaN
0.52 2.7600E+01   NaN
0.52 2.8600E+01   NaN
0.52 2.9600E+01   NaN
0.52 3.0600E+01   NaN
0.52 3.1600E+01   NaN
0.52 3.2600E+01   NaN
0.52 3.3600E+01   NaN
0.52 3.4600E+01   NaN
0.52 4.0000E+01   NaN
0.52 4.5000E+01   NaN
0.52 5.0000E+01   NaN
0.52 5.5000E+01   NaN
0.52 6.0000E+01   NaN
0.52 6.5000E+01 1.34408E-07
0.52 7.0000E+01 1.41828E-07
0.52 7.5000E+01 1.65779E-07
0.52 8.0000E+01 1.02512E-07
0.52 8.5000E+01 1.49427E-07
0.52 1.0000E+02 6.33081E-08
0.52 1.1000E+02 7.34854E-08
0.52 1.2000E+02 3.70841E-08
0.52 1.3000E+02 3.54105E-08
0.52 1.4000E+02 2.72151E-08
0.52 1.5000E+02 2.12960E-08
0.52 1.6000E+02 1.88498E-08
0.52 1.7000E+02 1.60007E-08
0.52 1.8000E+02 1.86923E-08
0.52 1.9000E+02 1.27422E-08
0.52 2.1000E+02 1.05710E-08
0.52 2.3000E+02 8.90453E-09
0.52 2.5000E+02 1.27901E-08
0.52 2.7000E+02 4.87707E-09
0.52 2.9000E+02 3.81246E-09
0.52 3.1000E+02 3.61521E-09
0.52 3.3000E+02 1.36800E-09
0.52 3.5000E+02 3.38313E-09
0.52 3.7000E+02 2.09759E-08
0.52 3.9000E+02 1.12929E-09
0.52 4.3000E+02 1.43833E-09
0.52 4.7000E+02 1.17099E-09
0.52 5.1000E+02 8.13391E-10 


0.53 2.5600E+01   NaN
0.53 2.6600E+01   NaN
0.53 2.7600E+01   NaN
0.53 2.8600E+01   NaN
0.53 2.9600E+01   NaN
0.53 3.0600E+01   NaN
0.53 3.1600E+01   NaN
0.53 3.2600E+01   NaN
0.53 3.3600E+01   NaN
0.53 3.4600E+01   NaN
0.53 4.0000E+01   NaN
0.53 4.5000E+01   NaN
0.53 5.0000E+01   NaN
0.53 5.5000E+01   NaN
0.53 6.0000E+01   NaN
0.53 6.5000E+01 5.19384E-08
0.53 7.0000E+01 1.40838E-07
0.53 7.5000E+01 1.99310E-07
0.53 8.0000E+01 1.40664E-07
0.53 8.5000E+01 1.73603E-07
0.53 1.0000E+02 6.63182E-08
0.53 1.1000E+02 5.21727E-08
0.53 1.2000E+02 3.06081E-08
0.53 1.3000E+02 3.19292E-08
0.53 1.4000E+02 2.39789E-08
0.53 1.5000E+02 2.32788E-08
0.53 1.6000E+02 1.32092E-08
0.53 1.7000E+02 1.12101E-08
0.53 1.8000E+02 1.25948E-08
0.53 1.9000E+02 1.07767E-08
0.53 2.1000E+02 7.69275E-09
0.53 2.3000E+02 6.99168E-09
0.53 2.5000E+02 8.67748E-09
0.53 2.7000E+02 4.84441E-09
0.53 2.9000E+02 3.76841E-09
0.53 3.1000E+02 2.51614E-09
0.53 3.3000E+02 4.91195E-09
0.53 3.5000E+02 1.44309E-09
0.53 3.7000E+02 8.71484E-10
0.53 3.9000E+02 1.64622E-09
0.53 4.3000E+02 1.35224E-09
0.53 4.7000E+02 9.28583E-10
0.53 5.1000E+02 5.48350E-10 


0.54 2.5600E+01   NaN
0.54 2.6600E+01   NaN
0.54 2.7600E+01   NaN
0.54 2.8600E+01   NaN
0.54 2.9600E+01   NaN
0.54 3.0600E+01   NaN
0.54 3.1600E+01   NaN
0.54 3.2600E+01   NaN
0.54 3.3600E+01   NaN
0.54 3.4600E+01   NaN
0.54 4.0000E+01   NaN
0.54 4.5000E+01   NaN
0.54 5.0000E+01   NaN
0.54 5.5000E+01   NaN
0.54 6.0000E+01   NaN
0.54 6.5000E+01 9.02037E-09
0.54 7.0000E+01 1.79451E-07
0.54 7.5000E+01 1.46242E-07
0.54 8.0000E+01 3.10154E-07
0.54 8.5000E+01 1.29431E-07
0.54 1.0000E+02 2.71528E-08
0.54 1.1000E+02 3.86662E-08
0.54 1.2000E+02 5.09495E-08
0.54 1.3000E+02 3.08288E-08
0.54 1.4000E+02 2.46204E-08
0.54 1.5000E+02 1.54230E-08
0.54 1.6000E+02 2.29760E-08
0.54 1.7000E+02 7.41841E-09
0.54 1.8000E+02 1.55476E-09
0.54 1.9000E+02 1.65246E-09
0.54 2.1000E+02 5.79253E-10
0.54 2.3000E+02 3.30648E-10
0.54 2.5000E+02 9.97508E-10
0.54 2.7000E+02 1.27173E-09
0.54 2.9000E+02 5.21990E-10
0.54 3.1000E+02 5.37100E-10
0.54 3.3000E+02 1.22809E-10
0.54 3.5000E+02 2.14389E-08
0.54 3.7000E+02 3.27362E-11
0.54 3.9000E+02 1.78576E-10
0.54 4.3000E+02 3.47390E-10
0.54 4.7000E+02 2.70900E-11
0.54 5.1000E+02 2.03110E-11 


0.55 2.5600E+01   NaN
0.55 2.6600E+01   NaN
0.55 2.7600E+01   NaN
0.55 2.8600E+01   NaN
0.55 2.9600E+01   NaN
0.55 3.0600E+01   NaN
0.55 3.1600E+01   NaN
0.55 3.2600E+01   NaN
0.55 3.3600E+01   NaN
0.55 3.4600E+01   NaN
0.55 4.0000E+01   NaN
0.55 4.5000E+01   NaN
0.55 5.0000E+01   NaN
0.55 5.5000E+01   NaN
0.55 6.0000E+01   NaN
0.55 6.5000E+01 2.04840E-07
0.55 7.0000E+01 3.35976E-07
0.55 7.5000E+01 2.70699E-07
0.55 8.0000E+01 1.03607E-07
0.55 8.5000E+01 2.00661E-07
0.55 1.0000E+02 1.64289E-07
0.55 1.1000E+02 1.18592E-07
0.55 1.2000E+02 6.04172E-08
0.55 1.3000E+02 1.10929E-07
0.55 1.4000E+02 8.67866E-08
0.55 1.5000E+02 7.63321E-08
0.55 1.6000E+02 1.47403E-07
0.55 1.7000E+02 9.05367E-08
0.55 1.8000E+02 6.42366E-08
0.55 1.9000E+02 7.09661E-08
0.55 2.1000E+02 5.40407E-08
0.55 2.3000E+02 2.11444E-08
0.55 2.5000E+02 2.22912E-08
0.55 2.7000E+02 1.53075E-08
0.55 2.9000E+02 1.03115E-08
0.55 3.1000E+02 1.79456E-08
0.55 3.3000E+02 7.55511E-09
0.55 3.5000E+02 1.81206E-08
0.55 3.7000E+02 2.29921E-08
0.55 3.9000E+02 3.08934E-09
0.55 4.3000E+02 1.96459E-08
0.55 4.7000E+02 2.83299E-09
0.55 5.1000E+02 2.24296E-09 


0.56 2.5600E+01   NaN
0.56 2.6600E+01   NaN
0.56 2.7600E+01   NaN
0.56 2.8600E+01   NaN
0.56 2.9600E+01   NaN
0.56 3.0600E+01   NaN
0.56 3.1600E+01   NaN
0.56 3.2600E+01   NaN
0.56 3.3600E+01   NaN
0.56 3.4600E+01   NaN
0.56 4.0000E+01   NaN
0.56 4.5000E+01   NaN
0.56 5.0000E+01   NaN
0.56 5.5000E+01   NaN
0.56 6.0000E+01   NaN
0.56 6.5000E+01 1.57465E-07
0.56 7.0000E+01 1.24180E-08
0.56 7.5000E+01 4.14235E-07
0.56 8.0000E+01 1.97673E-07
0.56 8.5000E+01 1.14535E-07
0.56 1.0000E+02 1.28222E-07
0.56 1.1000E+02 1.19171E-07
0.56 1.2000E+02 7.10917E-08
0.56 1.3000E+02 1.11567E-07
0.56 1.4000E+02 5.07634E-08
0.56 1.5000E+02 5.68078E-08
0.56 1.6000E+02 2.57315E-08
0.56 1.7000E+02 5.40598E-08
0.56 1.8000E+02 1.01740E-08
0.56 1.9000E+02 3.33620E-08
0.56 2.1000E+02 2.15356E-08
0.56 2.3000E+02 1.98466E-08
0.56 2.5000E+02 1.21999E-08
0.56 2.7000E+02 1.13878E-08
0.56 2.9000E+02 9.38383E-09
0.56 3.1000E+02 2.61389E-09
0.56 3.3000E+02 4.91561E-09
0.56 3.5000E+02 5.90907E-09
0.56 3.7000E+02 4.79438E-09
0.56 3.9000E+02 4.70871E-09
0.56 4.3000E+02 2.63222E-09
0.56 4.7000E+02 1.71741E-09
0.56 5.1000E+02 1.42921E-09 


0.57 2.5600E+01   NaN
0.57 2.6600E+01   NaN
0.57 2.7600E+01   NaN
0.57 2.8600E+01   NaN
0.57 2.9600E+01   NaN
0.57 3.0600E+01   NaN
0.57 3.1600E+01   NaN
0.57 3.2600E+01   NaN
0.57 3.3600E+01   NaN
0.57 3.4600E+01   NaN
0.57 4.0000E+01   NaN
0.57 4.5000E+01   NaN
0.57 5.0000E+01   NaN
0.57 5.5000E+01   NaN
0.57 6.0000E+01   NaN
0.57 6.5000E+01 2.62848E-07
0.57 7.0000E+01 4.30920E-07
0.57 7.5000E+01 2.84371E-07
0.57 8.0000E+01 2.47693E-07
0.57 8.5000E+01 1.31501E-07
0.57 1.0000E+02 9.32713E-08
0.57 1.1000E+02 1.40793E-07
0.57 1.2000E+02 8.83183E-08
0.57 1.3000E+02 1.18087E-07
0.57 1.4000E+02 5.38743E-08
0.57 1.5000E+02 5.04210E-08
0.57 1.6000E+02 2.61198E-08
0.57 1.7000E+02 4.27475E-08
0.57 1.8000E+02 4.46747E-08
0.57 1.9000E+02 3.23509E-08
0.57 2.1000E+02 1.77020E-08
0.57 2.3000E+02 2.01738E-08
0.57 2.5000E+02 1.14372E-08
0.57 2.7000E+02 2.21515E-08
0.57 2.9000E+02 2.89306E-08
0.57 3.1000E+02 7.71670E-09
0.57 3.3000E+02 1.80712E-08
0.57 3.5000E+02 8.64957E-09
0.57 3.7000E+02 2.97936E-09
0.57 3.9000E+02 4.24791E-09
0.57 4.3000E+02 3.02081E-09
0.57 4.7000E+02 8.93947E-10
0.57 5.1000E+02 1.28722E-09 


0.58 2.5600E+01   NaN
0.58 2.6600E+01   NaN
0.58 2.7600E+01   NaN
0.58 2.8600E+01   NaN
0.58 2.9600E+01   NaN
0.58 3.0600E+01   NaN
0.58 3.1600E+01   NaN
0.58 3.2600E+01   NaN
0.58 3.3600E+01   NaN
0.58 3.4600E+01   NaN
0.58 4.0000E+01   NaN
0.58 4.5000E+01   NaN
0.58 5.0000E+01   NaN
0.58 5.5000E+01   NaN
0.58 6.0000E+01   NaN
0.58 6.5000E+01 3.44213E-07
0.58 7.0000E+01 4.31574E-07
0.58 7.5000E+01 1.14870E-07
0.58 8.0000E+01 2.81962E-07
0.58 8.5000E+01 2.41326E-07
0.58 1.0000E+02 8.38242E-08
0.58 1.1000E+02 1.34973E-07
0.58 1.2000E+02 8.76981E-08
0.58 1.3000E+02 1.68427E-08
0.58 1.4000E+02 6.61700E-08
0.58 1.5000E+02 4.10489E-08
0.58 1.6000E+02 3.89187E-08
0.58 1.7000E+02 2.79203E-08
0.58 1.8000E+02 3.35264E-08
0.58 1.9000E+02 3.54083E-08
0.58 2.1000E+02 1.65712E-08
0.58 2.3000E+02 1.88809E-08
0.58 2.5000E+02 1.03004E-08
0.58 2.7000E+02 1.11465E-08
0.58 2.9000E+02 5.92086E-09
0.58 3.1000E+02 6.58334E-09
0.58 3.3000E+02 5.74470E-09
0.58 3.5000E+02 5.34183E-09
0.58 3.7000E+02 3.51519E-09
0.58 3.9000E+02 3.97979E-09
0.58 4.3000E+02 2.64866E-09
0.58 4.7000E+02 1.45957E-09
0.58 5.1000E+02 1.03024E-09 


0.59 2.5600E+01   NaN
0.59 2.6600E+01   NaN
0.59 2.7600E+01   NaN
0.59 2.8600E+01   NaN
0.59 2.9600E+01   NaN
0.59 3.0600E+01   NaN
0.59 3.1600E+01   NaN
0.59 3.2600E+01   NaN
0.59 3.3600E+01   NaN
0.59 3.4600E+01   NaN
0.59 4.0000E+01   NaN
0.59 4.5000E+01   NaN
0.59 5.0000E+01   NaN
0.59 5.5000E+01   NaN
0.59 6.0000E+01   NaN
0.59 6.5000E+01 2.89082E-07
0.59 7.0000E+01 3.34328E-07
0.59 7.5000E+01 1.19745E-07
0.59 8.0000E+01 3.14743E-07
0.59 8.5000E+01 3.30905E-07
0.59 1.0000E+02 1.45996E-07
0.59 1.1000E+02 5.85668E-08
0.59 1.2000E+02 7.02681E-08
0.59 1.3000E+02 4.28057E-08
0.59 1.4000E+02 7.68636E-08
0.59 1.5000E+02 3.82119E-08
0.59 1.6000E+02 4.45806E-08
0.59 1.7000E+02 1.46955E-08
0.59 1.8000E+02 3.41610E-08
0.59 1.9000E+02 3.60292E-08
0.59 2.1000E+02 1.99596E-08
0.59 2.3000E+02 1.23947E-08
0.59 2.5000E+02 1.38467E-08
0.59 2.7000E+02 8.94742E-09
0.59 2.9000E+02 8.22260E-09
0.59 3.1000E+02 7.01275E-09
0.59 3.3000E+02 5.75014E-09
0.59 3.5000E+02 4.67069E-09
0.59 3.7000E+02 1.66099E-09
0.59 3.9000E+02 1.02685E-08
0.59 4.3000E+02 2.86865E-09
0.59 4.7000E+02 1.86739E-09
0.59 5.1000E+02 6.06367E-10 


0.60 2.5600E+01   NaN
0.60 2.6600E+01   NaN
0.60 2.7600E+01   NaN
0.60 2.8600E+01   NaN
0.60 2.9600E+01   NaN
0.60 3.0600E+01   NaN
0.60 3.1600E+01   NaN
0.60 3.2600E+01   NaN
0.60 3.3600E+01   NaN
0.60 3.4600E+01   NaN
0.60 4.0000E+01   NaN
0.60 4.5000E+01   NaN
0.60 5.0000E+01   NaN
0.60 5.5000E+01   NaN
0.60 6.0000E+01   NaN
0.60 6.5000E+01 1.17737E-07
0.60 7.0000E+01 1.85174E-06
0.60 7.5000E+01 7.48250E-07
0.60 8.0000E+01 1.12290E-07
0.60 8.5000E+01 3.77904E-07
0.60 1.0000E+02 3.11552E-07
0.60 1.1000E+02 5.84135E-08
0.60 1.2000E+02 6.49569E-08
0.60 1.3000E+02 6.26305E-08
0.60 1.4000E+02 4.92362E-08
0.60 1.5000E+02 4.16861E-08
0.60 1.6000E+02 3.91145E-08
0.60 1.7000E+02 2.79475E-08
0.60 1.8000E+02 2.56402E-08
0.60 1.9000E+02 3.30376E-08
0.60 2.1000E+02 2.14705E-08
0.60 2.3000E+02 1.25617E-08
0.60 2.5000E+02 1.57883E-08
0.60 2.7000E+02 5.91136E-09
0.60 2.9000E+02 7.34756E-09
0.60 3.1000E+02 7.92459E-09
0.60 3.3000E+02 1.27238E-08
0.60 3.5000E+02 3.99581E-09
0.60 3.7000E+02 8.18519E-09
0.60 3.9000E+02 2.48407E-09
0.60 4.3000E+02 2.90416E-09
0.60 4.7000E+02 2.01983E-09
0.60 5.1000E+02 6.75174E-10 


0.61 2.5600E+01   NaN
0.61 2.6600E+01   NaN
0.61 2.7600E+01   NaN
0.61 2.8600E+01   NaN
0.61 2.9600E+01   NaN
0.61 3.0600E+01   NaN
0.61 3.1600E+01   NaN
0.61 3.2600E+01   NaN
0.61 3.3600E+01   NaN
0.61 3.4600E+01   NaN
0.61 4.0000E+01   NaN
0.61 4.5000E+01   NaN
0.61 5.0000E+01   NaN
0.61 5.5000E+01   NaN
0.61 6.0000E+01   NaN
0.61 6.5000E+01 3.54105E-07
0.61 7.0000E+01 1.45350E-07
0.61 7.5000E+01 8.80874E-07
0.61 8.0000E+01 1.68293E-07
0.61 8.5000E+01 1.70683E-07
0.61 1.0000E+02 1.07230E-07
0.61 1.1000E+02 1.05264E-07
0.61 1.2000E+02 7.01890E-08
0.61 1.3000E+02 8.16661E-08
0.61 1.4000E+02 3.21037E-08
0.61 1.5000E+02 4.47740E-08
0.61 1.6000E+02 2.88478E-08
0.61 1.7000E+02 3.39883E-08
0.61 1.8000E+02 6.98318E-09
0.61 1.9000E+02 2.39713E-08
0.61 2.1000E+02 1.96658E-08
0.61 2.3000E+02 9.39758E-09
0.61 2.5000E+02 1.06480E-08
0.61 2.7000E+02 8.60982E-09
0.61 2.9000E+02 7.72925E-09
0.61 3.1000E+02 4.74509E-09
0.61 3.3000E+02 5.96176E-09
0.61 3.5000E+02 4.40891E-09
0.61 3.7000E+02 2.44497E-09
0.61 3.9000E+02 3.09627E-09
0.61 4.3000E+02 1.97969E-09
0.61 4.7000E+02 1.69740E-09
0.61 5.1000E+02 1.20300E-09 


0.62 2.5600E+01   NaN
0.62 2.6600E+01   NaN
0.62 2.7600E+01   NaN
0.62 2.8600E+01   NaN
0.62 2.9600E+01   NaN
0.62 3.0600E+01   NaN
0.62 3.1600E+01   NaN
0.62 3.2600E+01   NaN
0.62 3.3600E+01   NaN
0.62 3.4600E+01   NaN
0.62 4.0000E+01   NaN
0.62 4.5000E+01   NaN
0.62 5.0000E+01   NaN
0.62 5.5000E+01   NaN
0.62 6.0000E+01   NaN
0.62 6.5000E+01 9.94499E-07
0.62 7.0000E+01 3.16076E-07
0.62 7.5000E+01 6.92958E-08
0.62 8.0000E+01 4.82548E-07
0.62 8.5000E+01 1.94823E-07
0.62 1.0000E+02 3.64956E-08
0.62 1.1000E+02 1.22523E-07
0.62 1.2000E+02 7.12263E-08
0.62 1.3000E+02 5.36530E-08
0.62 1.4000E+02 2.49290E-08
0.62 1.5000E+02 2.51298E-08
0.62 1.6000E+02 1.81684E-08
0.62 1.7000E+02 2.41997E-08
0.62 1.8000E+02 1.19715E-08
0.62 1.9000E+02 1.09287E-08
0.62 2.1000E+02 1.78075E-08
0.62 2.3000E+02 9.69476E-09
0.62 2.5000E+02 7.47905E-09
0.62 2.7000E+02 9.82902E-09
0.62 2.9000E+02 4.20946E-09
0.62 3.1000E+02 4.46570E-09
0.62 3.3000E+02 3.18558E-09
0.62 3.5000E+02 3.44385E-09
0.62 3.7000E+02 4.61686E-09
0.62 3.9000E+02 1.91551E-09
0.62 4.3000E+02 1.60368E-09
0.62 4.7000E+02 2.00615E-09
0.62 5.1000E+02 8.34183E-10 


0.63 2.5600E+01   NaN
0.63 2.6600E+01   NaN
0.63 2.7600E+01   NaN
0.63 2.8600E+01   NaN
0.63 2.9600E+01   NaN
0.63 3.0600E+01   NaN
0.63 3.1600E+01   NaN
0.63 3.2600E+01   NaN
0.63 3.3600E+01   NaN
0.63 3.4600E+01   NaN
0.63 4.0000E+01   NaN
0.63 4.5000E+01   NaN
0.63 5.0000E+01   NaN
0.63 5.5000E+01   NaN
0.63 6.0000E+01   NaN
0.63 6.5000E+01 2.65918E-04
0.63 7.0000E+01 2.16090E-04
0.63 7.5000E+01 2.32663E-04
0.63 8.0000E+01 3.01418E-04
0.63 8.5000E+01 3.53315E-04
0.63 1.0000E+02 8.10117E-04
0.63 1.1000E+02 1.12141E-03
0.63 1.2000E+02 1.45544E-03
0.63 1.3000E+02 1.79276E-03
0.63 1.4000E+02 1.76506E-03
0.63 1.5000E+02 1.49595E-03
0.63 1.6000E+02 1.47379E-03
0.63 1.7000E+02 1.05559E-03
0.63 1.8000E+02 9.10326E-04
0.63 1.9000E+02 8.02264E-04
0.63 2.1000E+02 3.84857E-04
0.63 2.3000E+02 1.88484E-04
0.63 2.5000E+02 2.54869E-04
0.63 2.7000E+02 9.28078E-05
0.63 2.9000E+02 8.53503E-05
0.63 3.1000E+02 9.44609E-05
0.63 3.3000E+02 9.89223E-05
0.63 3.5000E+02 9.22108E-05
0.63 3.7000E+02 7.59293E-05
0.63 3.9000E+02 5.79444E-05
0.63 4.3000E+02 3.07290E-05
0.63 4.7000E+02 2.11354E-05
0.63 5.1000E+02 2.15851E-05 


0.64 2.5600E+01   NaN
0.64 2.6600E+01   NaN
0.64 2.7600E+01   NaN
0.64 2.8600E+01   NaN
0.64 2.9600E+01   NaN
0.64 3.0600E+01   NaN
0.64 3.1600E+01   NaN
0.64 3.2600E+01   NaN
0.64 3.3600E+01   NaN
0.64 3.4600E+01   NaN
0.64 4.0000E+01   NaN
0.64 4.5000E+01   NaN
0.64 5.0000E+01   NaN
0.64 5.5000E+01   NaN
0.64 6.0000E+01   NaN
0.64 6.5000E+01 1.82008E-07
0.64 7.0000E+01 5.28293E-08
0.64 7.5000E+01 5.72350E-07
0.64 8.0000E+01 5.12319E-07
0.64 8.5000E+01 4.25382E-07
0.64 1.0000E+02 2.35103E-07
0.64 1.1000E+02 2.74864E-07
0.64 1.2000E+02 2.50903E-07
0.64 1.3000E+02 2.07803E-07
0.64 1.4000E+02 1.31898E-07
0.64 1.5000E+02 1.16104E-07
0.64 1.6000E+02 1.67639E-07
0.64 1.7000E+02 1.06826E-07
0.64 1.8000E+02 7.78938E-08
0.64 1.9000E+02 1.19799E-07
0.64 2.1000E+02 4.77131E-08
0.64 2.3000E+02 4.02622E-08
0.64 2.5000E+02 3.49582E-08
0.64 2.7000E+02 3.53064E-08
0.64 2.9000E+02 1.35550E-08
0.64 3.1000E+02 2.51278E-08
0.64 3.3000E+02 1.30641E-08
0.64 3.5000E+02 1.05585E-08
0.64 3.7000E+02 9.20220E-09
0.64 3.9000E+02 8.98146E-09
0.64 4.3000E+02 6.40888E-09
0.64 4.7000E+02 4.48682E-09
0.64 5.1000E+02 3.58291E-09 


0.65 2.5600E+01   NaN
0.65 2.6600E+01   NaN
0.65 2.7600E+01   NaN
0.65 2.8600E+01   NaN
0.65 2.9600E+01   NaN
0.65 3.0600E+01   NaN
0.65 3.1600E+01   NaN
0.65 3.2600E+01   NaN
0.65 3.3600E+01   NaN
0.65 3.4600E+01   NaN
0.65 4.0000E+01   NaN
0.65 4.5000E+01   NaN
0.65 5.0000E+01   NaN
0.65 5.5000E+01   NaN
0.65 6.0000E+01   NaN
0.65 6.5000E+01 5.55116E-08
0.65 7.0000E+01 3.27996E-07
0.65 7.5000E+01 4.72923E-07
0.65 8.0000E+01 9.53564E-07
0.65 8.5000E+01 2.26612E-07
0.65 1.0000E+02 1.38323E-07
0.65 1.1000E+02 3.69745E-07
0.65 1.2000E+02 1.60835E-07
0.65 1.3000E+02 1.85304E-07
0.65 1.4000E+02 8.75903E-08
0.65 1.5000E+02 1.06884E-07
0.65 1.6000E+02 9.69202E-08
0.65 1.7000E+02 8.87566E-08
0.65 1.8000E+02 5.45553E-08
0.65 1.9000E+02 5.85722E-08
0.65 2.1000E+02 4.40269E-08
0.65 2.3000E+02 2.88709E-08
0.65 2.5000E+02 2.68599E-08
0.65 2.7000E+02 2.34729E-08
0.65 2.9000E+02 1.77027E-08
0.65 3.1000E+02 1.81771E-08
0.65 3.3000E+02 1.43604E-08
0.65 3.5000E+02 8.25180E-09
0.65 3.7000E+02 6.66362E-09
0.65 3.9000E+02 3.71842E-08
0.65 4.3000E+02 8.61405E-09
0.65 4.7000E+02 3.70105E-09
0.65 5.1000E+02 3.01382E-09 


