0.40 2.5600E+01 2.56631E-03
0.40 2.6600E+01 2.80670E-03
0.40 2.7600E+01 3.04432E-03
0.40 2.8600E+01 3.04265E-03
0.40 2.9600E+01 3.20112E-03
0.40 3.0600E+01 3.27426E-03
0.40 3.1600E+01 3.31174E-03
0.40 3.2600E+01 3.31221E-03
0.40 3.3600E+01 3.34001E-03
0.40 3.4600E+01 3.32535E-03
0.40 4.0000E+01 3.09689E-03
0.40 4.5000E+01 2.88163E-03
0.40 5.0000E+01 2.74434E-03
0.40 5.5000E+01 2.50935E-03
0.40 6.0000E+01 2.34672E-03
0.40 6.5000E+01 2.15851E-03
0.40 7.0000E+01 1.95392E-03
0.40 7.5000E+01 1.86342E-03
0.40 8.0000E+01 1.70221E-03
0.40 8.5000E+01 1.60757E-03
0.40 1.0000E+02 1.31486E-03
0.40 1.1000E+02 1.13810E-03
0.40 1.2000E+02 1.02916E-03
0.40 1.3000E+02 9.16575E-04
0.40 1.4000E+02 8.19956E-04
0.40 1.5000E+02 7.46194E-04
0.40 1.6000E+02 6.80351E-04
0.40 1.7000E+02 6.15741E-04
0.40 1.8000E+02 5.60006E-04
0.40 1.9000E+02 5.19613E-04
0.40 2.1000E+02 4.46385E-04
0.40 2.3000E+02 3.80654E-04
0.40 2.5000E+02 3.35497E-04
0.40 2.7000E+02 2.95643E-04
0.40 2.9000E+02 2.62169E-04
0.40 3.1000E+02 2.33960E-04
0.40 3.3000E+02 2.10225E-04
0.40 3.5000E+02 1.90153E-04
0.40 3.7000E+02 1.73024E-04
0.40 3.9000E+02 1.58108E-04
0.40 4.3000E+02 1.33571E-04
0.40 4.7000E+02 1.14688E-04
0.40 5.1000E+02 9.86459E-05 


0.41 2.5600E+01 2.58200E-03
0.41 2.6600E+01 2.83027E-03
0.41 2.7600E+01 2.94387E-03
0.41 2.8600E+01 3.13573E-03
0.41 2.9600E+01 3.14063E-03
0.41 3.0600E+01 3.28412E-03
0.41 3.1600E+01 3.22244E-03
0.41 3.2600E+01 3.29885E-03
0.41 3.3600E+01 3.25305E-03
0.41 3.4600E+01 3.25062E-03
0.41 4.0000E+01 3.20231E-03
0.41 4.5000E+01 2.98185E-03
0.41 5.0000E+01 2.68582E-03
0.41 5.5000E+01 2.52254E-03
0.41 6.0000E+01 2.33414E-03
0.41 6.5000E+01 2.12521E-03
0.41 7.0000E+01 2.00220E-03
0.41 7.5000E+01 1.85522E-03
0.41 8.0000E+01 1.72187E-03
0.41 8.5000E+01 1.58722E-03
0.41 1.0000E+02 1.29430E-03
0.41 1.1000E+02 1.16270E-03
0.41 1.2000E+02 1.02377E-03
0.41 1.3000E+02 9.20423E-04
0.41 1.4000E+02 8.21732E-04
0.41 1.5000E+02 7.42106E-04
0.41 1.6000E+02 6.78319E-04
0.41 1.7000E+02 6.19579E-04
0.41 1.8000E+02 5.63095E-04
0.41 1.9000E+02 5.16757E-04
0.41 2.1000E+02 4.48490E-04
0.41 2.3000E+02 3.77692E-04
0.41 2.5000E+02 3.33150E-04
0.41 2.7000E+02 2.94311E-04
0.41 2.9000E+02 2.62378E-04
0.41 3.1000E+02 2.34304E-04
0.41 3.3000E+02 2.10413E-04
0.41 3.5000E+02 1.90151E-04
0.41 3.7000E+02 1.72840E-04
0.41 3.9000E+02 1.57900E-04
0.41 4.3000E+02 1.33544E-04
0.41 4.7000E+02 1.14335E-04
0.41 5.1000E+02 9.88639E-05 


0.42 2.5600E+01 2.55397E-03
0.42 2.6600E+01 2.80710E-03
0.42 2.7600E+01 3.03093E-03
0.42 2.8600E+01 3.09851E-03
0.42 2.9600E+01 3.22393E-03
0.42 3.0600E+01 3.20771E-03
0.42 3.1600E+01 3.30628E-03
0.42 3.2600E+01 3.34047E-03
0.42 3.3600E+01 3.31190E-03
0.42 3.4600E+01 3.31760E-03
0.42 4.0000E+01 3.06582E-03
0.42 4.5000E+01 2.89866E-03
0.42 5.0000E+01 2.71346E-03
0.42 5.5000E+01 2.47206E-03
0.42 6.0000E+01 2.30111E-03
0.42 6.5000E+01 2.16317E-03
0.42 7.0000E+01 1.99070E-03
0.42 7.5000E+01 1.84114E-03
0.42 8.0000E+01 1.72376E-03
0.42 8.5000E+01 1.58693E-03
0.42 1.0000E+02 1.30228E-03
0.42 1.1000E+02 1.15788E-03
0.42 1.2000E+02 1.01597E-03
0.42 1.3000E+02 9.19299E-04
0.42 1.4000E+02 8.24876E-04
0.42 1.5000E+02 7.41348E-04
0.42 1.6000E+02 6.75037E-04
0.42 1.7000E+02 6.19646E-04
0.42 1.8000E+02 5.66911E-04
0.42 1.9000E+02 5.17152E-04
0.42 2.1000E+02 4.44105E-04
0.42 2.3000E+02 3.86735E-04
0.42 2.5000E+02 3.32207E-04
0.42 2.7000E+02 2.95087E-04
0.42 2.9000E+02 2.62331E-04
0.42 3.1000E+02 2.34455E-04
0.42 3.3000E+02 2.10678E-04
0.42 3.5000E+02 1.90364E-04
0.42 3.7000E+02 1.72908E-04
0.42 3.9000E+02 1.57777E-04
0.42 4.3000E+02 1.33396E-04
0.42 4.7000E+02 1.14285E-04
0.42 5.1000E+02 9.89221E-05 


0.43 2.5600E+01 2.60371E-03
0.43 2.6600E+01 2.77142E-03
0.43 2.7600E+01 2.98042E-03
0.43 2.8600E+01 3.09840E-03
0.43 2.9600E+01 3.14062E-03
0.43 3.0600E+01 3.27753E-03
0.43 3.1600E+01 3.25987E-03
0.43 3.2600E+01 3.28221E-03
0.43 3.3600E+01 3.27291E-03
0.43 3.4600E+01 3.28171E-03
0.43 4.0000E+01 3.18304E-03
0.43 4.5000E+01 2.92930E-03
0.43 5.0000E+01 2.72395E-03
0.43 5.5000E+01 2.53511E-03
0.43 6.0000E+01 2.37226E-03
0.43 6.5000E+01 2.16017E-03
0.43 7.0000E+01 1.97729E-03
0.43 7.5000E+01 1.85947E-03
0.43 8.0000E+01 1.70775E-03
0.43 8.5000E+01 1.60327E-03
0.43 1.0000E+02 1.31332E-03
0.43 1.1000E+02 1.14621E-03
0.43 1.2000E+02 1.03091E-03
0.43 1.3000E+02 9.14311E-04
0.43 1.4000E+02 8.28161E-04
0.43 1.5000E+02 7.42477E-04
0.43 1.6000E+02 6.73908E-04
0.43 1.7000E+02 6.17031E-04
0.43 1.8000E+02 5.67962E-04
0.43 1.9000E+02 5.20749E-04
0.43 2.1000E+02 4.40828E-04
0.43 2.3000E+02 3.86606E-04
0.43 2.5000E+02 3.34921E-04
0.43 2.7000E+02 2.94150E-04
0.43 2.9000E+02 2.62008E-04
0.43 3.1000E+02 2.34437E-04
0.43 3.3000E+02 2.10869E-04
0.43 3.5000E+02 1.90487E-04
0.43 3.7000E+02 1.73008E-04
0.43 3.9000E+02 1.57857E-04
0.43 4.3000E+02 1.33349E-04
0.43 4.7000E+02 1.14178E-04
0.43 5.1000E+02 9.89111E-05 


0.44 2.5600E+01 2.56450E-03
0.44 2.6600E+01 2.81332E-03
0.44 2.7600E+01 2.98218E-03
0.44 2.8600E+01 3.11724E-03
0.44 2.9600E+01 3.26722E-03
0.44 3.0600E+01 3.23155E-03
0.44 3.1600E+01 3.33530E-03
0.44 3.2600E+01 3.33827E-03
0.44 3.3600E+01 3.34705E-03
0.44 3.4600E+01 3.37261E-03
0.44 4.0000E+01 3.09526E-03
0.44 4.5000E+01 2.92926E-03
0.44 5.0000E+01 2.68437E-03
0.44 5.5000E+01 2.48996E-03
0.44 6.0000E+01 2.32141E-03
0.44 6.5000E+01 2.13023E-03
0.44 7.0000E+01 1.99711E-03
0.44 7.5000E+01 1.84546E-03
0.44 8.0000E+01 1.72091E-03
0.44 8.5000E+01 1.60425E-03
0.44 1.0000E+02 1.30920E-03
0.44 1.1000E+02 1.14625E-03
0.44 1.2000E+02 1.03213E-03
0.44 1.3000E+02 9.12290E-04
0.44 1.4000E+02 8.25886E-04
0.44 1.5000E+02 7.46543E-04
0.44 1.6000E+02 6.74388E-04
0.44 1.7000E+02 6.14482E-04
0.44 1.8000E+02 5.66101E-04
0.44 1.9000E+02 5.22135E-04
0.44 2.1000E+02 4.41326E-04
0.44 2.3000E+02 3.83744E-04
0.44 2.5000E+02 3.37405E-04
0.44 2.7000E+02 2.92187E-04
0.44 2.9000E+02 2.61664E-04
0.44 3.1000E+02 2.34253E-04
0.44 3.3000E+02 2.10892E-04
0.44 3.5000E+02 1.90686E-04
0.44 3.7000E+02 1.73190E-04
0.44 3.9000E+02 1.57989E-04
0.44 4.3000E+02 1.33196E-04
0.44 4.7000E+02 1.14088E-04
0.44 5.1000E+02 9.88347E-05 


0.45 2.5600E+01 2.57711E-03
0.45 2.6600E+01 2.77225E-03
0.45 2.7600E+01 2.97012E-03
0.45 2.8600E+01 3.06415E-03
0.45 2.9600E+01 3.17761E-03
0.45 3.0600E+01 3.28415E-03
0.45 3.1600E+01 3.30116E-03
0.45 3.2600E+01 3.27047E-03
0.45 3.3600E+01 3.27522E-03
0.45 3.4600E+01 3.25677E-03
0.45 4.0000E+01 3.18084E-03
0.45 4.5000E+01 2.92432E-03
0.45 5.0000E+01 2.75871E-03
0.45 5.5000E+01 2.50936E-03
0.45 6.0000E+01 2.32360E-03
0.45 6.5000E+01 2.15524E-03
0.45 7.0000E+01 1.99847E-03
0.45 7.5000E+01 1.83608E-03
0.45 8.0000E+01 1.72851E-03
0.45 8.5000E+01 1.60098E-03
0.45 1.0000E+02 1.30217E-03
0.45 1.1000E+02 1.15461E-03
0.45 1.2000E+02 1.02112E-03
0.45 1.3000E+02 9.20898E-04
0.45 1.4000E+02 8.22076E-04
0.45 1.5000E+02 7.48454E-04
0.45 1.6000E+02 6.75911E-04
0.45 1.7000E+02 6.14941E-04
0.45 1.8000E+02 5.63444E-04
0.45 1.9000E+02 5.21067E-04
0.45 2.1000E+02 4.43739E-04
0.45 2.3000E+02 3.81383E-04
0.45 2.5000E+02 3.36840E-04
0.45 2.7000E+02 2.95767E-04
0.45 2.9000E+02 2.60779E-04
0.45 3.1000E+02 2.33946E-04
0.45 3.3000E+02 2.10839E-04
0.45 3.5000E+02 1.90718E-04
0.45 3.7000E+02 1.73145E-04
0.45 3.9000E+02 1.58111E-04
0.45 4.3000E+02 1.33229E-04
0.45 4.7000E+02 1.13959E-04
0.45 5.1000E+02 9.87231E-05 


0.46 2.5600E+01 2.54526E-03
0.46 2.6600E+01 2.82632E-03
0.46 2.7600E+01 2.98873E-03
0.46 2.8600E+01 3.13999E-03
0.46 2.9600E+01 3.21328E-03
0.46 3.0600E+01 3.19711E-03
0.46 3.1600E+01 3.27758E-03
0.46 3.2600E+01 3.34991E-03
0.46 3.3600E+01 3.32796E-03
0.46 3.4600E+01 3.32172E-03
0.46 4.0000E+01 3.11511E-03
0.46 4.5000E+01 2.95073E-03
0.46 5.0000E+01 2.67620E-03
0.46 5.5000E+01 2.52144E-03
0.46 6.0000E+01 2.34551E-03
0.46 6.5000E+01 2.16669E-03
0.46 7.0000E+01 1.98066E-03
0.46 7.5000E+01 1.85071E-03
0.46 8.0000E+01 1.70768E-03
0.46 8.5000E+01 1.60752E-03
0.46 1.0000E+02 1.29983E-03
0.46 1.1000E+02 1.15753E-03
0.46 1.2000E+02 1.01743E-03
0.46 1.3000E+02 9.21383E-04
0.46 1.4000E+02 8.14936E-04
0.46 1.5000E+02 7.45307E-04
0.46 1.6000E+02 6.78544E-04
0.46 1.7000E+02 6.17095E-04
0.46 1.8000E+02 5.62542E-04
0.46 1.9000E+02 5.18694E-04
0.46 2.1000E+02 4.45465E-04
0.46 2.3000E+02 3.81532E-04
0.46 2.5000E+02 3.34872E-04
0.46 2.7000E+02 2.96736E-04
0.46 2.9000E+02 2.60058E-04
0.46 3.1000E+02 2.33292E-04
0.46 3.3000E+02 2.10536E-04
0.46 3.5000E+02 1.90721E-04
0.46 3.7000E+02 1.73107E-04
0.46 3.9000E+02 1.58220E-04
0.46 4.3000E+02 1.33285E-04
0.46 4.7000E+02 1.13978E-04
0.46 5.1000E+02 9.86903E-05 


0.47 2.5600E+01 2.62660E-03
0.47 2.6600E+01 2.77048E-03
0.47 2.7600E+01 2.95194E-03
0.47 2.8600E+01 3.07169E-03
0.47 2.9600E+01 3.14771E-03
0.47 3.0600E+01 3.27946E-03
0.47 3.1600E+01 3.27973E-03
0.47 3.2600E+01 3.25595E-03
0.47 3.3600E+01 3.27456E-03
0.47 3.4600E+01 3.27055E-03
0.47 4.0000E+01 3.15434E-03
0.47 4.5000E+01 2.89889E-03
0.47 5.0000E+01 2.72277E-03
0.47 5.5000E+01 2.48884E-03
0.47 6.0000E+01 2.31214E-03
0.47 6.5000E+01 2.13969E-03
0.47 7.0000E+01 1.98721E-03
0.47 7.5000E+01 1.85268E-03
0.47 8.0000E+01 1.70778E-03
0.47 8.5000E+01 1.60567E-03
0.47 1.0000E+02 1.30838E-03
0.47 1.1000E+02 1.15261E-03
0.47 1.2000E+02 1.02524E-03
0.47 1.3000E+02 9.12651E-04
0.47 1.4000E+02 8.31010E-04
0.47 1.5000E+02 7.39147E-04
0.47 1.6000E+02 6.79046E-04
0.47 1.7000E+02 6.17620E-04
0.47 1.8000E+02 5.65140E-04
0.47 1.9000E+02 5.17229E-04
0.47 2.1000E+02 4.45426E-04
0.47 2.3000E+02 3.83147E-04
0.47 2.5000E+02 3.33154E-04
0.47 2.7000E+02 2.95997E-04
0.47 2.9000E+02 2.63056E-04
0.47 3.1000E+02 2.32509E-04
0.47 3.3000E+02 2.10305E-04
0.47 3.5000E+02 1.90466E-04
0.47 3.7000E+02 1.73301E-04
0.47 3.9000E+02 1.58263E-04
0.47 4.3000E+02 1.33401E-04
0.47 4.7000E+02 1.14011E-04
0.47 5.1000E+02 9.86814E-05 


0.48 2.5600E+01 2.63564E-03
0.48 2.6600E+01 2.84642E-03
0.48 2.7600E+01 3.03563E-03
0.48 2.8600E+01 3.13690E-03
0.48 2.9600E+01 3.23101E-03
0.48 3.0600E+01 3.21291E-03
0.48 3.1600E+01 3.30287E-03
0.48 3.2600E+01 3.34187E-03
0.48 3.3600E+01 3.33027E-03
0.48 3.4600E+01 3.33096E-03
0.48 4.0000E+01 3.17156E-03
0.48 4.5000E+01 2.92275E-03
0.48 5.0000E+01 2.71752E-03
0.48 5.5000E+01 2.50946E-03
0.48 6.0000E+01 2.33403E-03
0.48 6.5000E+01 2.17220E-03
0.48 7.0000E+01 2.01135E-03
0.48 7.5000E+01 1.83985E-03
0.48 8.0000E+01 1.72253E-03
0.48 8.5000E+01 1.58673E-03
0.48 1.0000E+02 1.31263E-03
0.48 1.1000E+02 1.14742E-03
0.48 1.2000E+02 1.02833E-03
0.48 1.3000E+02 9.11508E-04
0.48 1.4000E+02 8.27392E-04
0.48 1.5000E+02 7.44757E-04
0.48 1.6000E+02 6.76993E-04
0.48 1.7000E+02 6.18948E-04
0.48 1.8000E+02 5.66256E-04
0.48 1.9000E+02 5.18013E-04
0.48 2.1000E+02 4.43968E-04
0.48 2.3000E+02 3.84517E-04
0.48 2.5000E+02 3.33367E-04
0.48 2.7000E+02 2.94484E-04
0.48 2.9000E+02 2.63209E-04
0.48 3.1000E+02 2.34209E-04
0.48 3.3000E+02 2.09762E-04
0.48 3.5000E+02 1.90236E-04
0.48 3.7000E+02 1.73162E-04
0.48 3.9000E+02 1.58220E-04
0.48 4.3000E+02 1.33482E-04
0.48 4.7000E+02 1.14039E-04
0.48 5.1000E+02 9.86416E-05 


0.49 2.5600E+01 2.58020E-03
0.49 2.6600E+01 2.78124E-03
0.49 2.7600E+01 2.95034E-03
0.49 2.8600E+01 3.05884E-03
0.49 2.9600E+01 3.17402E-03
0.49 3.0600E+01 3.28561E-03
0.49 3.1600E+01 3.26805E-03
0.49 3.2600E+01 3.26470E-03
0.49 3.3600E+01 3.25723E-03
0.49 3.4600E+01 3.26494E-03
0.49 4.0000E+01 3.14039E-03
0.49 4.5000E+01 2.90796E-03
0.49 5.0000E+01 2.69257E-03
0.49 5.5000E+01 2.50402E-03
0.49 6.0000E+01 2.35167E-03
0.49 6.5000E+01 2.15578E-03
0.49 7.0000E+01 1.97165E-03
0.49 7.5000E+01 1.83870E-03
0.49 8.0000E+01 1.71881E-03
0.49 8.5000E+01 1.59243E-03
0.49 1.0000E+02 1.30163E-03
0.49 1.1000E+02 1.15040E-03
0.49 1.2000E+02 1.02552E-03
0.49 1.3000E+02 9.15610E-04
0.49 1.4000E+02 8.20262E-04
0.49 1.5000E+02 7.51007E-04
0.49 1.6000E+02 6.67166E-04
0.49 1.7000E+02 6.15214E-04
0.49 1.8000E+02 5.66309E-04
0.49 1.9000E+02 5.20753E-04
0.49 2.1000E+02 4.42335E-04
0.49 2.3000E+02 3.84680E-04
0.49 2.5000E+02 3.34469E-04
0.49 2.7000E+02 2.93630E-04
0.49 2.9000E+02 2.62268E-04
0.49 3.1000E+02 2.35223E-04
0.49 3.3000E+02 2.09892E-04
0.49 3.5000E+02 1.89756E-04
0.49 3.7000E+02 1.72977E-04
0.49 3.9000E+02 1.65256E-04
0.49 4.3000E+02 1.33522E-04
0.49 4.7000E+02 1.14212E-04
0.49 5.1000E+02 9.92717E-05 


0.50 2.5600E+01 2.57255E-03
0.50 2.6600E+01 2.80244E-03
0.50 2.7600E+01 2.99629E-03
0.50 2.8600E+01 3.13029E-03
0.50 2.9600E+01 3.22598E-03
0.50 3.0600E+01 3.20680E-03
0.50 3.1600E+01 3.30441E-03
0.50 3.2600E+01 3.31482E-03
0.50 3.3600E+01 3.34940E-03
0.50 3.4600E+01 3.33405E-03
0.50 4.0000E+01 3.16644E-03
0.50 4.5000E+01 2.91890E-03
0.50 5.0000E+01 2.72950E-03
0.50 5.5000E+01 2.48119E-03
0.50 6.0000E+01 2.31978E-03
0.50 6.5000E+01 2.13561E-03
0.50 7.0000E+01 1.98709E-03
0.50 7.5000E+01 1.85603E-03
0.50 8.0000E+01 1.70700E-03
0.50 8.5000E+01 1.60462E-03
0.50 1.0000E+02 1.29768E-03
0.50 1.1000E+02 1.15790E-03
0.50 1.2000E+02 1.02064E-03
0.50 1.3000E+02 9.19224E-04
0.50 1.4000E+02 8.18789E-04
0.50 1.5000E+02 7.46482E-04
0.50 1.6000E+02 6.79108E-04
0.50 1.7000E+02 6.14228E-04
0.50 1.8000E+02 5.66363E-04
0.50 1.9000E+02 5.20840E-04
0.50 2.1000E+02 4.41792E-04
0.50 2.3000E+02 3.83831E-04
0.50 2.5000E+02 3.35475E-04
0.50 2.7000E+02 2.93949E-04
0.50 2.9000E+02 2.61205E-04
0.50 3.1000E+02 2.34792E-04
0.50 3.3000E+02 2.11305E-04
0.50 3.5000E+02 1.88985E-04
0.50 3.7000E+02 1.72865E-04
0.50 3.9000E+02 1.58003E-04
0.50 4.3000E+02 1.33519E-04
0.50 4.7000E+02 1.14184E-04
0.50 5.1000E+02 9.87319E-05 


0.51 2.5600E+01 2.53169E-03
0.51 2.6600E+01 2.82170E-03
0.51 2.7600E+01 2.94149E-03
0.51 2.8600E+01 3.08904E-03
0.51 2.9600E+01 3.14895E-03
0.51 3.0600E+01 3.30486E-03
0.51 3.1600E+01 3.25771E-03
0.51 3.2600E+01 3.27944E-03
0.51 3.3600E+01 3.31070E-03
0.51 3.4600E+01 3.24965E-03
0.51 4.0000E+01 3.11149E-03
0.51 4.5000E+01 2.95063E-03
0.51 5.0000E+01 2.71557E-03
0.51 5.5000E+01 2.52592E-03
0.51 6.0000E+01 2.32152E-03
0.51 6.5000E+01 2.15768E-03
0.51 7.0000E+01 2.00768E-03
0.51 7.5000E+01 1.84849E-03
0.51 8.0000E+01 1.71046E-03
0.51 8.5000E+01 1.59999E-03
0.51 1.0000E+02 1.31454E-03
0.51 1.1000E+02 1.15787E-03
0.51 1.2000E+02 1.02115E-03
0.51 1.3000E+02 9.18227E-04
0.51 1.4000E+02 8.23819E-04
0.51 1.5000E+02 7.41412E-04
0.51 1.6000E+02 6.81036E-04
0.51 1.7000E+02 6.14155E-04
0.51 1.8000E+02 5.65216E-04
0.51 1.9000E+02 5.20631E-04
0.51 2.1000E+02 4.42850E-04
0.51 2.3000E+02 3.82849E-04
0.51 2.5000E+02 3.35782E-04
0.51 2.7000E+02 2.94731E-04
0.51 2.9000E+02 2.60826E-04
0.51 3.1000E+02 2.34047E-04
0.51 3.3000E+02 2.11422E-04
0.51 3.5000E+02 1.90822E-04
0.51 3.7000E+02 1.72465E-04
0.51 3.9000E+02 1.57819E-04
0.51 4.3000E+02 1.33411E-04
0.51 4.7000E+02 1.14237E-04
0.51 5.1000E+02 9.87228E-05 


0.52 2.5600E+01 2.60150E-03
0.52 2.6600E+01 2.77263E-03
0.52 2.7600E+01 3.02413E-03
0.52 2.8600E+01 3.09988E-03
0.52 2.9600E+01 3.22675E-03
0.52 3.0600E+01 3.20778E-03
0.52 3.1600E+01 3.32198E-03
0.52 3.2600E+01 3.33009E-03
0.52 3.3600E+01 3.30979E-03
0.52 3.4600E+01 3.32148E-03
0.52 4.0000E+01 3.16926E-03
0.52 4.5000E+01 2.90689E-03
0.52 5.0000E+01 2.67335E-03
0.52 5.5000E+01 2.50649E-03
0.52 6.0000E+01 2.37541E-03
0.52 6.5000E+01 2.16123E-03
0.52 7.0000E+01 1.98706E-03
0.52 7.5000E+01 1.83292E-03
0.52 8.0000E+01 1.72539E-03
0.52 8.5000E+01 1.58916E-03
0.52 1.0000E+02 1.30997E-03
0.52 1.1000E+02 1.14635E-03
0.52 1.2000E+02 1.02594E-03
0.52 1.3000E+02 9.14188E-04
0.52 1.4000E+02 8.26617E-04
0.52 1.5000E+02 7.40846E-04
0.52 1.6000E+02 6.76927E-04
0.52 1.7000E+02 6.20778E-04
0.52 1.8000E+02 5.58750E-04
0.52 1.9000E+02 5.20068E-04
0.52 2.1000E+02 4.45305E-04
0.52 2.3000E+02 3.81913E-04
0.52 2.5000E+02 3.35374E-04
0.52 2.7000E+02 2.95507E-04
0.52 2.9000E+02 2.61180E-04
0.52 3.1000E+02 2.33416E-04
0.52 3.3000E+02 2.10891E-04
0.52 3.5000E+02 1.91177E-04
0.52 3.7000E+02 1.73277E-04
0.52 3.9000E+02 1.57770E-04
0.52 4.3000E+02 1.33357E-04
0.52 4.7000E+02 1.14195E-04
0.52 5.1000E+02 9.90509E-05 


0.53 2.5600E+01 2.52947E-03
0.53 2.6600E+01 2.83974E-03
0.53 2.7600E+01 2.98767E-03
0.53 2.8600E+01 3.12019E-03
0.53 2.9600E+01 3.14117E-03
0.53 3.0600E+01 3.26883E-03
0.53 3.1600E+01 3.23846E-03
0.53 3.2600E+01 3.28554E-03
0.53 3.3600E+01 3.32522E-03
0.53 3.4600E+01 3.29271E-03
0.53 4.0000E+01 3.14351E-03
0.53 4.5000E+01 2.92860E-03
0.53 5.0000E+01 2.74315E-03
0.53 5.5000E+01 2.49045E-03
0.53 6.0000E+01 2.30506E-03
0.53 6.5000E+01 2.13891E-03
0.53 7.0000E+01 1.98046E-03
0.53 7.5000E+01 1.85530E-03
0.53 8.0000E+01 1.71783E-03
0.53 8.5000E+01 1.59163E-03
0.53 1.0000E+02 1.29896E-03
0.53 1.1000E+02 1.14853E-03
0.53 1.2000E+02 1.02937E-03
0.53 1.3000E+02 9.12343E-04
0.53 1.4000E+02 8.25141E-04
0.53 1.5000E+02 7.44119E-04
0.53 1.6000E+02 6.73341E-04
0.53 1.7000E+02 6.19851E-04
0.53 1.8000E+02 5.66484E-04
0.53 1.9000E+02 5.17463E-04
0.53 2.1000E+02 4.45216E-04
0.53 2.3000E+02 3.82254E-04
0.53 2.5000E+02 3.34521E-04
0.53 2.7000E+02 2.95590E-04
0.53 2.9000E+02 2.61756E-04
0.53 3.1000E+02 2.33326E-04
0.53 3.3000E+02 2.10268E-04
0.53 3.5000E+02 1.90927E-04
0.53 3.7000E+02 1.73675E-04
0.53 3.9000E+02 1.57711E-04
0.53 4.3000E+02 1.33148E-04
0.53 4.7000E+02 1.14199E-04
0.53 5.1000E+02 9.88312E-05 


0.54 2.5600E+01 2.55393E-03
0.54 2.6600E+01 2.78135E-03
0.54 2.7600E+01 2.98391E-03
0.54 2.8600E+01 3.07306E-03
0.54 2.9600E+01 3.20954E-03
0.54 3.0600E+01 3.25255E-03
0.54 3.1600E+01 3.33721E-03
0.54 3.2600E+01 3.29478E-03
0.54 3.3600E+01 3.26353E-03
0.54 3.4600E+01 3.28032E-03
0.54 4.0000E+01 3.12778E-03
0.54 4.5000E+01 2.94539E-03
0.54 5.0000E+01 2.68996E-03
0.54 5.5000E+01 2.51945E-03
0.54 6.0000E+01 2.33523E-03
0.54 6.5000E+01 2.14740E-03
0.54 7.0000E+01 1.99886E-03
0.54 7.5000E+01 1.85113E-03
0.54 8.0000E+01 1.70300E-03
0.54 8.5000E+01 1.60568E-03
0.54 1.0000E+02 1.30217E-03
0.54 1.1000E+02 1.16032E-03
0.54 1.2000E+02 1.02487E-03
0.54 1.3000E+02 9.15346E-04
0.54 1.4000E+02 8.22437E-04
0.54 1.5000E+02 7.48151E-04
0.54 1.6000E+02 6.73888E-04
0.54 1.7000E+02 6.16236E-04
0.54 1.8000E+02 5.68624E-04
0.54 1.9000E+02 5.17634E-04
0.54 2.1000E+02 4.44347E-04
0.54 2.3000E+02 3.83304E-04
0.54 2.5000E+02 3.33817E-04
0.54 2.7000E+02 2.95356E-04
0.54 2.9000E+02 2.62212E-04
0.54 3.1000E+02 2.33694E-04
0.54 3.3000E+02 2.09963E-04
0.54 3.5000E+02 1.90512E-04
0.54 3.7000E+02 1.73585E-04
0.54 3.9000E+02 1.58480E-04
0.54 4.3000E+02 1.33131E-04
0.54 4.7000E+02 1.14076E-04
0.54 5.1000E+02 9.87937E-05 


0.55 2.5600E+01 2.60737E-03
0.55 2.6600E+01 2.78918E-03
0.55 2.7600E+01 3.00030E-03
0.55 2.8600E+01 3.14096E-03
0.55 2.9600E+01 3.19302E-03
0.55 3.0600E+01 3.21918E-03
0.55 3.1600E+01 3.26182E-03
0.55 3.2600E+01 3.33018E-03
0.55 3.3600E+01 3.34660E-03
0.55 3.4600E+01 3.33787E-03
0.55 4.0000E+01 3.16887E-03
0.55 4.5000E+01 2.90697E-03
0.55 5.0000E+01 2.71287E-03
0.55 5.5000E+01 2.51493E-03
0.55 6.0000E+01 2.35206E-03
0.55 6.5000E+01 2.17414E-03
0.55 7.0000E+01 1.99977E-03
0.55 7.5000E+01 1.83703E-03
0.55 8.0000E+01 1.72324E-03
0.55 8.5000E+01 1.60167E-03
0.55 1.0000E+02 1.30949E-03
0.55 1.1000E+02 1.15484E-03
0.55 1.2000E+02 1.01464E-03
0.55 1.3000E+02 9.19453E-04
0.55 1.4000E+02 8.21190E-04
0.55 1.5000E+02 7.46185E-04
0.55 1.6000E+02 6.76982E-04
0.55 1.7000E+02 6.14359E-04
0.55 1.8000E+02 5.66426E-04
0.55 1.9000E+02 5.22947E-04
0.55 2.1000E+02 4.43444E-04
0.55 2.3000E+02 3.85080E-04
0.55 2.5000E+02 3.33746E-04
0.55 2.7000E+02 2.94771E-04
0.55 2.9000E+02 2.62348E-04
0.55 3.1000E+02 2.34037E-04
0.55 3.3000E+02 2.10042E-04
0.55 3.5000E+02 1.90605E-04
0.55 3.7000E+02 1.73238E-04
0.55 3.9000E+02 1.58562E-04
0.55 4.3000E+02 1.32706E-04
0.55 4.7000E+02 1.13932E-04
0.55 5.1000E+02 9.87017E-05 


0.56 2.5600E+01 2.51592E-03
0.56 2.6600E+01 2.83925E-03
0.56 2.7600E+01 2.92958E-03
0.56 2.8600E+01 3.06770E-03
0.56 2.9600E+01 3.14883E-03
0.56 3.0600E+01 3.29704E-03
0.56 3.1600E+01 3.28580E-03
0.56 3.2600E+01 3.24915E-03
0.56 3.3600E+01 3.26473E-03
0.56 3.4600E+01 3.22983E-03
0.56 4.0000E+01 3.10818E-03
0.56 4.5000E+01 2.96076E-03
0.56 5.0000E+01 2.72970E-03
0.56 5.5000E+01 2.47380E-03
0.56 6.0000E+01 2.32138E-03
0.56 6.5000E+01 2.13428E-03
0.56 7.0000E+01 1.98100E-03
0.56 7.5000E+01 1.84392E-03
0.56 8.0000E+01 1.72018E-03
0.56 8.5000E+01 1.58177E-03
0.56 1.0000E+02 1.30932E-03
0.56 1.1000E+02 1.14724E-03
0.56 1.2000E+02 1.02556E-03
0.56 1.3000E+02 9.20330E-04
0.56 1.4000E+02 8.22667E-04
0.56 1.5000E+02 7.43054E-04
0.56 1.6000E+02 6.79131E-04
0.56 1.7000E+02 6.15590E-04
0.56 1.8000E+02 5.63821E-04
0.56 1.9000E+02 5.21987E-04
0.56 2.1000E+02 4.40991E-04
0.56 2.3000E+02 3.84631E-04
0.56 2.5000E+02 3.34289E-04
0.56 2.7000E+02 2.94241E-04
0.56 2.9000E+02 2.62136E-04
0.56 3.1000E+02 2.34399E-04
0.56 3.3000E+02 2.10377E-04
0.56 3.5000E+02 1.90000E-04
0.56 3.7000E+02 1.72934E-04
0.56 3.9000E+02 1.58300E-04
0.56 4.3000E+02 1.33420E-04
0.56 4.7000E+02 1.13856E-04
0.56 5.1000E+02 9.83959E-05 


0.57 2.5600E+01 2.56266E-03
0.57 2.6600E+01 2.75496E-03
0.57 2.7600E+01 3.04081E-03
0.57 2.8600E+01 3.10983E-03
0.57 2.9600E+01 3.26138E-03
0.57 3.0600E+01 3.19625E-03
0.57 3.1600E+01 3.31203E-03
0.57 3.2600E+01 3.36138E-03
0.57 3.3600E+01 3.33045E-03
0.57 3.4600E+01 3.34355E-03
0.57 4.0000E+01 3.16889E-03
0.57 4.5000E+01 2.91293E-03
0.57 5.0000E+01 2.69511E-03
0.57 5.5000E+01 2.53391E-03
0.57 6.0000E+01 2.32416E-03
0.57 6.5000E+01 2.14826E-03
0.57 7.0000E+01 1.98373E-03
0.57 7.5000E+01 1.85357E-03
0.57 8.0000E+01 1.70705E-03
0.57 8.5000E+01 1.60288E-03
0.57 1.0000E+02 1.30314E-03
0.57 1.1000E+02 1.14957E-03
0.57 1.2000E+02 1.03001E-03
0.57 1.3000E+02 9.09976E-04
0.57 1.4000E+02 8.25511E-04
0.57 1.5000E+02 7.42095E-04
0.57 1.6000E+02 6.78357E-04
0.57 1.7000E+02 6.17616E-04
0.57 1.8000E+02 5.63135E-04
0.57 1.9000E+02 5.19278E-04
0.57 2.1000E+02 4.43268E-04
0.57 2.3000E+02 3.83684E-04
0.57 2.5000E+02 3.35138E-04
0.57 2.7000E+02 2.94051E-04
0.57 2.9000E+02 2.61723E-04
0.57 3.1000E+02 2.34459E-04
0.57 3.3000E+02 2.10920E-04
0.57 3.5000E+02 1.90151E-04
0.57 3.7000E+02 1.72748E-04
0.57 3.9000E+02 1.57980E-04
0.57 4.3000E+02 1.33727E-04
0.57 4.7000E+02 1.13868E-04
0.57 5.1000E+02 9.86558E-05 


0.58 2.5600E+01 2.60112E-03
0.58 2.6600E+01 2.81845E-03
0.58 2.7600E+01 2.95724E-03
0.58 2.8600E+01 3.11420E-03
0.58 2.9600E+01 3.13216E-03
0.58 3.0600E+01 3.28519E-03
0.58 3.1600E+01 3.23357E-03
0.58 3.2600E+01 3.26773E-03
0.58 3.3600E+01 3.31218E-03
0.58 3.4600E+01 3.27912E-03
0.58 4.0000E+01 3.13926E-03
0.58 4.5000E+01 2.92369E-03
0.58 5.0000E+01 2.70667E-03
0.58 5.5000E+01 2.50258E-03
0.58 6.0000E+01 2.35130E-03
0.58 6.5000E+01 2.16453E-03
0.58 7.0000E+01 2.01516E-03
0.58 7.5000E+01 1.84796E-03
0.58 8.0000E+01 1.71129E-03
0.58 8.5000E+01 1.60491E-03
0.58 1.0000E+02 1.29981E-03
0.58 1.1000E+02 1.15545E-03
0.58 1.2000E+02 1.02509E-03
0.58 1.3000E+02 9.10888E-04
0.58 1.4000E+02 8.27040E-04
0.58 1.5000E+02 7.43901E-04
0.58 1.6000E+02 6.75120E-04
0.58 1.7000E+02 6.18163E-04
0.58 1.8000E+02 5.64777E-04
0.58 1.9000E+02 5.17594E-04
0.58 2.1000E+02 4.46299E-04
0.58 2.3000E+02 3.82650E-04
0.58 2.5000E+02 3.36220E-04
0.58 2.7000E+02 2.94408E-04
0.58 2.9000E+02 2.61332E-04
0.58 3.1000E+02 2.34275E-04
0.58 3.3000E+02 2.10811E-04
0.58 3.5000E+02 1.90421E-04
0.58 3.7000E+02 1.72795E-04
0.58 3.9000E+02 1.57806E-04
0.58 4.3000E+02 1.33636E-04
0.58 4.7000E+02 1.14008E-04
0.58 5.1000E+02 9.85762E-05 


0.59 2.5600E+01 2.54791E-03
0.59 2.6600E+01 2.84427E-03
0.59 2.7600E+01 2.95505E-03
0.59 2.8600E+01 3.04689E-03
0.59 2.9600E+01 3.21278E-03
0.59 3.0600E+01 3.24509E-03
0.59 3.1600E+01 3.35044E-03
0.59 3.2600E+01 3.30048E-03
0.59 3.3600E+01 3.25339E-03
0.59 3.4600E+01 3.28561E-03
0.59 4.0000E+01 3.11773E-03
0.59 4.5000E+01 2.95501E-03
0.59 5.0000E+01 2.74285E-03
0.59 5.5000E+01 2.49036E-03
0.59 6.0000E+01 2.33626E-03
0.59 6.5000E+01 2.14690E-03
0.59 7.0000E+01 1.97839E-03
0.59 7.5000E+01 1.83562E-03
0.59 8.0000E+01 1.72114E-03
0.59 8.5000E+01 1.59137E-03
0.59 1.0000E+02 1.30506E-03
0.59 1.1000E+02 1.15557E-03
0.59 1.2000E+02 1.02025E-03
0.59 1.3000E+02 9.21010E-04
0.59 1.4000E+02 8.24341E-04
0.59 1.5000E+02 7.46206E-04
0.59 1.6000E+02 6.73629E-04
0.59 1.7000E+02 6.18863E-04
0.59 1.8000E+02 5.66165E-04
0.59 1.9000E+02 5.18359E-04
0.59 2.1000E+02 4.45519E-04
0.59 2.3000E+02 3.80050E-04
0.59 2.5000E+02 3.35524E-04
0.59 2.7000E+02 2.94945E-04
0.59 2.9000E+02 2.61184E-04
0.59 3.1000E+02 2.33929E-04
0.59 3.3000E+02 2.10795E-04
0.59 3.5000E+02 1.90595E-04
0.59 3.7000E+02 1.72951E-04
0.59 3.9000E+02 1.57883E-04
0.59 4.3000E+02 1.33174E-04
0.59 4.7000E+02 1.14352E-04
0.59 5.1000E+02 9.86104E-05 


0.60 2.5600E+01 2.52211E-03
0.60 2.6600E+01 2.73428E-03
0.60 2.7600E+01 3.02280E-03
0.60 2.8600E+01 3.15228E-03
0.60 2.9600E+01 3.20904E-03
0.60 3.0600E+01 3.20888E-03
0.60 3.1600E+01 3.25207E-03
0.60 3.2600E+01 3.33319E-03
0.60 3.3600E+01 3.35512E-03
0.60 3.4600E+01 3.33417E-03
0.60 4.0000E+01 3.18731E-03
0.60 4.5000E+01 2.90908E-03
0.60 5.0000E+01 2.67926E-03
0.60 5.5000E+01 2.52085E-03
0.60 6.0000E+01 2.30017E-03
0.60 6.5000E+01 2.14129E-03
0.60 7.0000E+01 1.98623E-03
0.60 7.5000E+01 1.84571E-03
0.60 8.0000E+01 1.71782E-03
0.60 8.5000E+01 1.58949E-03
0.60 1.0000E+02 1.31413E-03
0.60 1.1000E+02 1.15227E-03
0.60 1.2000E+02 1.02178E-03
0.60 1.3000E+02 9.20109E-04
0.60 1.4000E+02 8.17190E-04
0.60 1.5000E+02 7.47252E-04
0.60 1.6000E+02 6.75321E-04
0.60 1.7000E+02 6.16350E-04
0.60 1.8000E+02 5.66179E-04
0.60 1.9000E+02 5.19981E-04
0.60 2.1000E+02 4.43442E-04
0.60 2.3000E+02 3.84127E-04
0.60 2.5000E+02 3.34589E-04
0.60 2.7000E+02 2.95543E-04
0.60 2.9000E+02 2.61376E-04
0.60 3.1000E+02 2.33677E-04
0.60 3.3000E+02 2.10567E-04
0.60 3.5000E+02 1.90650E-04
0.60 3.7000E+02 1.73161E-04
0.60 3.9000E+02 1.57862E-04
0.60 4.3000E+02 1.33234E-04
0.60 4.7000E+02 1.14334E-04
0.60 5.1000E+02 9.85898E-05 


0.61 2.5600E+01 2.60594E-03
0.61 2.6600E+01 2.85357E-03
0.61 2.7600E+01 2.95898E-03
0.61 2.8600E+01 3.09287E-03
0.61 2.9600E+01 3.14041E-03
0.61 3.0600E+01 3.32063E-03
0.61 3.1600E+01 3.27546E-03
0.61 3.2600E+01 3.25415E-03
0.61 3.3600E+01 3.26079E-03
0.61 3.4600E+01 3.25737E-03
0.61 4.0000E+01 3.10187E-03
0.61 4.5000E+01 2.93804E-03
0.61 5.0000E+01 2.72461E-03
0.61 5.5000E+01 2.51072E-03
0.61 6.0000E+01 2.36056E-03
0.61 6.5000E+01 2.15952E-03
0.61 7.0000E+01 2.00427E-03
0.61 7.5000E+01 1.85801E-03
0.61 8.0000E+01 1.70849E-03
0.61 8.5000E+01 1.60051E-03
0.61 1.0000E+02 1.30126E-03
0.61 1.1000E+02 1.14795E-03
0.61 1.2000E+02 1.02642E-03
0.61 1.3000E+02 9.14009E-04
0.61 1.4000E+02 8.24352E-04
0.61 1.5000E+02 7.45609E-04
0.61 1.6000E+02 6.77903E-04
0.61 1.7000E+02 6.14661E-04
0.61 1.8000E+02 5.66227E-04
0.61 1.9000E+02 5.20804E-04
0.61 2.1000E+02 4.41779E-04
0.61 2.3000E+02 3.85458E-04
0.61 2.5000E+02 3.33083E-04
0.61 2.7000E+02 2.95824E-04
0.61 2.9000E+02 2.61761E-04
0.61 3.1000E+02 2.33504E-04
0.61 3.3000E+02 2.10420E-04
0.61 3.5000E+02 1.90634E-04
0.61 3.7000E+02 1.73259E-04
0.61 3.9000E+02 1.58011E-04
0.61 4.3000E+02 1.33214E-04
0.61 4.7000E+02 1.14282E-04
0.61 5.1000E+02 9.89106E-05 


0.62 2.5600E+01 2.57750E-03
0.62 2.6600E+01 2.83193E-03
0.62 2.7600E+01 2.92558E-03
0.62 2.8600E+01 3.05570E-03
0.62 2.9600E+01 3.24735E-03
0.62 3.0600E+01 3.19626E-03
0.62 3.1600E+01 3.32386E-03
0.62 3.2600E+01 3.34869E-03
0.62 3.3600E+01 3.32069E-03
0.62 3.4600E+01 3.32974E-03
0.62 4.0000E+01 3.15114E-03
0.62 4.5000E+01 2.95047E-03
0.62 5.0000E+01 2.72538E-03
0.62 5.5000E+01 2.48854E-03
0.62 6.0000E+01 2.33311E-03
0.62 6.5000E+01 2.15952E-03
0.62 7.0000E+01 1.99472E-03
0.62 7.5000E+01 1.83518E-03
0.62 8.0000E+01 1.70983E-03
0.62 8.5000E+01 1.60295E-03
0.62 1.0000E+02 1.29695E-03
0.62 1.1000E+02 1.14983E-03
0.62 1.2000E+02 1.02759E-03
0.62 1.3000E+02 9.12225E-04
0.62 1.4000E+02 8.27823E-04
0.62 1.5000E+02 7.38616E-04
0.62 1.6000E+02 6.78949E-04
0.62 1.7000E+02 6.15744E-04
0.62 1.8000E+02 5.64848E-04
0.62 1.9000E+02 5.20309E-04
0.62 2.1000E+02 4.42408E-04
0.62 2.3000E+02 3.84749E-04
0.62 2.5000E+02 3.33387E-04
0.62 2.7000E+02 2.95150E-04
0.62 2.9000E+02 2.62159E-04
0.62 3.1000E+02 2.33718E-04
0.62 3.3000E+02 2.10171E-04
0.62 3.5000E+02 1.90496E-04
0.62 3.7000E+02 1.73175E-04
0.62 3.9000E+02 1.58178E-04
0.62 4.3000E+02 1.33157E-04
0.62 4.7000E+02 1.14206E-04
0.62 5.1000E+02 9.89020E-05 


0.63 2.5600E+01 2.51315E-03
0.63 2.6600E+01 2.75820E-03
0.63 2.7600E+01 3.04147E-03
0.63 2.8600E+01 3.17904E-03
0.63 2.9600E+01 3.17043E-03
0.63 3.0600E+01 3.25948E-03
0.63 3.1600E+01 3.24771E-03
0.63 3.2600E+01 3.29528E-03
0.63 3.3600E+01 3.32961E-03
0.63 3.4600E+01 3.30672E-03
0.63 4.0000E+01 3.16430E-03
0.63 4.5000E+01 2.90120E-03
0.63 5.0000E+01 2.69134E-03
0.63 5.5000E+01 2.51214E-03
0.63 6.0000E+01 2.31501E-03
0.63 6.5000E+01 2.13603E-03
0.63 7.0000E+01 1.97987E-03
0.63 7.5000E+01 1.84142E-03
0.63 8.0000E+01 1.72943E-03
0.63 8.5000E+01 1.59417E-03
0.63 1.0000E+02 1.30945E-03
0.63 1.1000E+02 1.15740E-03
0.63 1.2000E+02 1.02420E-03
0.63 1.3000E+02 9.15528E-04
0.63 1.4000E+02 8.25319E-04
0.63 1.5000E+02 7.44001E-04
0.63 1.6000E+02 6.77605E-04
0.63 1.7000E+02 6.18241E-04
0.63 1.8000E+02 5.63400E-04
0.63 1.9000E+02 5.19784E-04
0.63 2.1000E+02 4.43861E-04
0.63 2.3000E+02 3.83036E-04
0.63 2.5000E+02 3.36000E-04
0.63 2.7000E+02 2.94173E-04
0.63 2.9000E+02 2.62744E-04
0.63 3.1000E+02 2.33983E-04
0.63 3.3000E+02 2.10172E-04
0.63 3.5000E+02 1.90297E-04
0.63 3.7000E+02 1.73242E-04
0.63 3.9000E+02 1.58214E-04
0.63 4.3000E+02 1.33243E-04
0.63 4.7000E+02 1.13916E-04
0.63 5.1000E+02 9.87198E-05 


0.64 2.5600E+01 2.55808E-03
0.64 2.6600E+01 2.79211E-03
0.64 2.7600E+01 2.93925E-03
0.64 2.8600E+01 3.06190E-03
0.64 2.9600E+01 3.15661E-03
0.64 3.0600E+01 3.28340E-03
0.64 3.1600E+01 3.28031E-03
0.64 3.2600E+01 3.26876E-03
0.64 3.3600E+01 3.25515E-03
0.64 3.4600E+01 3.26023E-03
0.64 4.0000E+01 3.11335E-03
0.64 4.5000E+01 2.94177E-03
0.64 5.0000E+01 2.71373E-03
0.64 5.5000E+01 2.52814E-03
0.64 6.0000E+01 2.34242E-03
0.64 6.5000E+01 2.15695E-03
0.64 7.0000E+01 1.99051E-03
0.64 7.5000E+01 1.85486E-03
0.64 8.0000E+01 1.71143E-03
0.64 8.5000E+01 1.58700E-03
0.64 1.0000E+02 1.31122E-03
0.64 1.1000E+02 1.15710E-03
0.64 1.2000E+02 1.01991E-03
0.64 1.3000E+02 9.18461E-04
0.64 1.4000E+02 8.21106E-04
0.64 1.5000E+02 7.47859E-04
0.64 1.6000E+02 6.70873E-04
0.64 1.7000E+02 6.19577E-04
0.64 1.8000E+02 5.64051E-04
0.64 1.9000E+02 5.19384E-04
0.64 2.1000E+02 4.44825E-04
0.64 2.3000E+02 3.81947E-04
0.64 2.5000E+02 3.36462E-04
0.64 2.7000E+02 2.92741E-04
0.64 2.9000E+02 2.62309E-04
0.64 3.1000E+02 2.34270E-04
0.64 3.3000E+02 2.10295E-04
0.64 3.5000E+02 1.90158E-04
0.64 3.7000E+02 1.73089E-04
0.64 3.9000E+02 1.58212E-04
0.64 4.3000E+02 1.33383E-04
0.64 4.7000E+02 1.13906E-04
0.64 5.1000E+02 9.88032E-05 


0.65 2.5600E+01 2.60695E-03
0.65 2.6600E+01 2.86461E-03
0.65 2.7600E+01 2.95001E-03
0.65 2.8600E+01 3.08103E-03
0.65 2.9600E+01 3.23817E-03
0.65 3.0600E+01 3.20406E-03
0.65 3.1600E+01 3.32046E-03
0.65 3.2600E+01 3.34441E-03
0.65 3.3600E+01 3.35698E-03
0.65 3.4600E+01 3.33085E-03
0.65 4.0000E+01 3.14951E-03
0.65 4.5000E+01 2.94635E-03
0.65 5.0000E+01 2.73142E-03
0.65 5.5000E+01 2.47982E-03
0.65 6.0000E+01 2.34608E-03
0.65 6.5000E+01 2.16449E-03
0.65 7.0000E+01 2.00431E-03
0.65 7.5000E+01 1.84829E-03
0.65 8.0000E+01 1.70579E-03
0.65 8.5000E+01 1.60021E-03
0.65 1.0000E+02 1.30346E-03
0.65 1.1000E+02 1.14472E-03
0.65 1.2000E+02 1.02189E-03
0.65 1.3000E+02 9.17953E-04
0.65 1.4000E+02 8.20804E-04
0.65 1.5000E+02 7.46327E-04
0.65 1.6000E+02 6.74524E-04
0.65 1.7000E+02 6.18600E-04
0.65 1.8000E+02 5.66060E-04
0.65 1.9000E+02 5.18419E-04
0.65 2.1000E+02 4.44693E-04
0.65 2.3000E+02 3.82268E-04
0.65 2.5000E+02 3.35495E-04
0.65 2.7000E+02 2.94998E-04
0.65 2.9000E+02 2.61599E-04
0.65 3.1000E+02 2.34627E-04
0.65 3.3000E+02 2.10540E-04
0.65 3.5000E+02 1.90151E-04
0.65 3.7000E+02 1.72958E-04
0.65 3.9000E+02 1.57933E-04
0.65 4.3000E+02 1.33370E-04
0.65 4.7000E+02 1.13951E-04
0.65 5.1000E+02 9.87064E-05 


