0.40 2.5600E+01   NaN
0.40 2.6600E+01   NaN
0.40 2.7600E+01   NaN
0.40 2.8600E+01   NaN
0.40 2.9600E+01   NaN
0.40 3.0600E+01   NaN
0.40 3.1600E+01   NaN
0.40 3.2600E+01   NaN
0.40 3.3600E+01   NaN
0.40 3.4600E+01   NaN
0.40 4.0000E+01   NaN
0.40 4.5000E+01   NaN
0.40 5.0000E+01   NaN
0.40 5.5000E+01   NaN
0.40 6.0000E+01   NaN
0.40 6.5000E+01 1.19636E-06
0.40 7.0000E+01 1.43613E-06
0.40 7.5000E+01 3.29094E-06
0.40 8.0000E+01 7.93068E-06
0.40 8.5000E+01 9.55488E-06
0.40 1.0000E+02 8.84841E-06
0.40 1.1000E+02 9.58493E-06
0.40 1.2000E+02 7.69223E-06
0.40 1.3000E+02 7.22461E-06
0.40 1.4000E+02 6.85216E-06
0.40 1.5000E+02 6.09799E-06
0.40 1.6000E+02 5.45581E-06
0.40 1.7000E+02 5.42259E-06
0.40 1.8000E+02 5.69479E-06
0.40 1.9000E+02 5.70230E-06
0.40 2.1000E+02 4.12331E-06
0.40 2.3000E+02 4.23908E-06
0.40 2.5000E+02 3.99734E-06
0.40 2.7000E+02 3.66867E-06
0.40 2.9000E+02 3.30610E-06
0.40 3.1000E+02 2.96588E-06
0.40 3.3000E+02 2.65549E-06
0.40 3.5000E+02 2.39113E-06
0.40 3.7000E+02 2.28469E-06
0.40 3.9000E+02 1.97941E-06
0.40 4.3000E+02 1.68733E-06
0.40 4.7000E+02 1.42841E-06
0.40 5.1000E+02 1.25603E-06 


0.41 2.5600E+01   NaN
0.41 2.6600E+01   NaN
0.41 2.7600E+01   NaN
0.41 2.8600E+01   NaN
0.41 2.9600E+01   NaN
0.41 3.0600E+01   NaN
0.41 3.1600E+01   NaN
0.41 3.2600E+01   NaN
0.41 3.3600E+01   NaN
0.41 3.4600E+01   NaN
0.41 4.0000E+01   NaN
0.41 4.5000E+01   NaN
0.41 5.0000E+01   NaN
0.41 5.5000E+01   NaN
0.41 6.0000E+01   NaN
0.41 6.5000E+01 4.00861E-06
0.41 7.0000E+01 7.71684E-07
0.41 7.5000E+01 4.17822E-06
0.41 8.0000E+01 5.96134E-06
0.41 8.5000E+01 1.04535E-05
0.41 1.0000E+02 8.45042E-06
0.41 1.1000E+02 7.55855E-06
0.41 1.2000E+02 6.61258E-06
0.41 1.3000E+02 6.18441E-06
0.41 1.4000E+02 5.78530E-06
0.41 1.5000E+02 5.29850E-06
0.41 1.6000E+02 4.67964E-06
0.41 1.7000E+02 4.23343E-06
0.41 1.8000E+02 4.14593E-06
0.41 1.9000E+02 4.34360E-06
0.41 2.1000E+02 3.80548E-06
0.41 2.3000E+02 2.55262E-06
0.41 2.5000E+02 3.04603E-06
0.41 2.7000E+02 2.72997E-06
0.41 2.9000E+02 2.54749E-06
0.41 3.1000E+02 2.29654E-06
0.41 3.3000E+02 2.05620E-06
0.41 3.5000E+02 1.84640E-06
0.41 3.7000E+02 1.65924E-06
0.41 3.9000E+02 1.50203E-06
0.41 4.3000E+02 1.25640E-06
0.41 4.7000E+02 1.06623E-06
0.41 5.1000E+02 9.16775E-07 


0.42 2.5600E+01   NaN
0.42 2.6600E+01   NaN
0.42 2.7600E+01   NaN
0.42 2.8600E+01   NaN
0.42 2.9600E+01   NaN
0.42 3.0600E+01   NaN
0.42 3.1600E+01   NaN
0.42 3.2600E+01   NaN
0.42 3.3600E+01   NaN
0.42 3.4600E+01   NaN
0.42 4.0000E+01   NaN
0.42 4.5000E+01   NaN
0.42 5.0000E+01   NaN
0.42 5.5000E+01   NaN
0.42 6.0000E+01   NaN
0.42 6.5000E+01 2.33396E-06
0.42 7.0000E+01 2.02396E-06
0.42 7.5000E+01 1.79684E-06
0.42 8.0000E+01 7.92023E-06
0.42 8.5000E+01 9.65478E-06
0.42 1.0000E+02 6.91683E-06
0.42 1.1000E+02 6.15692E-06
0.42 1.2000E+02 6.69650E-06
0.42 1.3000E+02 5.47217E-06
0.42 1.4000E+02 5.14950E-06
0.42 1.5000E+02 4.95773E-06
0.42 1.6000E+02 4.23058E-06
0.42 1.7000E+02 3.62329E-06
0.42 1.8000E+02 3.20496E-06
0.42 1.9000E+02 3.14886E-06
0.42 2.1000E+02 3.30020E-06
0.42 2.3000E+02 2.56719E-06
0.42 2.5000E+02 2.14378E-06
0.42 2.7000E+02 2.08821E-06
0.42 2.9000E+02 1.94072E-06
0.42 3.1000E+02 1.76885E-06
0.42 3.3000E+02 1.59150E-06
0.42 3.5000E+02 1.42131E-06
0.42 3.7000E+02 1.28046E-06
0.42 3.9000E+02 1.14657E-06
0.42 4.3000E+02 9.32919E-07
0.42 4.7000E+02 7.68432E-07
0.42 5.1000E+02 6.54026E-07 


0.43 2.5600E+01   NaN
0.43 2.6600E+01   NaN
0.43 2.7600E+01   NaN
0.43 2.8600E+01   NaN
0.43 2.9600E+01   NaN
0.43 3.0600E+01   NaN
0.43 3.1600E+01   NaN
0.43 3.2600E+01   NaN
0.43 3.3600E+01   NaN
0.43 3.4600E+01   NaN
0.43 4.0000E+01   NaN
0.43 4.5000E+01   NaN
0.43 5.0000E+01   NaN
0.43 5.5000E+01   NaN
0.43 6.0000E+01   NaN
0.43 6.5000E+01 7.35937E-07
0.43 7.0000E+01 7.14817E-07
0.43 7.5000E+01 2.87382E-06
0.43 8.0000E+01 1.14998E-05
0.43 8.5000E+01 7.64346E-06
0.43 1.0000E+02 4.88156E-06
0.43 1.1000E+02 5.18451E-06
0.43 1.2000E+02 5.61210E-06
0.43 1.3000E+02 5.86745E-06
0.43 1.4000E+02 5.28818E-06
0.43 1.5000E+02 5.35864E-06
0.43 1.6000E+02 4.83081E-06
0.43 1.7000E+02 4.15134E-06
0.43 1.8000E+02 3.36218E-06
0.43 1.9000E+02 2.80794E-06
0.43 2.1000E+02 2.80616E-06
0.43 2.3000E+02 2.80039E-06
0.43 2.5000E+02 1.95776E-06
0.43 2.7000E+02 1.60700E-06
0.43 2.9000E+02 1.56275E-06
0.43 3.1000E+02 1.46116E-06
0.43 3.3000E+02 1.33382E-06
0.43 3.5000E+02 1.21075E-06
0.43 3.7000E+02 1.09259E-06
0.43 3.9000E+02 9.75793E-07
0.43 4.3000E+02 7.95824E-07
0.43 4.7000E+02 6.18712E-07
0.43 5.1000E+02 5.05993E-07 


0.44 2.5600E+01   NaN
0.44 2.6600E+01   NaN
0.44 2.7600E+01   NaN
0.44 2.8600E+01   NaN
0.44 2.9600E+01   NaN
0.44 3.0600E+01   NaN
0.44 3.1600E+01   NaN
0.44 3.2600E+01   NaN
0.44 3.3600E+01   NaN
0.44 3.4600E+01   NaN
0.44 4.0000E+01   NaN
0.44 4.5000E+01   NaN
0.44 5.0000E+01   NaN
0.44 5.5000E+01   NaN
0.44 6.0000E+01   NaN
0.44 6.5000E+01 5.38591E-06
0.44 7.0000E+01 2.06875E-06
0.44 7.5000E+01 9.78966E-07
0.44 8.0000E+01 1.17314E-05
0.44 8.5000E+01 6.55570E-06
0.44 1.0000E+02 2.97367E-06
0.44 1.1000E+02 1.04174E-05
0.44 1.2000E+02 1.27660E-05
0.44 1.3000E+02 1.87939E-05
0.44 1.4000E+02 1.95750E-05
0.44 1.5000E+02 1.92082E-05
0.44 1.6000E+02 2.08625E-05
0.44 1.7000E+02 2.07610E-05
0.44 1.8000E+02 1.88537E-05
0.44 1.9000E+02 1.57948E-05
0.44 2.1000E+02 1.10605E-05
0.44 2.3000E+02 1.14086E-05
0.44 2.5000E+02 1.20429E-05
0.44 2.7000E+02 6.58529E-06
0.44 2.9000E+02 6.38449E-06
0.44 3.1000E+02 5.98693E-06
0.44 3.3000E+02 5.67968E-06
0.44 3.5000E+02 5.33735E-06
0.44 3.7000E+02 5.01411E-06
0.44 3.9000E+02 4.70030E-06
0.44 4.3000E+02 4.11882E-06
0.44 4.7000E+02 3.50828E-06
0.44 5.1000E+02 2.99420E-06 


0.45 2.5600E+01   NaN
0.45 2.6600E+01   NaN
0.45 2.7600E+01   NaN
0.45 2.8600E+01   NaN
0.45 2.9600E+01   NaN
0.45 3.0600E+01   NaN
0.45 3.1600E+01   NaN
0.45 3.2600E+01   NaN
0.45 3.3600E+01   NaN
0.45 3.4600E+01   NaN
0.45 4.0000E+01   NaN
0.45 4.5000E+01   NaN
0.45 5.0000E+01   NaN
0.45 5.5000E+01   NaN
0.45 6.0000E+01   NaN
0.45 6.5000E+01 1.20041E-07
0.45 7.0000E+01 1.11913E-05
0.45 7.5000E+01 1.74815E-05
0.45 8.0000E+01 4.01543E-06
0.45 8.5000E+01 1.38765E-05
0.45 1.0000E+02 6.05147E-05
0.45 1.1000E+02 7.79317E-05
0.45 1.2000E+02 1.01670E-04
0.45 1.3000E+02 1.05764E-04
0.45 1.4000E+02 1.17573E-04
0.45 1.5000E+02 1.23757E-04
0.45 1.6000E+02 1.24402E-04
0.45 1.7000E+02 1.32735E-04
0.45 1.8000E+02 1.37317E-04
0.45 1.9000E+02 1.30968E-04
0.45 2.1000E+02 1.03611E-04
0.45 2.3000E+02 8.37417E-05
0.45 2.5000E+02 8.57458E-05
0.45 2.7000E+02 8.78402E-05
0.45 2.9000E+02 6.07439E-05
0.45 3.1000E+02 5.50336E-05
0.45 3.3000E+02 5.07534E-05
0.45 3.5000E+02 4.71251E-05
0.45 3.7000E+02 4.40795E-05
0.45 3.9000E+02 4.13877E-05
0.45 4.3000E+02 3.69269E-05
0.45 4.7000E+02 3.28966E-05
0.45 5.1000E+02 2.93990E-05 


0.46 2.5600E+01   NaN
0.46 2.6600E+01   NaN
0.46 2.7600E+01   NaN
0.46 2.8600E+01   NaN
0.46 2.9600E+01   NaN
0.46 3.0600E+01   NaN
0.46 3.1600E+01   NaN
0.46 3.2600E+01   NaN
0.46 3.3600E+01   NaN
0.46 3.4600E+01   NaN
0.46 4.0000E+01   NaN
0.46 4.5000E+01   NaN
0.46 5.0000E+01   NaN
0.46 5.5000E+01   NaN
0.46 6.0000E+01   NaN
0.46 6.5000E+01 1.34612E-06
0.46 7.0000E+01 1.44293E-06
0.46 7.5000E+01 3.36546E-06
0.46 8.0000E+01 1.95554E-06
0.46 8.5000E+01 5.11115E-06
0.46 1.0000E+02 9.30962E-06
0.46 1.1000E+02 8.19376E-06
0.46 1.2000E+02 8.75684E-06
0.46 1.3000E+02 8.10873E-06
0.46 1.4000E+02 8.25587E-06
0.46 1.5000E+02 8.43643E-06
0.46 1.6000E+02 8.17101E-06
0.46 1.7000E+02 8.07330E-06
0.46 1.8000E+02 8.42564E-06
0.46 1.9000E+02 8.55661E-06
0.46 2.1000E+02 7.60904E-06
0.46 2.3000E+02 6.29778E-06
0.46 2.5000E+02 5.61372E-06
0.46 2.7000E+02 5.32615E-06
0.46 2.9000E+02 5.54152E-06
0.46 3.1000E+02 4.17143E-06
0.46 3.3000E+02 3.74759E-06
0.46 3.5000E+02 3.43801E-06
0.46 3.7000E+02 3.14789E-06
0.46 3.9000E+02 2.94483E-06
0.46 4.3000E+02 2.58833E-06
0.46 4.7000E+02 2.28920E-06
0.46 5.1000E+02 2.05391E-06 


0.47 2.5600E+01   NaN
0.47 2.6600E+01   NaN
0.47 2.7600E+01   NaN
0.47 2.8600E+01   NaN
0.47 2.9600E+01   NaN
0.47 3.0600E+01   NaN
0.47 3.1600E+01   NaN
0.47 3.2600E+01   NaN
0.47 3.3600E+01   NaN
0.47 3.4600E+01   NaN
0.47 4.0000E+01   NaN
0.47 4.5000E+01   NaN
0.47 5.0000E+01   NaN
0.47 5.5000E+01   NaN
0.47 6.0000E+01   NaN
0.47 6.5000E+01 1.14288E-06
0.47 7.0000E+01 1.32064E-06
0.47 7.5000E+01 2.41534E-06
0.47 8.0000E+01 2.13754E-06
0.47 8.5000E+01 5.12424E-06
0.47 1.0000E+02 6.19153E-06
0.47 1.1000E+02 5.37776E-06
0.47 1.2000E+02 5.05220E-06
0.47 1.3000E+02 4.89331E-06
0.47 1.4000E+02 4.33208E-06
0.47 1.5000E+02 4.61485E-06
0.47 1.6000E+02 4.30486E-06
0.47 1.7000E+02 4.15931E-06
0.47 1.8000E+02 4.01795E-06
0.47 1.9000E+02 4.16043E-06
0.47 2.1000E+02 3.94924E-06
0.47 2.3000E+02 3.43458E-06
0.47 2.5000E+02 2.91858E-06
0.47 2.7000E+02 2.66843E-06
0.47 2.9000E+02 2.63162E-06
0.47 3.1000E+02 2.28323E-06
0.47 3.3000E+02 1.98901E-06
0.47 3.5000E+02 1.80534E-06
0.47 3.7000E+02 1.64827E-06
0.47 3.9000E+02 1.52072E-06
0.47 4.3000E+02 1.30836E-06
0.47 4.7000E+02 1.10255E-06
0.47 5.1000E+02 9.83580E-07 


0.48 2.5600E+01   NaN
0.48 2.6600E+01   NaN
0.48 2.7600E+01   NaN
0.48 2.8600E+01   NaN
0.48 2.9600E+01   NaN
0.48 3.0600E+01   NaN
0.48 3.1600E+01   NaN
0.48 3.2600E+01   NaN
0.48 3.3600E+01   NaN
0.48 3.4600E+01   NaN
0.48 4.0000E+01   NaN
0.48 4.5000E+01   NaN
0.48 5.0000E+01   NaN
0.48 5.5000E+01   NaN
0.48 6.0000E+01   NaN
0.48 6.5000E+01 2.42698E-07
0.48 7.0000E+01 1.36626E-06
0.48 7.5000E+01 1.62145E-06
0.48 8.0000E+01 2.46509E-06
0.48 8.5000E+01 5.57415E-06
0.48 1.0000E+02 4.84408E-06
0.48 1.1000E+02 4.58729E-06
0.48 1.2000E+02 3.91922E-06
0.48 1.3000E+02 3.82456E-06
0.48 1.4000E+02 3.35443E-06
0.48 1.5000E+02 3.25871E-06
0.48 1.6000E+02 3.22749E-06
0.48 1.7000E+02 2.95699E-06
0.48 1.8000E+02 2.78115E-06
0.48 1.9000E+02 2.77517E-06
0.48 2.1000E+02 2.75105E-06
0.48 2.3000E+02 2.46709E-06
0.48 2.5000E+02 2.12958E-06
0.48 2.7000E+02 1.85382E-06
0.48 2.9000E+02 1.72856E-06
0.48 3.1000E+02 1.71089E-06
0.48 3.3000E+02 1.43720E-06
0.48 3.5000E+02 1.27543E-06
0.48 3.7000E+02 1.15103E-06
0.48 3.9000E+02 1.06158E-06
0.48 4.3000E+02 8.96856E-07
0.48 4.7000E+02 7.85375E-07
0.48 5.1000E+02 6.89002E-07 


0.49 2.5600E+01   NaN
0.49 2.6600E+01   NaN
0.49 2.7600E+01   NaN
0.49 2.8600E+01   NaN
0.49 2.9600E+01   NaN
0.49 3.0600E+01   NaN
0.49 3.1600E+01   NaN
0.49 3.2600E+01   NaN
0.49 3.3600E+01   NaN
0.49 3.4600E+01   NaN
0.49 4.0000E+01   NaN
0.49 4.5000E+01   NaN
0.49 5.0000E+01   NaN
0.49 5.5000E+01   NaN
0.49 6.0000E+01   NaN
0.49 6.5000E+01 8.65606E-07
0.49 7.0000E+01 6.31053E-07
0.49 7.5000E+01 1.71994E-06
0.49 8.0000E+01 3.30369E-06
0.49 8.5000E+01 4.90292E-06
0.49 1.0000E+02 4.36432E-06
0.49 1.1000E+02 4.03196E-06
0.49 1.2000E+02 3.39685E-06
0.49 1.3000E+02 3.20449E-06
0.49 1.4000E+02 2.94685E-06
0.49 1.5000E+02 2.48831E-06
0.49 1.6000E+02 2.96163E-06
0.49 1.7000E+02 2.42813E-06
0.49 1.8000E+02 2.21220E-06
0.49 1.9000E+02 2.06843E-06
0.49 2.1000E+02 2.07529E-06
0.49 2.3000E+02 1.92125E-06
0.49 2.5000E+02 1.69443E-06
0.49 2.7000E+02 1.45737E-06
0.49 2.9000E+02 1.28800E-06
0.49 3.1000E+02 1.21219E-06
0.49 3.3000E+02 1.21124E-06
0.49 3.5000E+02 9.18402E-07
0.49 3.7000E+02 8.81829E-07
0.49 3.9000E+02 6.74889E-07
0.49 4.3000E+02 6.72067E-07
0.49 4.7000E+02 5.60394E-07
0.49 5.1000E+02 5.63314E-07 


0.50 2.5600E+01   NaN
0.50 2.6600E+01   NaN
0.50 2.7600E+01   NaN
0.50 2.8600E+01   NaN
0.50 2.9600E+01   NaN
0.50 3.0600E+01   NaN
0.50 3.1600E+01   NaN
0.50 3.2600E+01   NaN
0.50 3.3600E+01   NaN
0.50 3.4600E+01   NaN
0.50 4.0000E+01   NaN
0.50 4.5000E+01   NaN
0.50 5.0000E+01   NaN
0.50 5.5000E+01   NaN
0.50 6.0000E+01   NaN
0.50 6.5000E+01 6.91930E-07
0.50 7.0000E+01 1.30983E-06
0.50 7.5000E+01 2.00694E-06
0.50 8.0000E+01 3.53039E-06
0.50 8.5000E+01 4.32012E-06
0.50 1.0000E+02 3.95244E-06
0.50 1.1000E+02 3.37665E-06
0.50 1.2000E+02 3.13197E-06
0.50 1.3000E+02 2.72855E-06
0.50 1.4000E+02 2.65849E-06
0.50 1.5000E+02 2.20395E-06
0.50 1.6000E+02 1.95847E-06
0.50 1.7000E+02 2.11707E-06
0.50 1.8000E+02 1.82522E-06
0.50 1.9000E+02 1.66536E-06
0.50 2.1000E+02 1.55766E-06
0.50 2.3000E+02 1.50675E-06
0.50 2.5000E+02 1.36238E-06
0.50 2.7000E+02 1.18923E-06
0.50 2.9000E+02 1.01412E-06
0.50 3.1000E+02 9.07485E-07
0.50 3.3000E+02 8.62031E-07
0.50 3.5000E+02 8.90086E-07
0.50 3.7000E+02 6.98327E-07
0.50 3.9000E+02 6.18551E-07
0.50 4.3000E+02 5.02877E-07
0.50 4.7000E+02 4.17500E-07
0.50 5.1000E+02 3.57026E-07 


0.51 2.5600E+01   NaN
0.51 2.6600E+01   NaN
0.51 2.7600E+01   NaN
0.51 2.8600E+01   NaN
0.51 2.9600E+01   NaN
0.51 3.0600E+01   NaN
0.51 3.1600E+01   NaN
0.51 3.2600E+01   NaN
0.51 3.3600E+01   NaN
0.51 3.4600E+01   NaN
0.51 4.0000E+01   NaN
0.51 4.5000E+01   NaN
0.51 5.0000E+01   NaN
0.51 5.5000E+01   NaN
0.51 6.0000E+01   NaN
0.51 6.5000E+01 1.75280E-07
0.51 7.0000E+01 1.05721E-06
0.51 7.5000E+01 1.15259E-06
0.51 8.0000E+01 3.31989E-06
0.51 8.5000E+01 4.48902E-06
0.51 1.0000E+02 2.83012E-06
0.51 1.1000E+02 2.85864E-06
0.51 1.2000E+02 3.00890E-06
0.51 1.3000E+02 2.56271E-06
0.51 1.4000E+02 2.44076E-06
0.51 1.5000E+02 2.30249E-06
0.51 1.6000E+02 1.70163E-06
0.51 1.7000E+02 1.80752E-06
0.51 1.8000E+02 1.71461E-06
0.51 1.9000E+02 1.44866E-06
0.51 2.1000E+02 1.17331E-06
0.51 2.3000E+02 1.18170E-06
0.51 2.5000E+02 1.11501E-06
0.51 2.7000E+02 9.93417E-07
0.51 2.9000E+02 8.50059E-07
0.51 3.1000E+02 7.13853E-07
0.51 3.3000E+02 6.28982E-07
0.51 3.5000E+02 6.20528E-07
0.51 3.7000E+02 6.09593E-07
0.51 3.9000E+02 5.03707E-07
0.51 4.3000E+02 3.80903E-07
0.51 4.7000E+02 3.05762E-07
0.51 5.1000E+02 2.57276E-07 


0.52 2.5600E+01   NaN
0.52 2.6600E+01   NaN
0.52 2.7600E+01   NaN
0.52 2.8600E+01   NaN
0.52 2.9600E+01   NaN
0.52 3.0600E+01   NaN
0.52 3.1600E+01   NaN
0.52 3.2600E+01   NaN
0.52 3.3600E+01   NaN
0.52 3.4600E+01   NaN
0.52 4.0000E+01   NaN
0.52 4.5000E+01   NaN
0.52 5.0000E+01   NaN
0.52 5.5000E+01   NaN
0.52 6.0000E+01   NaN
0.52 6.5000E+01 3.39918E-07
0.52 7.0000E+01 6.11947E-07
0.52 7.5000E+01 5.86329E-07
0.52 8.0000E+01 4.15016E-06
0.52 8.5000E+01 4.78622E-06
0.52 1.0000E+02 1.59370E-06
0.52 1.1000E+02 2.13592E-06
0.52 1.2000E+02 3.60382E-06
0.52 1.3000E+02 3.97256E-06
0.52 1.4000E+02 3.65309E-06
0.52 1.5000E+02 3.92636E-06
0.52 1.6000E+02 3.46069E-06
0.52 1.7000E+02 2.31000E-06
0.52 1.8000E+02 3.36113E-06
0.52 1.9000E+02 2.61504E-06
0.52 2.1000E+02 1.76148E-06
0.52 2.3000E+02 1.42271E-06
0.52 2.5000E+02 1.43489E-06
0.52 2.7000E+02 1.35878E-06
0.52 2.9000E+02 1.25090E-06
0.52 3.1000E+02 1.08016E-06
0.52 3.3000E+02 8.92191E-07
0.52 3.5000E+02 7.48734E-07
0.52 3.7000E+02 7.39077E-07
0.52 3.9000E+02 8.03160E-07
0.52 4.3000E+02 6.06865E-07
0.52 4.7000E+02 4.74407E-07
0.52 5.1000E+02 3.76921E-07 


0.53 2.5600E+01   NaN
0.53 2.6600E+01   NaN
0.53 2.7600E+01   NaN
0.53 2.8600E+01   NaN
0.53 2.9600E+01   NaN
0.53 3.0600E+01   NaN
0.53 3.1600E+01   NaN
0.53 3.2600E+01   NaN
0.53 3.3600E+01   NaN
0.53 3.4600E+01   NaN
0.53 4.0000E+01   NaN
0.53 4.5000E+01   NaN
0.53 5.0000E+01   NaN
0.53 5.5000E+01   NaN
0.53 6.0000E+01   NaN
0.53 6.5000E+01 1.15111E-05
0.53 7.0000E+01 6.32444E-06
0.53 7.5000E+01 4.28297E-06
0.53 8.0000E+01 3.27874E-05
0.53 8.5000E+01 1.32577E-05
0.53 1.0000E+02 3.57785E-05
0.53 1.1000E+02 8.00296E-05
0.53 1.2000E+02 9.57843E-05
0.53 1.3000E+02 1.44402E-04
0.53 1.4000E+02 1.52912E-04
0.53 1.5000E+02 1.55211E-04
0.53 1.6000E+02 1.79990E-04
0.53 1.7000E+02 1.65256E-04
0.53 1.8000E+02 1.14346E-04
0.53 1.9000E+02 1.53124E-04
0.53 2.1000E+02 1.23243E-04
0.53 2.3000E+02 9.26573E-05
0.53 2.5000E+02 7.76291E-05
0.53 2.7000E+02 7.35330E-05
0.53 2.9000E+02 7.02666E-05
0.53 3.1000E+02 6.64962E-05
0.53 3.3000E+02 6.09102E-05
0.53 3.5000E+02 5.34631E-05
0.53 3.7000E+02 4.55716E-05
0.53 3.9000E+02 4.01626E-05
0.53 4.3000E+02 4.34236E-05
0.53 4.7000E+02 3.75973E-05
0.53 5.1000E+02 3.24035E-05 


0.54 2.5600E+01   NaN
0.54 2.6600E+01   NaN
0.54 2.7600E+01   NaN
0.54 2.8600E+01   NaN
0.54 2.9600E+01   NaN
0.54 3.0600E+01   NaN
0.54 3.1600E+01   NaN
0.54 3.2600E+01   NaN
0.54 3.3600E+01   NaN
0.54 3.4600E+01   NaN
0.54 4.0000E+01   NaN
0.54 4.5000E+01   NaN
0.54 5.0000E+01   NaN
0.54 5.5000E+01   NaN
0.54 6.0000E+01   NaN
0.54 6.5000E+01 1.40532E-07
0.54 7.0000E+01 7.65088E-07
0.54 7.5000E+01 2.24829E-06
0.54 8.0000E+01 2.01065E-07
0.54 8.5000E+01 2.76711E-06
0.54 1.0000E+02 7.68765E-06
0.54 1.1000E+02 7.42862E-06
0.54 1.2000E+02 7.46953E-06
0.54 1.3000E+02 8.32858E-06
0.54 1.4000E+02 9.46604E-06
0.54 1.5000E+02 9.09963E-06
0.54 1.6000E+02 9.68312E-06
0.54 1.7000E+02 1.05775E-05
0.54 1.8000E+02 9.52259E-06
0.54 1.9000E+02 7.04638E-06
0.54 2.1000E+02 8.47591E-06
0.54 2.3000E+02 7.06427E-06
0.54 2.5000E+02 5.79464E-06
0.54 2.7000E+02 5.11029E-06
0.54 2.9000E+02 4.74515E-06
0.54 3.1000E+02 4.47427E-06
0.54 3.3000E+02 4.20405E-06
0.54 3.5000E+02 3.89593E-06
0.54 3.7000E+02 3.49188E-06
0.54 3.9000E+02 3.05265E-06
0.54 4.3000E+02 2.90746E-06
0.54 4.7000E+02 2.61078E-06
0.54 5.1000E+02 2.30131E-06 


0.55 2.5600E+01   NaN
0.55 2.6600E+01   NaN
0.55 2.7600E+01   NaN
0.55 2.8600E+01   NaN
0.55 2.9600E+01   NaN
0.55 3.0600E+01   NaN
0.55 3.1600E+01   NaN
0.55 3.2600E+01   NaN
0.55 3.3600E+01   NaN
0.55 3.4600E+01   NaN
0.55 4.0000E+01   NaN
0.55 4.5000E+01   NaN
0.55 5.0000E+01   NaN
0.55 5.5000E+01   NaN
0.55 6.0000E+01   NaN
0.55 6.5000E+01 7.62206E-08
0.55 7.0000E+01 3.95159E-07
0.55 7.5000E+01 1.42741E-06
0.55 8.0000E+01 8.00655E-07
0.55 8.5000E+01 2.94141E-06
0.55 1.0000E+02 3.94466E-06
0.55 1.1000E+02 3.47767E-06
0.55 1.2000E+02 3.73072E-06
0.55 1.3000E+02 3.05233E-06
0.55 1.4000E+02 3.26731E-06
0.55 1.5000E+02 3.23042E-06
0.55 1.6000E+02 3.11269E-06
0.55 1.7000E+02 3.30481E-06
0.55 1.8000E+02 3.39513E-06
0.55 1.9000E+02 2.96919E-06
0.55 2.1000E+02 2.85903E-06
0.55 2.3000E+02 2.53344E-06
0.55 2.5000E+02 2.16231E-06
0.55 2.7000E+02 1.85232E-06
0.55 2.9000E+02 1.67202E-06
0.55 3.1000E+02 1.52321E-06
0.55 3.3000E+02 1.43786E-06
0.55 3.5000E+02 1.38375E-06
0.55 3.7000E+02 1.22952E-06
0.55 3.9000E+02 1.11971E-06
0.55 4.3000E+02 9.47494E-07
0.55 4.7000E+02 8.68911E-07
0.55 5.1000E+02 7.72901E-07 


0.56 2.5600E+01   NaN
0.56 2.6600E+01   NaN
0.56 2.7600E+01   NaN
0.56 2.8600E+01   NaN
0.56 2.9600E+01   NaN
0.56 3.0600E+01   NaN
0.56 3.1600E+01   NaN
0.56 3.2600E+01   NaN
0.56 3.3600E+01   NaN
0.56 3.4600E+01   NaN
0.56 4.0000E+01   NaN
0.56 4.5000E+01   NaN
0.56 5.0000E+01   NaN
0.56 5.5000E+01   NaN
0.56 6.0000E+01   NaN
0.56 6.5000E+01 1.86359E-07
0.56 7.0000E+01 5.08483E-07
0.56 7.5000E+01 1.42259E-06
0.56 8.0000E+01 1.38812E-06
0.56 8.5000E+01 3.09174E-06
0.56 1.0000E+02 3.00860E-06
0.56 1.1000E+02 2.75398E-06
0.56 1.2000E+02 2.53873E-06
0.56 1.3000E+02 2.14672E-06
0.56 1.4000E+02 2.14478E-06
0.56 1.5000E+02 2.15656E-06
0.56 1.6000E+02 1.98515E-06
0.56 1.7000E+02 1.98753E-06
0.56 1.8000E+02 2.09780E-06
0.56 1.9000E+02 2.04288E-06
0.56 2.1000E+02 1.70584E-06
0.56 2.3000E+02 1.65136E-06
0.56 2.5000E+02 1.44210E-06
0.56 2.7000E+02 1.23415E-06
0.56 2.9000E+02 1.08168E-06
0.56 3.1000E+02 9.83782E-07
0.56 3.3000E+02 9.07180E-07
0.56 3.5000E+02 8.42620E-07
0.56 3.7000E+02 7.81098E-07
0.56 3.9000E+02 7.18132E-07
0.56 4.3000E+02 5.72213E-07
0.56 4.7000E+02 5.29910E-07
0.56 5.1000E+02 4.68256E-07 


0.57 2.5600E+01   NaN
0.57 2.6600E+01   NaN
0.57 2.7600E+01   NaN
0.57 2.8600E+01   NaN
0.57 2.9600E+01   NaN
0.57 3.0600E+01   NaN
0.57 3.1600E+01   NaN
0.57 3.2600E+01   NaN
0.57 3.3600E+01   NaN
0.57 3.4600E+01   NaN
0.57 4.0000E+01   NaN
0.57 4.5000E+01   NaN
0.57 5.0000E+01   NaN
0.57 5.5000E+01   NaN
0.57 6.0000E+01   NaN
0.57 6.5000E+01 7.68854E-08
0.57 7.0000E+01 8.15153E-07
0.57 7.5000E+01 1.29603E-06
0.57 8.0000E+01 1.46788E-06
0.57 8.5000E+01 2.44180E-06
0.57 1.0000E+02 2.61625E-06
0.57 1.1000E+02 2.37759E-06
0.57 1.2000E+02 1.98201E-06
0.57 1.3000E+02 2.03838E-06
0.57 1.4000E+02 1.67589E-06
0.57 1.5000E+02 1.66074E-06
0.57 1.6000E+02 1.55304E-06
0.57 1.7000E+02 1.46368E-06
0.57 1.8000E+02 1.48432E-06
0.57 1.9000E+02 1.54037E-06
0.57 2.1000E+02 1.19317E-06
0.57 2.3000E+02 1.24050E-06
0.57 2.5000E+02 1.10357E-06
0.57 2.7000E+02 9.58111E-07
0.57 2.9000E+02 8.01006E-07
0.57 3.1000E+02 7.34219E-07
0.57 3.3000E+02 6.58987E-07
0.57 3.5000E+02 6.15470E-07
0.57 3.7000E+02 5.71273E-07
0.57 3.9000E+02 5.27081E-07
0.57 4.3000E+02 4.34483E-07
0.57 4.7000E+02 3.70065E-07
0.57 5.1000E+02 3.34397E-07 


0.58 2.5600E+01   NaN
0.58 2.6600E+01   NaN
0.58 2.7600E+01   NaN
0.58 2.8600E+01   NaN
0.58 2.9600E+01   NaN
0.58 3.0600E+01   NaN
0.58 3.1600E+01   NaN
0.58 3.2600E+01   NaN
0.58 3.3600E+01   NaN
0.58 3.4600E+01   NaN
0.58 4.0000E+01   NaN
0.58 4.5000E+01   NaN
0.58 5.0000E+01   NaN
0.58 5.5000E+01   NaN
0.58 6.0000E+01   NaN
0.58 6.5000E+01 1.08995E-07
0.58 7.0000E+01 3.48731E-07
0.58 7.5000E+01 9.68970E-07
0.58 8.0000E+01 1.29994E-06
0.58 8.5000E+01 2.51338E-06
0.58 1.0000E+02 2.39230E-06
0.58 1.1000E+02 2.06948E-06
0.58 1.2000E+02 1.73559E-06
0.58 1.3000E+02 1.75770E-06
0.58 1.4000E+02 1.40827E-06
0.58 1.5000E+02 1.35252E-06
0.58 1.6000E+02 1.30907E-06
0.58 1.7000E+02 1.17354E-06
0.58 1.8000E+02 1.11878E-06
0.58 1.9000E+02 1.16741E-06
0.58 2.1000E+02 1.06126E-06
0.58 2.3000E+02 9.62068E-07
0.58 2.5000E+02 8.80099E-07
0.58 2.7000E+02 7.85639E-07
0.58 2.9000E+02 6.67465E-07
0.58 3.1000E+02 5.78777E-07
0.58 3.3000E+02 5.16138E-07
0.58 3.5000E+02 4.69534E-07
0.58 3.7000E+02 4.31683E-07
0.58 3.9000E+02 4.00154E-07
0.58 4.3000E+02 3.35847E-07
0.58 4.7000E+02 2.57070E-07
0.58 5.1000E+02 2.34602E-07 


0.59 2.5600E+01   NaN
0.59 2.6600E+01   NaN
0.59 2.7600E+01   NaN
0.59 2.8600E+01   NaN
0.59 2.9600E+01   NaN
0.59 3.0600E+01   NaN
0.59 3.1600E+01   NaN
0.59 3.2600E+01   NaN
0.59 3.3600E+01   NaN
0.59 3.4600E+01   NaN
0.59 4.0000E+01   NaN
0.59 4.5000E+01   NaN
0.59 5.0000E+01   NaN
0.59 5.5000E+01   NaN
0.59 6.0000E+01   NaN
0.59 6.5000E+01 1.20932E-07
0.59 7.0000E+01 6.13107E-07
0.59 7.5000E+01 9.38676E-07
0.59 8.0000E+01 1.59186E-06
0.59 8.5000E+01 2.86373E-06
0.59 1.0000E+02 2.05658E-06
0.59 1.1000E+02 1.74989E-06
0.59 1.2000E+02 1.67387E-06
0.59 1.3000E+02 1.44259E-06
0.59 1.4000E+02 1.36353E-06
0.59 1.5000E+02 1.15970E-06
0.59 1.6000E+02 1.12268E-06
0.59 1.7000E+02 9.90454E-07
0.59 1.8000E+02 8.87993E-07
0.59 1.9000E+02 8.67592E-07
0.59 2.1000E+02 9.16217E-07
0.59 2.3000E+02 6.18000E-07
0.59 2.5000E+02 7.13435E-07
0.59 2.7000E+02 6.39064E-07
0.59 2.9000E+02 5.57286E-07
0.59 3.1000E+02 4.68592E-07
0.59 3.3000E+02 4.04375E-07
0.59 3.5000E+02 3.59414E-07
0.59 3.7000E+02 3.25643E-07
0.59 3.9000E+02 2.90961E-07
0.59 4.3000E+02 2.46892E-07
0.59 4.7000E+02 2.02894E-07
0.59 5.1000E+02 1.66959E-07 


0.60 2.5600E+01   NaN
0.60 2.6600E+01   NaN
0.60 2.7600E+01   NaN
0.60 2.8600E+01   NaN
0.60 2.9600E+01   NaN
0.60 3.0600E+01   NaN
0.60 3.1600E+01   NaN
0.60 3.2600E+01   NaN
0.60 3.3600E+01   NaN
0.60 3.4600E+01   NaN
0.60 4.0000E+01   NaN
0.60 4.5000E+01   NaN
0.60 5.0000E+01   NaN
0.60 5.5000E+01   NaN
0.60 6.0000E+01   NaN
0.60 6.5000E+01 9.82486E-08
0.60 7.0000E+01 9.71431E-07
0.60 7.5000E+01 1.33256E-06
0.60 8.0000E+01 2.16920E-06
0.60 8.5000E+01 2.84124E-06
0.60 1.0000E+02 1.45116E-06
0.60 1.1000E+02 1.48877E-06
0.60 1.2000E+02 1.71780E-06
0.60 1.3000E+02 1.42532E-06
0.60 1.4000E+02 1.65451E-06
0.60 1.5000E+02 1.21651E-06
0.60 1.6000E+02 1.11747E-06
0.60 1.7000E+02 1.05882E-06
0.60 1.8000E+02 8.69926E-07
0.60 1.9000E+02 7.37961E-07
0.60 2.1000E+02 8.11129E-07
0.60 2.3000E+02 6.82425E-07
0.60 2.5000E+02 5.95066E-07
0.60 2.7000E+02 5.71545E-07
0.60 2.9000E+02 5.21787E-07
0.60 3.1000E+02 4.48763E-07
0.60 3.3000E+02 3.65843E-07
0.60 3.5000E+02 3.16573E-07
0.60 3.7000E+02 2.75946E-07
0.60 3.9000E+02 2.45289E-07
0.60 4.3000E+02 2.09024E-07
0.60 4.7000E+02 1.71825E-07
0.60 5.1000E+02 1.14722E-07 


0.61 2.5600E+01   NaN
0.61 2.6600E+01   NaN
0.61 2.7600E+01   NaN
0.61 2.8600E+01   NaN
0.61 2.9600E+01   NaN
0.61 3.0600E+01   NaN
0.61 3.1600E+01   NaN
0.61 3.2600E+01   NaN
0.61 3.3600E+01   NaN
0.61 3.4600E+01   NaN
0.61 4.0000E+01   NaN
0.61 4.5000E+01   NaN
0.61 5.0000E+01   NaN
0.61 5.5000E+01   NaN
0.61 6.0000E+01   NaN
0.61 6.5000E+01 2.29732E-07
0.61 7.0000E+01 1.09748E-06
0.61 7.5000E+01 8.74907E-07
0.61 8.0000E+01 3.00685E-06
0.61 8.5000E+01 2.77004E-06
0.61 1.0000E+02 5.58374E-07
0.61 1.1000E+02 2.04368E-06
0.61 1.2000E+02 3.17611E-06
0.61 1.3000E+02 3.98507E-06
0.61 1.4000E+02 3.83298E-06
0.61 1.5000E+02 4.33159E-06
0.61 1.6000E+02 3.55974E-06
0.61 1.7000E+02 3.47933E-06
0.61 1.8000E+02 3.22122E-06
0.61 1.9000E+02 2.63068E-06
0.61 2.1000E+02 1.93565E-06
0.61 2.3000E+02 2.24935E-06
0.61 2.5000E+02 1.28616E-06
0.61 2.7000E+02 1.50898E-06
0.61 2.9000E+02 1.48777E-06
0.61 3.1000E+02 1.44761E-06
0.61 3.3000E+02 1.33666E-06
0.61 3.5000E+02 1.14328E-06
0.61 3.7000E+02 9.92786E-07
0.61 3.9000E+02 8.68420E-07
0.61 4.3000E+02 7.17010E-07
0.61 4.7000E+02 6.58075E-07
0.61 5.1000E+02 5.77587E-07 


0.62 2.5600E+01   NaN
0.62 2.6600E+01   NaN
0.62 2.7600E+01   NaN
0.62 2.8600E+01   NaN
0.62 2.9600E+01   NaN
0.62 3.0600E+01   NaN
0.62 3.1600E+01   NaN
0.62 3.2600E+01   NaN
0.62 3.3600E+01   NaN
0.62 3.4600E+01   NaN
0.62 4.0000E+01   NaN
0.62 4.5000E+01   NaN
0.62 5.0000E+01   NaN
0.62 5.5000E+01   NaN
0.62 6.0000E+01   NaN
0.62 6.5000E+01 3.92625E-06
0.62 7.0000E+01 2.80467E-06
0.62 7.5000E+01 7.66780E-06
0.62 8.0000E+01 3.93571E-06
0.62 8.5000E+01 6.69101E-06
0.62 1.0000E+02 4.23906E-05
0.62 1.1000E+02 5.44111E-05
0.62 1.2000E+02 6.87868E-05
0.62 1.3000E+02 9.72798E-05
0.62 1.4000E+02 9.42154E-05
0.62 1.5000E+02 1.17499E-04
0.62 1.6000E+02 1.06500E-04
0.62 1.7000E+02 1.00331E-04
0.62 1.8000E+02 1.01448E-04
0.62 1.9000E+02 9.61416E-05
0.62 2.1000E+02 6.95823E-05
0.62 2.3000E+02 6.42728E-05
0.62 2.5000E+02 6.72684E-05
0.62 2.7000E+02 4.81641E-05
0.62 2.9000E+02 4.63395E-05
0.62 3.1000E+02 4.50968E-05
0.62 3.3000E+02 4.37029E-05
0.62 3.5000E+02 4.11845E-05
0.62 3.7000E+02 3.77863E-05
0.62 3.9000E+02 3.43986E-05
0.62 4.3000E+02 2.84807E-05
0.62 4.7000E+02 2.52816E-05
0.62 5.1000E+02 2.34707E-05 


0.63 2.5600E+01   NaN
0.63 2.6600E+01   NaN
0.63 2.7600E+01   NaN
0.63 2.8600E+01   NaN
0.63 2.9600E+01   NaN
0.63 3.0600E+01   NaN
0.63 3.1600E+01   NaN
0.63 3.2600E+01   NaN
0.63 3.3600E+01   NaN
0.63 3.4600E+01   NaN
0.63 4.0000E+01   NaN
0.63 4.5000E+01   NaN
0.63 5.0000E+01   NaN
0.63 5.5000E+01   NaN
0.63 6.0000E+01   NaN
0.63 6.5000E+01 2.64458E-07
0.63 7.0000E+01 2.00427E-07
0.63 7.5000E+01 1.25218E-06
0.63 8.0000E+01 3.84512E-07
0.63 8.5000E+01 1.78580E-06
0.63 1.0000E+02 3.48876E-06
0.63 1.1000E+02 3.13209E-06
0.63 1.2000E+02 3.20391E-06
0.63 1.3000E+02 3.33593E-06
0.63 1.4000E+02 3.60238E-06
0.63 1.5000E+02 3.46863E-06
0.63 1.6000E+02 3.85964E-06
0.63 1.7000E+02 3.55970E-06
0.63 1.8000E+02 3.52497E-06
0.63 1.9000E+02 3.49039E-06
0.63 2.1000E+02 2.96270E-06
0.63 2.3000E+02 2.41001E-06
0.63 2.5000E+02 2.39970E-06
0.63 2.7000E+02 1.92886E-06
0.63 2.9000E+02 1.77008E-06
0.63 3.1000E+02 1.64849E-06
0.63 3.3000E+02 1.57677E-06
0.63 3.5000E+02 1.50543E-06
0.63 3.7000E+02 1.40756E-06
0.63 3.9000E+02 1.30663E-06
0.63 4.3000E+02 1.09896E-06
0.63 4.7000E+02 9.59304E-07
0.63 5.1000E+02 8.48225E-07 


0.64 2.5600E+01   NaN
0.64 2.6600E+01   NaN
0.64 2.7600E+01   NaN
0.64 2.8600E+01   NaN
0.64 2.9600E+01   NaN
0.64 3.0600E+01   NaN
0.64 3.1600E+01   NaN
0.64 3.2600E+01   NaN
0.64 3.3600E+01   NaN
0.64 3.4600E+01   NaN
0.64 4.0000E+01   NaN
0.64 4.5000E+01   NaN
0.64 5.0000E+01   NaN
0.64 5.5000E+01   NaN
0.64 6.0000E+01   NaN
0.64 6.5000E+01 9.64967E-08
0.64 7.0000E+01 2.50329E-07
0.64 7.5000E+01 8.87953E-07
0.64 8.0000E+01 7.89812E-07
0.64 8.5000E+01 1.73811E-06
0.64 1.0000E+02 2.25118E-06
0.64 1.1000E+02 2.03281E-06
0.64 1.2000E+02 1.90575E-06
0.64 1.3000E+02 1.72546E-06
0.64 1.4000E+02 1.86854E-06
0.64 1.5000E+02 1.70692E-06
0.64 1.6000E+02 1.94023E-06
0.64 1.7000E+02 1.75279E-06
0.64 1.8000E+02 1.69786E-06
0.64 1.9000E+02 1.66931E-06
0.64 2.1000E+02 1.54075E-06
0.64 2.3000E+02 1.25598E-06
0.64 2.5000E+02 1.13494E-06
0.64 2.7000E+02 1.14406E-06
0.64 2.9000E+02 8.94200E-07
0.64 3.1000E+02 8.34345E-07
0.64 3.3000E+02 7.60265E-07
0.64 3.5000E+02 7.27218E-07
0.64 3.7000E+02 6.84937E-07
0.64 3.9000E+02 6.36823E-07
0.64 4.3000E+02 5.37600E-07
0.64 4.7000E+02 4.58560E-07
0.64 5.1000E+02 4.20787E-07 


0.65 2.5600E+01   NaN
0.65 2.6600E+01   NaN
0.65 2.7600E+01   NaN
0.65 2.8600E+01   NaN
0.65 2.9600E+01   NaN
0.65 3.0600E+01   NaN
0.65 3.1600E+01   NaN
0.65 3.2600E+01   NaN
0.65 3.3600E+01   NaN
0.65 3.4600E+01   NaN
0.65 4.0000E+01   NaN
0.65 4.5000E+01   NaN
0.65 5.0000E+01   NaN
0.65 5.5000E+01   NaN
0.65 6.0000E+01   NaN
0.65 6.5000E+01 2.61765E-09
0.65 7.0000E+01 2.16405E-07
0.65 7.5000E+01 6.97425E-07
0.65 8.0000E+01 6.50097E-07
0.65 8.5000E+01 1.41746E-06
0.65 1.0000E+02 1.92334E-06
0.65 1.1000E+02 1.74437E-06
0.65 1.2000E+02 1.52532E-06
0.65 1.3000E+02 1.33347E-06
0.65 1.4000E+02 1.34413E-06
0.65 1.5000E+02 1.26053E-06
0.65 1.6000E+02 1.22948E-06
0.65 1.7000E+02 1.25837E-06
0.65 1.8000E+02 1.17379E-06
0.65 1.9000E+02 1.16091E-06
0.65 2.1000E+02 1.10553E-06
0.65 2.3000E+02 9.35170E-07
0.65 2.5000E+02 7.94174E-07
0.65 2.7000E+02 7.66613E-07
0.65 2.9000E+02 6.48171E-07
0.65 3.1000E+02 5.75664E-07
0.65 3.3000E+02 5.13325E-07
0.65 3.5000E+02 4.93881E-07
0.65 3.7000E+02 4.64926E-07
0.65 3.9000E+02 5.22379E-07
0.65 4.3000E+02 3.66056E-07
0.65 4.7000E+02 3.15664E-07
0.65 5.1000E+02 2.79269E-07 


