0.40 2.5600E+01 1.22405E-04
0.40 2.6600E+01 1.74592E-04
0.40 2.7600E+01 2.80680E-04
0.40 2.8600E+01 2.41583E-04
0.40 2.9600E+01 2.47536E-04
0.40 3.0600E+01 2.63977E-04
0.40 3.1600E+01 3.76001E-04
0.40 3.2600E+01 3.91776E-04
0.40 3.3600E+01 1.95354E-04
0.40 3.4600E+01 2.28368E-04
0.40 4.0000E+01 2.42318E-04
0.40 4.5000E+01 4.21534E-04
0.40 5.0000E+01 2.45850E-04
0.40 5.5000E+01 4.01818E-04
0.40 6.0000E+01 1.89416E-04
0.40 6.5000E+01 1.92137E-04
0.40 7.0000E+01 1.71164E-04
0.40 7.5000E+01 2.09940E-04
0.40 8.0000E+01 1.49883E-04
0.40 8.5000E+01 1.80756E-04
0.40 1.0000E+02 1.20040E-04
0.40 1.1000E+02 1.27694E-04
0.40 1.2000E+02 1.04605E-04
0.40 1.3000E+02 8.22010E-05
0.40 1.4000E+02 8.91934E-05
0.40 1.5000E+02 8.19810E-05
0.40 1.6000E+02 5.95635E-05
0.40 1.7000E+02 6.30535E-05
0.40 1.8000E+02 5.78206E-05
0.40 1.9000E+02 4.96116E-05
0.40 2.1000E+02 4.38322E-05
0.40 2.3000E+02 3.84991E-05
0.40 2.5000E+02 3.54839E-05
0.40 2.7000E+02 3.10112E-05
0.40 2.9000E+02 2.70750E-05
0.40 3.1000E+02 2.42482E-05
0.40 3.3000E+02 2.17247E-05
0.40 3.5000E+02 1.95712E-05
0.40 3.7000E+02 1.79061E-05
0.40 3.9000E+02 1.64241E-05
0.40 4.3000E+02 1.37993E-05
0.40 4.7000E+02 1.18163E-05
0.40 5.1000E+02 1.02943E-05 


0.41 2.5600E+01 1.68471E-04
0.41 2.6600E+01 1.25596E-04
0.41 2.7600E+01 2.37338E-04
0.41 2.8600E+01 2.17447E-04
0.41 2.9600E+01 1.77362E-04
0.41 3.0600E+01 2.31776E-04
0.41 3.1600E+01 1.43713E-04
0.41 3.2600E+01 3.46058E-04
0.41 3.3600E+01 3.32474E-04
0.41 3.4600E+01 3.87415E-04
0.41 4.0000E+01 3.29113E-04
0.41 4.5000E+01 2.70714E-04
0.41 5.0000E+01 2.33470E-04
0.41 5.5000E+01 2.84019E-04
0.41 6.0000E+01 3.80788E-04
0.41 6.5000E+01 1.93957E-04
0.41 7.0000E+01 2.37928E-04
0.41 7.5000E+01 1.84271E-04
0.41 8.0000E+01 1.75280E-04
0.41 8.5000E+01 1.56454E-04
0.41 1.0000E+02 1.44842E-04
0.41 1.1000E+02 1.19704E-04
0.41 1.2000E+02 8.94309E-05
0.41 1.3000E+02 1.00616E-04
0.41 1.4000E+02 1.02991E-04
0.41 1.5000E+02 7.84154E-05
0.41 1.6000E+02 7.27022E-05
0.41 1.7000E+02 6.95040E-05
0.41 1.8000E+02 6.15150E-05
0.41 1.9000E+02 5.06960E-05
0.41 2.1000E+02 4.91634E-05
0.41 2.3000E+02 4.73405E-05
0.41 2.5000E+02 3.95093E-05
0.41 2.7000E+02 2.67339E-05
0.41 2.9000E+02 2.88835E-05
0.41 3.1000E+02 2.56483E-05
0.41 3.3000E+02 2.31296E-05
0.41 3.5000E+02 2.08124E-05
0.41 3.7000E+02 1.91186E-05
0.41 3.9000E+02 1.72646E-05
0.41 4.3000E+02 1.46592E-05
0.41 4.7000E+02 1.25993E-05
0.41 5.1000E+02 1.09392E-05 


0.42 2.5600E+01 1.54849E-04
0.42 2.6600E+01 1.67130E-04
0.42 2.7600E+01 2.12046E-04
0.42 2.8600E+01 2.96653E-04
0.42 2.9600E+01 2.41934E-04
0.42 3.0600E+01 1.85423E-04
0.42 3.1600E+01 2.69536E-04
0.42 3.2600E+01 3.38959E-04
0.42 3.3600E+01 3.56246E-04
0.42 3.4600E+01 1.99612E-04
0.42 4.0000E+01 2.88601E-04
0.42 4.5000E+01 3.38025E-04
0.42 5.0000E+01 1.21043E-04
0.42 5.5000E+01 3.24447E-04
0.42 6.0000E+01 2.60652E-04
0.42 6.5000E+01 2.63175E-04
0.42 7.0000E+01 2.42520E-04
0.42 7.5000E+01 2.00005E-04
0.42 8.0000E+01 2.17024E-04
0.42 8.5000E+01 1.75882E-04
0.42 1.0000E+02 1.55859E-04
0.42 1.1000E+02 9.94126E-05
0.42 1.2000E+02 1.17876E-04
0.42 1.3000E+02 1.03565E-04
0.42 1.4000E+02 9.47275E-05
0.42 1.5000E+02 8.69987E-05
0.42 1.6000E+02 7.68930E-05
0.42 1.7000E+02 6.99694E-05
0.42 1.8000E+02 6.52014E-05
0.42 1.9000E+02 5.94249E-05
0.42 2.1000E+02 5.03855E-05
0.42 2.3000E+02 4.23828E-05
0.42 2.5000E+02 3.91807E-05
0.42 2.7000E+02 3.50109E-05
0.42 2.9000E+02 3.15189E-05
0.42 3.1000E+02 2.75266E-05
0.42 3.3000E+02 2.45157E-05
0.42 3.5000E+02 2.22306E-05
0.42 3.7000E+02 2.00792E-05
0.42 3.9000E+02 1.85376E-05
0.42 4.3000E+02 1.55398E-05
0.42 4.7000E+02 1.33271E-05
0.42 5.1000E+02 1.14920E-05 


0.43 2.5600E+01 1.97298E-04
0.43 2.6600E+01 1.88708E-04
0.43 2.7600E+01 3.30666E-04
0.43 2.8600E+01 2.14333E-04
0.43 2.9600E+01 2.92611E-04
0.43 3.0600E+01 3.33044E-04
0.43 3.1600E+01 3.01703E-04
0.43 3.2600E+01 4.16671E-04
0.43 3.3600E+01 3.60474E-04
0.43 3.4600E+01 3.01233E-04
0.43 4.0000E+01 3.94697E-04
0.43 4.5000E+01 5.87353E-04
0.43 5.0000E+01 2.28279E-04
0.43 5.5000E+01 2.90014E-04
0.43 6.0000E+01 2.29514E-04
0.43 6.5000E+01 1.98119E-04
0.43 7.0000E+01 2.41641E-04
0.43 7.5000E+01 2.45030E-04
0.43 8.0000E+01 2.00133E-04
0.43 8.5000E+01 1.79160E-04
0.43 1.0000E+02 1.71263E-04
0.43 1.1000E+02 1.33125E-04
0.43 1.2000E+02 1.20587E-04
0.43 1.3000E+02 1.19765E-04
0.43 1.4000E+02 9.85779E-05
0.43 1.5000E+02 8.61091E-05
0.43 1.6000E+02 7.98669E-05
0.43 1.7000E+02 7.40391E-05
0.43 1.8000E+02 6.65848E-05
0.43 1.9000E+02 6.39138E-05
0.43 2.1000E+02 5.28796E-05
0.43 2.3000E+02 4.54080E-05
0.43 2.5000E+02 3.91331E-05
0.43 2.7000E+02 3.69058E-05
0.43 2.9000E+02 3.27099E-05
0.43 3.1000E+02 2.89634E-05
0.43 3.3000E+02 2.62126E-05
0.43 3.5000E+02 2.36637E-05
0.43 3.7000E+02 2.13331E-05
0.43 3.9000E+02 1.94221E-05
0.43 4.3000E+02 1.70686E-05
0.43 4.7000E+02 1.40358E-05
0.43 5.1000E+02 1.20546E-05 


0.44 2.5600E+01 1.37397E-04
0.44 2.6600E+01 1.40211E-04
0.44 2.7600E+01 4.17724E-04
0.44 2.8600E+01 2.62207E-04
0.44 2.9600E+01 2.31307E-04
0.44 3.0600E+01 2.22350E-04
0.44 3.1600E+01 2.70046E-04
0.44 3.2600E+01 4.23237E-04
0.44 3.3600E+01 3.24228E-04
0.44 3.4600E+01 4.26991E-04
0.44 4.0000E+01 4.03499E-04
0.44 4.5000E+01 3.34917E-04
0.44 5.0000E+01 2.99190E-04
0.44 5.5000E+01 3.24567E-04
0.44 6.0000E+01 3.64201E-04
0.44 6.5000E+01 2.36532E-04
0.44 7.0000E+01 2.58210E-04
0.44 7.5000E+01 2.17453E-04
0.44 8.0000E+01 2.30745E-04
0.44 8.5000E+01 2.04166E-04
0.44 1.0000E+02 1.64633E-04
0.44 1.1000E+02 1.44228E-04
0.44 1.2000E+02 1.24607E-04
0.44 1.3000E+02 1.19489E-04
0.44 1.4000E+02 1.08737E-04
0.44 1.5000E+02 9.42662E-05
0.44 1.6000E+02 8.46189E-05
0.44 1.7000E+02 7.77233E-05
0.44 1.8000E+02 7.19870E-05
0.44 1.9000E+02 6.71990E-05
0.44 2.1000E+02 5.62564E-05
0.44 2.3000E+02 4.94365E-05
0.44 2.5000E+02 4.22366E-05
0.44 2.7000E+02 3.94286E-05
0.44 2.9000E+02 3.46901E-05
0.44 3.1000E+02 3.07822E-05
0.44 3.3000E+02 2.78356E-05
0.44 3.5000E+02 2.52108E-05
0.44 3.7000E+02 2.26315E-05
0.44 3.9000E+02 2.05257E-05
0.44 4.3000E+02 1.73734E-05
0.44 4.7000E+02 1.48500E-05
0.44 5.1000E+02 1.30241E-05 


0.45 2.5600E+01 1.68543E-04
0.45 2.6600E+01 1.62565E-04
0.45 2.7600E+01 2.39148E-04
0.45 2.8600E+01 2.20970E-04
0.45 2.9600E+01 3.17290E-04
0.45 3.0600E+01 4.16586E-04
0.45 3.1600E+01 3.33928E-04
0.45 3.2600E+01 4.00824E-04
0.45 3.3600E+01 3.47345E-04
0.45 3.4600E+01 3.79531E-04
0.45 4.0000E+01 3.44881E-04
0.45 4.5000E+01 3.74326E-04
0.45 5.0000E+01 3.09317E-04
0.45 5.5000E+01 3.33009E-04
0.45 6.0000E+01 3.44545E-04
0.45 6.5000E+01 2.53286E-04
0.45 7.0000E+01 2.56970E-04
0.45 7.5000E+01 2.41643E-04
0.45 8.0000E+01 2.08239E-04
0.45 8.5000E+01 2.05052E-04
0.45 1.0000E+02 1.66223E-04
0.45 1.1000E+02 1.55983E-04
0.45 1.2000E+02 1.31241E-04
0.45 1.3000E+02 1.10346E-04
0.45 1.4000E+02 1.33678E-04
0.45 1.5000E+02 1.01396E-04
0.45 1.6000E+02 9.02282E-05
0.45 1.7000E+02 7.59762E-05
0.45 1.8000E+02 7.57439E-05
0.45 1.9000E+02 7.01005E-05
0.45 2.1000E+02 6.04918E-05
0.45 2.3000E+02 5.12257E-05
0.45 2.5000E+02 4.51582E-05
0.45 2.7000E+02 3.82460E-05
0.45 2.9000E+02 3.61845E-05
0.45 3.1000E+02 3.29849E-05
0.45 3.3000E+02 2.92000E-05
0.45 3.5000E+02 2.64832E-05
0.45 3.7000E+02 2.40216E-05
0.45 3.9000E+02 2.18415E-05
0.45 4.3000E+02 1.84159E-05
0.45 4.7000E+02 1.57489E-05
0.45 5.1000E+02 1.61902E-05 


0.46 2.5600E+01 1.13126E-04
0.46 2.6600E+01 2.58644E-04
0.46 2.7600E+01 2.78972E-04
0.46 2.8600E+01 3.72027E-04
0.46 2.9600E+01 2.94314E-04
0.46 3.0600E+01 2.89143E-04
0.46 3.1600E+01 2.92632E-04
0.46 3.2600E+01 2.51353E-04
0.46 3.3600E+01 4.66115E-04
0.46 3.4600E+01 3.42113E-04
0.46 4.0000E+01 3.97517E-04
0.46 4.5000E+01 4.44893E-04
0.46 5.0000E+01 4.61611E-04
0.46 5.5000E+01 3.58363E-04
0.46 6.0000E+01 3.20854E-04
0.46 6.5000E+01 3.10382E-04
0.46 7.0000E+01 2.49562E-04
0.46 7.5000E+01 2.62556E-04
0.46 8.0000E+01 2.26902E-04
0.46 8.5000E+01 2.11729E-04
0.46 1.0000E+02 1.72469E-04
0.46 1.1000E+02 1.61665E-04
0.46 1.2000E+02 1.43418E-04
0.46 1.3000E+02 1.26688E-04
0.46 1.4000E+02 1.35060E-04
0.46 1.5000E+02 1.19704E-04
0.46 1.6000E+02 9.83368E-05
0.46 1.7000E+02 8.56570E-05
0.46 1.8000E+02 7.84182E-05
0.46 1.9000E+02 7.86846E-05
0.46 2.1000E+02 6.29685E-05
0.46 2.3000E+02 5.40788E-05
0.46 2.5000E+02 4.29720E-05
0.46 2.7000E+02 3.91607E-05
0.46 2.9000E+02 3.60656E-05
0.46 3.1000E+02 3.47595E-05
0.46 3.3000E+02 3.09191E-05
0.46 3.5000E+02 2.80217E-05
0.46 3.7000E+02 2.56281E-05
0.46 3.9000E+02 2.31542E-05
0.46 4.3000E+02 1.93692E-05
0.46 4.7000E+02 1.65464E-05
0.46 5.1000E+02 1.42894E-05 


0.47 2.5600E+01 1.08438E-04
0.47 2.6600E+01 1.90732E-04
0.47 2.7600E+01 2.92915E-04
0.47 2.8600E+01 3.39575E-04
0.47 2.9600E+01 3.34882E-04
0.47 3.0600E+01 5.02601E-04
0.47 3.1600E+01 4.20583E-04
0.47 3.2600E+01 4.53016E-04
0.47 3.3600E+01 4.21220E-04
0.47 3.4600E+01 3.97263E-04
0.47 4.0000E+01 4.83395E-04
0.47 4.5000E+01 3.47269E-04
0.47 5.0000E+01 4.15183E-04
0.47 5.5000E+01 3.21467E-04
0.47 6.0000E+01 3.34742E-04
0.47 6.5000E+01 3.52747E-04
0.47 7.0000E+01 2.59760E-04
0.47 7.5000E+01 2.67160E-04
0.47 8.0000E+01 2.48733E-04
0.47 8.5000E+01 2.23356E-04
0.47 1.0000E+02 1.86850E-04
0.47 1.1000E+02 1.68944E-04
0.47 1.2000E+02 1.53564E-04
0.47 1.3000E+02 1.31956E-04
0.47 1.4000E+02 1.17005E-04
0.47 1.5000E+02 1.17894E-04
0.47 1.6000E+02 1.03320E-04
0.47 1.7000E+02 8.85607E-05
0.47 1.8000E+02 8.64174E-05
0.47 1.9000E+02 7.68440E-05
0.47 2.1000E+02 6.67847E-05
0.47 2.3000E+02 5.71779E-05
0.47 2.5000E+02 4.97772E-05
0.47 2.7000E+02 4.35630E-05
0.47 2.9000E+02 3.84331E-05
0.47 3.1000E+02 3.68651E-05
0.47 3.3000E+02 3.20356E-05
0.47 3.5000E+02 2.93409E-05
0.47 3.7000E+02 2.66067E-05
0.47 3.9000E+02 2.42507E-05
0.47 4.3000E+02 2.03122E-05
0.47 4.7000E+02 1.71398E-05
0.47 5.1000E+02 1.50765E-05 


0.48 2.5600E+01 1.07870E-04
0.48 2.6600E+01 2.96451E-04
0.48 2.7600E+01 1.74603E-04
0.48 2.8600E+01 3.13172E-04
0.48 2.9600E+01 3.00057E-04
0.48 3.0600E+01 3.86571E-04
0.48 3.1600E+01 5.04258E-04
0.48 3.2600E+01 3.57894E-04
0.48 3.3600E+01 3.26283E-04
0.48 3.4600E+01 5.23383E-04
0.48 4.0000E+01 4.80573E-04
0.48 4.5000E+01 3.62948E-04
0.48 5.0000E+01 3.72696E-04
0.48 5.5000E+01 2.95388E-04
0.48 6.0000E+01 3.65479E-04
0.48 6.5000E+01 3.16605E-04
0.48 7.0000E+01 3.08867E-04
0.48 7.5000E+01 2.62741E-04
0.48 8.0000E+01 2.68359E-04
0.48 8.5000E+01 2.37379E-04
0.48 1.0000E+02 1.99479E-04
0.48 1.1000E+02 1.68999E-04
0.48 1.2000E+02 1.73369E-04
0.48 1.3000E+02 1.41788E-04
0.48 1.4000E+02 1.21868E-04
0.48 1.5000E+02 1.11675E-04
0.48 1.6000E+02 1.45312E-04
0.48 1.7000E+02 9.90764E-05
0.48 1.8000E+02 1.02203E-04
0.48 1.9000E+02 8.08588E-05
0.48 2.1000E+02 6.96622E-05
0.48 2.3000E+02 6.06515E-05
0.48 2.5000E+02 5.25086E-05
0.48 2.7000E+02 4.60940E-05
0.48 2.9000E+02 4.03561E-05
0.48 3.1000E+02 3.56160E-05
0.48 3.3000E+02 3.35189E-05
0.48 3.5000E+02 3.07995E-05
0.48 3.7000E+02 2.83388E-05
0.48 3.9000E+02 2.58485E-05
0.48 4.3000E+02 2.09703E-05
0.48 4.7000E+02 1.80323E-05
0.48 5.1000E+02 1.57398E-05 


0.49 2.5600E+01 1.13454E-04
0.49 2.6600E+01 2.48143E-04
0.49 2.7600E+01 3.00257E-04
0.49 2.8600E+01 4.10333E-04
0.49 2.9600E+01 3.26733E-04
0.49 3.0600E+01 3.30365E-04
0.49 3.1600E+01 3.32631E-04
0.49 3.2600E+01 4.06534E-04
0.49 3.3600E+01 5.17586E-04
0.49 3.4600E+01 4.74001E-04
0.49 4.0000E+01 4.38780E-04
0.49 4.5000E+01 4.62838E-04
0.49 5.0000E+01 4.34113E-04
0.49 5.5000E+01 4.20445E-04
0.49 6.0000E+01 3.82021E-04
0.49 6.5000E+01 3.23484E-04
0.49 7.0000E+01 3.34400E-04
0.49 7.5000E+01 2.60060E-04
0.49 8.0000E+01 2.72888E-04
0.49 8.5000E+01 2.57433E-04
0.49 1.0000E+02 2.26509E-04
0.49 1.1000E+02 1.78929E-04
0.49 1.2000E+02 1.64192E-04
0.49 1.3000E+02 1.50929E-04
0.49 1.4000E+02 1.31493E-04
0.49 1.5000E+02 1.15625E-04
0.49 1.6000E+02 1.16526E-04
0.49 1.7000E+02 1.02504E-04
0.49 1.8000E+02 9.40136E-05
0.49 1.9000E+02 8.53143E-05
0.49 2.1000E+02 7.24237E-05
0.49 2.3000E+02 6.39877E-05
0.49 2.5000E+02 5.50650E-05
0.49 2.7000E+02 4.85002E-05
0.49 2.9000E+02 4.22415E-05
0.49 3.1000E+02 3.83362E-05
0.49 3.3000E+02 3.40347E-05
0.49 3.5000E+02 3.22682E-05
0.49 3.7000E+02 2.88419E-05
0.49 3.9000E+02 3.23868E-05
0.49 4.3000E+02 2.25874E-05
0.49 4.7000E+02 1.92905E-05
0.49 5.1000E+02 1.63008E-05 


0.50 2.5600E+01 8.89935E-05
0.50 2.6600E+01 2.88127E-04
0.50 2.7600E+01 2.14369E-04
0.50 2.8600E+01 3.29352E-04
0.50 2.9600E+01 4.48474E-04
0.50 3.0600E+01 3.92449E-04
0.50 3.1600E+01 5.54465E-04
0.50 3.2600E+01 5.30002E-04
0.50 3.3600E+01 4.14670E-04
0.50 3.4600E+01 3.45080E-04
0.50 4.0000E+01 5.48456E-04
0.50 4.5000E+01 3.87739E-04
0.50 5.0000E+01 4.82516E-04
0.50 5.5000E+01 5.11418E-04
0.50 6.0000E+01 3.65223E-04
0.50 6.5000E+01 3.59721E-04
0.50 7.0000E+01 3.24297E-04
0.50 7.5000E+01 3.00747E-04
0.50 8.0000E+01 2.68522E-04
0.50 8.5000E+01 2.74504E-04
0.50 1.0000E+02 2.22421E-04
0.50 1.1000E+02 1.99017E-04
0.50 1.2000E+02 1.67687E-04
0.50 1.3000E+02 1.57415E-04
0.50 1.4000E+02 1.40767E-04
0.50 1.5000E+02 1.29106E-04
0.50 1.6000E+02 1.12267E-04
0.50 1.7000E+02 1.12075E-04
0.50 1.8000E+02 9.93691E-05
0.50 1.9000E+02 9.00584E-05
0.50 2.1000E+02 7.54719E-05
0.50 2.3000E+02 7.41292E-05
0.50 2.5000E+02 5.81763E-05
0.50 2.7000E+02 5.12331E-05
0.50 2.9000E+02 4.51077E-05
0.50 3.1000E+02 4.06620E-05
0.50 3.3000E+02 3.57430E-05
0.50 3.5000E+02 3.31474E-05
0.50 3.7000E+02 3.05723E-05
0.50 3.9000E+02 2.81683E-05
0.50 4.3000E+02 2.36506E-05
0.50 4.7000E+02 2.01867E-05
0.50 5.1000E+02 1.73650E-05 


0.51 2.5600E+01 8.97659E-05
0.51 2.6600E+01 2.73400E-04
0.51 2.7600E+01 2.75836E-04
0.51 2.8600E+01 4.30801E-04
0.51 2.9600E+01 4.22767E-04
0.51 3.0600E+01 4.05467E-04
0.51 3.1600E+01 4.37677E-04
0.51 3.2600E+01 5.62726E-04
0.51 3.3600E+01 3.72532E-04
0.51 3.4600E+01 6.11585E-04
0.51 4.0000E+01 4.90325E-04
0.51 4.5000E+01 4.40408E-04
0.51 5.0000E+01 4.65176E-04
0.51 5.5000E+01 3.92282E-04
0.51 6.0000E+01 3.20096E-04
0.51 6.5000E+01 3.93486E-04
0.51 7.0000E+01 3.28350E-04
0.51 7.5000E+01 3.81113E-04
0.51 8.0000E+01 2.72445E-04
0.51 8.5000E+01 2.76550E-04
0.51 1.0000E+02 2.21029E-04
0.51 1.1000E+02 2.10549E-04
0.51 1.2000E+02 1.74212E-04
0.51 1.3000E+02 1.61666E-04
0.51 1.4000E+02 1.47738E-04
0.51 1.5000E+02 1.31487E-04
0.51 1.6000E+02 1.18146E-04
0.51 1.7000E+02 1.06493E-04
0.51 1.8000E+02 1.01477E-04
0.51 1.9000E+02 9.57749E-05
0.51 2.1000E+02 7.96774E-05
0.51 2.3000E+02 6.89656E-05
0.51 2.5000E+02 6.12490E-05
0.51 2.7000E+02 5.37452E-05
0.51 2.9000E+02 4.73119E-05
0.51 3.1000E+02 4.21826E-05
0.51 3.3000E+02 3.79713E-05
0.51 3.5000E+02 3.36922E-05
0.51 3.7000E+02 3.20377E-05
0.51 3.9000E+02 2.93068E-05
0.51 4.3000E+02 2.47854E-05
0.51 4.7000E+02 2.11501E-05
0.51 5.1000E+02 1.82559E-05 


0.52 2.5600E+01 7.83314E-05
0.52 2.6600E+01 2.88473E-04
0.52 2.7600E+01 3.61244E-04
0.52 2.8600E+01 2.99325E-04
0.52 2.9600E+01 6.11419E-04
0.52 3.0600E+01 4.09468E-04
0.52 3.1600E+01 3.96736E-04
0.52 3.2600E+01 5.55419E-04
0.52 3.3600E+01 5.84498E-04
0.52 3.4600E+01 4.23237E-04
0.52 4.0000E+01 4.31591E-04
0.52 4.5000E+01 5.22086E-04
0.52 5.0000E+01 2.97621E-04
0.52 5.5000E+01 4.28231E-04
0.52 6.0000E+01 4.55698E-04
0.52 6.5000E+01 3.96637E-04
0.52 7.0000E+01 3.53742E-04
0.52 7.5000E+01 3.46073E-04
0.52 8.0000E+01 2.95754E-04
0.52 8.5000E+01 2.73120E-04
0.52 1.0000E+02 2.30639E-04
0.52 1.1000E+02 2.57712E-04
0.52 1.2000E+02 1.86174E-04
0.52 1.3000E+02 1.65264E-04
0.52 1.4000E+02 1.54880E-04
0.52 1.5000E+02 1.39687E-04
0.52 1.6000E+02 1.24000E-04
0.52 1.7000E+02 1.11763E-04
0.52 1.8000E+02 1.11444E-04
0.52 1.9000E+02 1.01235E-04
0.52 2.1000E+02 8.37601E-05
0.52 2.3000E+02 7.14920E-05
0.52 2.5000E+02 6.32151E-05
0.52 2.7000E+02 5.71467E-05
0.52 2.9000E+02 4.99872E-05
0.52 3.1000E+02 4.43264E-05
0.52 3.3000E+02 3.95616E-05
0.52 3.5000E+02 3.55668E-05
0.52 3.7000E+02 3.20486E-05
0.52 3.9000E+02 3.05423E-05
0.52 4.3000E+02 2.59249E-05
0.52 4.7000E+02 2.21479E-05
0.52 5.1000E+02 1.90395E-05 


0.53 2.5600E+01 6.74525E-05
0.53 2.6600E+01 2.92518E-04
0.53 2.7600E+01 3.38994E-04
0.53 2.8600E+01 3.17027E-04
0.53 2.9600E+01 5.03922E-04
0.53 3.0600E+01 5.54073E-04
0.53 3.1600E+01 4.73676E-04
0.53 3.2600E+01 6.05792E-04
0.53 3.3600E+01 6.41559E-04
0.53 3.4600E+01 4.66889E-04
0.53 4.0000E+01 5.22571E-04
0.53 4.5000E+01 6.34669E-04
0.53 5.0000E+01 5.49651E-04
0.53 5.5000E+01 4.90499E-04
0.53 6.0000E+01 4.76477E-04
0.53 6.5000E+01 3.68675E-04
0.53 7.0000E+01 3.92394E-04
0.53 7.5000E+01 3.33716E-04
0.53 8.0000E+01 3.95942E-04
0.53 8.5000E+01 2.76903E-04
0.53 1.0000E+02 2.48154E-04
0.53 1.1000E+02 2.20925E-04
0.53 1.2000E+02 2.00841E-04
0.53 1.3000E+02 1.70580E-04
0.53 1.4000E+02 1.58895E-04
0.53 1.5000E+02 1.46996E-04
0.53 1.6000E+02 1.31376E-04
0.53 1.7000E+02 1.17875E-04
0.53 1.8000E+02 1.07163E-04
0.53 1.9000E+02 1.07884E-04
0.53 2.1000E+02 8.87357E-05
0.53 2.3000E+02 7.48924E-05
0.53 2.5000E+02 6.57719E-05
0.53 2.7000E+02 5.95201E-05
0.53 2.9000E+02 5.23903E-05
0.53 3.1000E+02 4.64865E-05
0.53 3.3000E+02 4.16800E-05
0.53 3.5000E+02 3.73520E-05
0.53 3.7000E+02 3.34577E-05
0.53 3.9000E+02 3.06777E-05
0.53 4.3000E+02 2.70035E-05
0.53 4.7000E+02 2.31953E-05
0.53 5.1000E+02 1.99365E-05 


0.54 2.5600E+01 5.83297E-05
0.54 2.6600E+01 2.73879E-04
0.54 2.7600E+01 4.04959E-04
0.54 2.8600E+01 3.84065E-04
0.54 2.9600E+01 4.09728E-04
0.54 3.0600E+01 5.40402E-04
0.54 3.1600E+01 4.48650E-04
0.54 3.2600E+01 5.00308E-04
0.54 3.3600E+01 4.03843E-04
0.54 3.4600E+01 6.15829E-04
0.54 4.0000E+01 8.02571E-04
0.54 4.5000E+01 4.52777E-04
0.54 5.0000E+01 5.46352E-04
0.54 5.5000E+01 5.31044E-04
0.54 6.0000E+01 4.33483E-04
0.54 6.5000E+01 3.40782E-04
0.54 7.0000E+01 4.13109E-04
0.54 7.5000E+01 3.52065E-04
0.54 8.0000E+01 3.52871E-04
0.54 8.5000E+01 3.06056E-04
0.54 1.0000E+02 2.66073E-04
0.54 1.1000E+02 2.22071E-04
0.54 1.2000E+02 2.22263E-04
0.54 1.3000E+02 1.80287E-04
0.54 1.4000E+02 1.62430E-04
0.54 1.5000E+02 1.52263E-04
0.54 1.6000E+02 1.34966E-04
0.54 1.7000E+02 1.23824E-04
0.54 1.8000E+02 1.11982E-04
0.54 1.9000E+02 1.04357E-04
0.54 2.1000E+02 9.32693E-05
0.54 2.3000E+02 7.88955E-05
0.54 2.5000E+02 6.82394E-05
0.54 2.7000E+02 6.06523E-05
0.54 2.9000E+02 5.44939E-05
0.54 3.1000E+02 4.87468E-05
0.54 3.3000E+02 4.36200E-05
0.54 3.5000E+02 3.93767E-05
0.54 3.7000E+02 3.54741E-05
0.54 3.9000E+02 3.21380E-05
0.54 4.3000E+02 2.80807E-05
0.54 4.7000E+02 2.40553E-05
0.54 5.1000E+02 2.08354E-05 


0.55 2.5600E+01 4.41347E-05
0.55 2.6600E+01 2.23728E-04
0.55 2.7600E+01 3.93478E-04
0.55 2.8600E+01 2.92236E-04
0.55 2.9600E+01 5.23229E-04
0.55 3.0600E+01 5.10107E-04
0.55 3.1600E+01 4.99030E-04
0.55 3.2600E+01 4.82087E-04
0.55 3.3600E+01 7.13030E-04
0.55 3.4600E+01 7.14233E-04
0.55 4.0000E+01 5.01352E-04
0.55 4.5000E+01 5.09035E-04
0.55 5.0000E+01 4.85097E-04
0.55 5.5000E+01 5.04645E-04
0.55 6.0000E+01 4.30503E-04
0.55 6.5000E+01 5.03868E-04
0.55 7.0000E+01 4.02270E-04
0.55 7.5000E+01 3.86769E-04
0.55 8.0000E+01 3.38919E-04
0.55 8.5000E+01 3.91796E-04
0.55 1.0000E+02 2.77644E-04
0.55 1.1000E+02 2.33576E-04
0.55 1.2000E+02 2.27276E-04
0.55 1.3000E+02 1.93745E-04
0.55 1.4000E+02 1.67632E-04
0.55 1.5000E+02 1.56330E-04
0.55 1.6000E+02 1.44950E-04
0.55 1.7000E+02 1.30148E-04
0.55 1.8000E+02 1.18402E-04
0.55 1.9000E+02 1.01690E-04
0.55 2.1000E+02 9.83840E-05
0.55 2.3000E+02 8.31750E-05
0.55 2.5000E+02 7.12976E-05
0.55 2.7000E+02 6.29994E-05
0.55 2.9000E+02 5.65658E-05
0.55 3.1000E+02 5.10127E-05
0.55 3.3000E+02 4.56862E-05
0.55 3.5000E+02 4.08247E-05
0.55 3.7000E+02 3.70156E-05
0.55 3.9000E+02 3.37619E-05
0.55 4.3000E+02 2.90006E-05
0.55 4.7000E+02 2.50685E-05
0.55 5.1000E+02 2.17384E-05 


0.56 2.5600E+01 4.71132E-05
0.56 2.6600E+01 2.45779E-04
0.56 2.7600E+01 4.27589E-04
0.56 2.8600E+01 4.00251E-04
0.56 2.9600E+01 4.29689E-04
0.56 3.0600E+01 7.05209E-04
0.56 3.1600E+01 6.02730E-04
0.56 3.2600E+01 5.78894E-04
0.56 3.3600E+01 5.73670E-04
0.56 3.4600E+01 3.86536E-04
0.56 4.0000E+01 5.96762E-04
0.56 4.5000E+01 6.63932E-04
0.56 5.0000E+01 5.16763E-04
0.56 5.5000E+01 3.47877E-04
0.56 6.0000E+01 4.72110E-04
0.56 6.5000E+01 4.98030E-04
0.56 7.0000E+01 3.79003E-04
0.56 7.5000E+01 4.16776E-04
0.56 8.0000E+01 3.53802E-04
0.56 8.5000E+01 3.59394E-04
0.56 1.0000E+02 2.80913E-04
0.56 1.1000E+02 2.49363E-04
0.56 1.2000E+02 2.16843E-04
0.56 1.3000E+02 2.10578E-04
0.56 1.4000E+02 1.76235E-04
0.56 1.5000E+02 1.59788E-04
0.56 1.6000E+02 1.50350E-04
0.56 1.7000E+02 1.38020E-04
0.56 1.8000E+02 1.33490E-04
0.56 1.9000E+02 1.12774E-04
0.56 2.1000E+02 1.04363E-04
0.56 2.3000E+02 8.74810E-05
0.56 2.5000E+02 7.50175E-05
0.56 2.7000E+02 6.55117E-05
0.56 2.9000E+02 5.85985E-05
0.56 3.1000E+02 5.26765E-05
0.56 3.3000E+02 4.77476E-05
0.56 3.5000E+02 4.30278E-05
0.56 3.7000E+02 3.89461E-05
0.56 3.9000E+02 3.53673E-05
0.56 4.3000E+02 2.93764E-05
0.56 4.7000E+02 2.60963E-05
0.56 5.1000E+02 2.25503E-05 


0.57 2.5600E+01 4.29613E-05
0.57 2.6600E+01 2.14474E-04
0.57 2.7600E+01 4.42239E-04
0.57 2.8600E+01 4.92285E-04
0.57 2.9600E+01 3.63559E-04
0.57 3.0600E+01 5.03579E-04
0.57 3.1600E+01 6.27586E-04
0.57 3.2600E+01 4.90117E-04
0.57 3.3600E+01 4.96464E-04
0.57 3.4600E+01 7.35805E-04
0.57 4.0000E+01 7.46546E-04
0.57 4.5000E+01 6.11540E-04
0.57 5.0000E+01 6.09591E-04
0.57 5.5000E+01 5.65543E-04
0.57 6.0000E+01 5.42441E-04
0.57 6.5000E+01 4.51693E-04
0.57 7.0000E+01 3.69033E-04
0.57 7.5000E+01 4.21616E-04
0.57 8.0000E+01 3.84503E-04
0.57 8.5000E+01 3.43682E-04
0.57 1.0000E+02 2.79351E-04
0.57 1.1000E+02 2.65491E-04
0.57 1.2000E+02 2.24322E-04
0.57 1.3000E+02 2.33942E-04
0.57 1.4000E+02 1.87936E-04
0.57 1.5000E+02 1.64721E-04
0.57 1.6000E+02 1.54087E-04
0.57 1.7000E+02 1.43310E-04
0.57 1.8000E+02 1.31009E-04
0.57 1.9000E+02 1.18441E-04
0.57 2.1000E+02 1.00375E-04
0.57 2.3000E+02 9.17112E-05
0.57 2.5000E+02 7.84917E-05
0.57 2.7000E+02 6.64803E-05
0.57 2.9000E+02 6.07348E-05
0.57 3.1000E+02 5.48118E-05
0.57 3.3000E+02 4.95385E-05
0.57 3.5000E+02 4.48605E-05
0.57 3.7000E+02 4.06388E-05
0.57 3.9000E+02 3.70401E-05
0.57 4.3000E+02 3.08698E-05
0.57 4.7000E+02 2.71224E-05
0.57 5.1000E+02 2.35720E-05 


0.58 2.5600E+01 3.49284E-05
0.58 2.6600E+01 1.95832E-04
0.58 2.7600E+01 4.13059E-04
0.58 2.8600E+01 3.85139E-04
0.58 2.9600E+01 5.43880E-04
0.58 3.0600E+01 5.32018E-04
0.58 3.1600E+01 5.93302E-04
0.58 3.2600E+01 5.73677E-04
0.58 3.3600E+01 5.85482E-04
0.58 3.4600E+01 7.05334E-04
0.58 4.0000E+01 6.93780E-04
0.58 4.5000E+01 5.32521E-04
0.58 5.0000E+01 7.10542E-04
0.58 5.5000E+01 6.02927E-04
0.58 6.0000E+01 5.53147E-04
0.58 6.5000E+01 4.63464E-04
0.58 7.0000E+01 5.30446E-04
0.58 7.5000E+01 4.04251E-04
0.58 8.0000E+01 4.16065E-04
0.58 8.5000E+01 3.56284E-04
0.58 1.0000E+02 2.81999E-04
0.58 1.1000E+02 2.76010E-04
0.58 1.2000E+02 2.36460E-04
0.58 1.3000E+02 2.14808E-04
0.58 1.4000E+02 2.01496E-04
0.58 1.5000E+02 1.72731E-04
0.58 1.6000E+02 1.57178E-04
0.58 1.7000E+02 1.47679E-04
0.58 1.8000E+02 1.36950E-04
0.58 1.9000E+02 1.25038E-04
0.58 2.1000E+02 1.03777E-04
0.58 2.3000E+02 9.62611E-05
0.58 2.5000E+02 8.24203E-05
0.58 2.7000E+02 7.12400E-05
0.58 2.9000E+02 6.29375E-05
0.58 3.1000E+02 5.65946E-05
0.58 3.3000E+02 5.12887E-05
0.58 3.5000E+02 4.66046E-05
0.58 3.7000E+02 4.24035E-05
0.58 3.9000E+02 3.86380E-05
0.58 4.3000E+02 3.23053E-05
0.58 4.7000E+02 2.73456E-05
0.58 5.1000E+02 2.45169E-05 


0.59 2.5600E+01 2.97691E-05
0.59 2.6600E+01 1.72013E-04
0.59 2.7600E+01 4.38091E-04
0.59 2.8600E+01 5.69053E-04
0.59 2.9600E+01 3.73294E-04
0.59 3.0600E+01 6.43310E-04
0.59 3.1600E+01 7.58348E-04
0.59 3.2600E+01 6.88270E-04
0.59 3.3600E+01 7.17582E-04
0.59 3.4600E+01 5.43232E-04
0.59 4.0000E+01 5.46163E-04
0.59 4.5000E+01 5.80650E-04
0.59 5.0000E+01 6.58153E-04
0.59 5.5000E+01 5.41918E-04
0.59 6.0000E+01 4.45469E-04
0.59 6.5000E+01 5.10023E-04
0.59 7.0000E+01 5.07626E-04
0.59 7.5000E+01 3.80257E-04
0.59 8.0000E+01 4.29446E-04
0.59 8.5000E+01 3.83993E-04
0.59 1.0000E+02 2.97142E-04
0.59 1.1000E+02 2.79182E-04
0.59 1.2000E+02 2.51173E-04
0.59 1.3000E+02 2.16700E-04
0.59 1.4000E+02 2.24509E-04
0.59 1.5000E+02 1.83463E-04
0.59 1.6000E+02 1.61388E-04
0.59 1.7000E+02 1.51210E-04
0.59 1.8000E+02 1.41487E-04
0.59 1.9000E+02 1.31270E-04
0.59 2.1000E+02 1.07987E-04
0.59 2.3000E+02 9.64606E-05
0.59 2.5000E+02 8.61988E-05
0.59 2.7000E+02 7.45545E-05
0.59 2.9000E+02 6.53840E-05
0.59 3.1000E+02 5.86626E-05
0.59 3.3000E+02 5.30894E-05
0.59 3.5000E+02 4.83515E-05
0.59 3.7000E+02 4.39785E-05
0.59 3.9000E+02 4.02521E-05
0.59 4.3000E+02 3.35200E-05
0.59 4.7000E+02 2.85398E-05
0.59 5.1000E+02 2.53151E-05 


0.60 2.5600E+01 2.40804E-05
0.60 2.6600E+01 1.37220E-04
0.60 2.7600E+01 4.36254E-04
0.60 2.8600E+01 5.33605E-04
0.60 2.9600E+01 4.32780E-04
0.60 3.0600E+01 4.53241E-04
0.60 3.1600E+01 6.83551E-04
0.60 3.2600E+01 7.08085E-04
0.60 3.3600E+01 5.49786E-04
0.60 3.4600E+01 6.03576E-04
0.60 4.0000E+01 5.95041E-04
0.60 4.5000E+01 7.72700E-04
0.60 5.0000E+01 5.31425E-04
0.60 5.5000E+01 5.46190E-04
0.60 6.0000E+01 4.26713E-04
0.60 6.5000E+01 5.63103E-04
0.60 7.0000E+01 4.66710E-04
0.60 7.5000E+01 4.17689E-04
0.60 8.0000E+01 4.18536E-04
0.60 8.5000E+01 4.15204E-04
0.60 1.0000E+02 3.43027E-04
0.60 1.1000E+02 2.79091E-04
0.60 1.2000E+02 2.64490E-04
0.60 1.3000E+02 2.25992E-04
0.60 1.4000E+02 2.13930E-04
0.60 1.5000E+02 1.95739E-04
0.60 1.6000E+02 1.69669E-04
0.60 1.7000E+02 1.54528E-04
0.60 1.8000E+02 1.45226E-04
0.60 1.9000E+02 1.35721E-04
0.60 2.1000E+02 1.14194E-04
0.60 2.3000E+02 9.66498E-05
0.60 2.5000E+02 9.00950E-05
0.60 2.7000E+02 7.80859E-05
0.60 2.9000E+02 6.81571E-05
0.60 3.1000E+02 6.07518E-05
0.60 3.3000E+02 5.52543E-05
0.60 3.5000E+02 4.99184E-05
0.60 3.7000E+02 4.57792E-05
0.60 3.9000E+02 4.17940E-05
0.60 4.3000E+02 3.51302E-05
0.60 4.7000E+02 2.97514E-05
0.60 5.1000E+02 2.56500E-05 


0.61 2.5600E+01 2.52264E-05
0.61 2.6600E+01 1.46699E-04
0.61 2.7600E+01 3.99543E-04
0.61 2.8600E+01 5.41878E-04
0.61 2.9600E+01 5.88831E-04
0.61 3.0600E+01 4.92840E-04
0.61 3.1600E+01 5.67512E-04
0.61 3.2600E+01 6.85106E-04
0.61 3.3600E+01 6.99071E-04
0.61 3.4600E+01 7.09724E-04
0.61 4.0000E+01 8.29921E-04
0.61 4.5000E+01 7.83187E-04
0.61 5.0000E+01 7.17585E-04
0.61 5.5000E+01 6.19874E-04
0.61 6.0000E+01 6.21319E-04
0.61 6.5000E+01 5.89877E-04
0.61 7.0000E+01 4.81703E-04
0.61 7.5000E+01 5.42264E-04
0.61 8.0000E+01 4.00488E-04
0.61 8.5000E+01 4.31603E-04
0.61 1.0000E+02 3.81790E-04
0.61 1.1000E+02 2.81323E-04
0.61 1.2000E+02 2.73111E-04
0.61 1.3000E+02 2.39220E-04
0.61 1.4000E+02 2.10354E-04
0.61 1.5000E+02 2.14109E-04
0.61 1.6000E+02 1.79743E-04
0.61 1.7000E+02 1.59488E-04
0.61 1.8000E+02 1.48732E-04
0.61 1.9000E+02 1.39781E-04
0.61 2.1000E+02 1.18287E-04
0.61 2.3000E+02 1.03368E-04
0.61 2.5000E+02 9.46036E-05
0.61 2.7000E+02 8.14167E-05
0.61 2.9000E+02 7.12314E-05
0.61 3.1000E+02 6.28023E-05
0.61 3.3000E+02 5.66175E-05
0.61 3.5000E+02 5.16192E-05
0.61 3.7000E+02 4.72437E-05
0.61 3.9000E+02 4.33985E-05
0.61 4.3000E+02 3.65735E-05
0.61 4.7000E+02 3.09113E-05
0.61 5.1000E+02 2.64915E-05 


0.62 2.5600E+01 2.55540E-05
0.62 2.6600E+01 1.27485E-04
0.62 2.7600E+01 3.30337E-04
0.62 2.8600E+01 6.30439E-04
0.62 2.9600E+01 5.78237E-04
0.62 3.0600E+01 6.52967E-04
0.62 3.1600E+01 7.23439E-04
0.62 3.2600E+01 8.26747E-04
0.62 3.3600E+01 7.88553E-04
0.62 3.4600E+01 6.17137E-04
0.62 4.0000E+01 6.30078E-04
0.62 4.5000E+01 6.19436E-04
0.62 5.0000E+01 7.41315E-04
0.62 5.5000E+01 7.18480E-04
0.62 6.0000E+01 5.99278E-04
0.62 6.5000E+01 5.68408E-04
0.62 7.0000E+01 5.28122E-04
0.62 7.5000E+01 5.08239E-04
0.62 8.0000E+01 3.86027E-04
0.62 8.5000E+01 4.28399E-04
0.62 1.0000E+02 3.53666E-04
0.62 1.1000E+02 2.93714E-04
0.62 1.2000E+02 2.76569E-04
0.62 1.3000E+02 2.52613E-04
0.62 1.4000E+02 2.18551E-04
0.62 1.5000E+02 2.13031E-04
0.62 1.6000E+02 1.91431E-04
0.62 1.7000E+02 1.66983E-04
0.62 1.8000E+02 1.52440E-04
0.62 1.9000E+02 1.43100E-04
0.62 2.1000E+02 1.24541E-04
0.62 2.3000E+02 1.05515E-04
0.62 2.5000E+02 9.13537E-05
0.62 2.7000E+02 8.50833E-05
0.62 2.9000E+02 7.44303E-05
0.62 3.1000E+02 6.56186E-05
0.62 3.3000E+02 5.86795E-05
0.62 3.5000E+02 5.33492E-05
0.62 3.7000E+02 4.89543E-05
0.62 3.9000E+02 4.47399E-05
0.62 4.3000E+02 3.78522E-05
0.62 4.7000E+02 3.19860E-05
0.62 5.1000E+02 2.77039E-05 


0.63 2.5600E+01 2.19928E-05
0.63 2.6600E+01 1.10698E-04
0.63 2.7600E+01 3.58826E-04
0.63 2.8600E+01 5.71573E-04
0.63 2.9600E+01 5.68299E-04
0.63 3.0600E+01 4.50322E-04
0.63 3.1600E+01 6.83501E-04
0.63 3.2600E+01 7.99303E-04
0.63 3.3600E+01 7.78810E-04
0.63 3.4600E+01 6.76878E-04
0.63 4.0000E+01 6.82574E-04
0.63 4.5000E+01 7.52929E-04
0.63 5.0000E+01 6.46077E-04
0.63 5.5000E+01 8.07644E-04
0.63 6.0000E+01 5.54195E-04
0.63 6.5000E+01 4.56325E-04
0.63 7.0000E+01 5.80895E-04
0.63 7.5000E+01 4.81529E-04
0.63 8.0000E+01 5.32350E-04
0.63 8.5000E+01 4.12016E-04
0.63 1.0000E+02 3.49774E-04
0.63 1.1000E+02 3.19530E-04
0.63 1.2000E+02 2.77022E-04
0.63 1.3000E+02 2.63534E-04
0.63 1.4000E+02 2.29825E-04
0.63 1.5000E+02 2.05725E-04
0.63 1.6000E+02 2.06886E-04
0.63 1.7000E+02 1.76600E-04
0.63 1.8000E+02 1.57389E-04
0.63 1.9000E+02 1.46523E-04
0.63 2.1000E+02 1.29060E-04
0.63 2.3000E+02 1.10277E-04
0.63 2.5000E+02 9.42718E-05
0.63 2.7000E+02 8.90327E-05
0.63 2.9000E+02 7.77889E-05
0.63 3.1000E+02 6.84315E-05
0.63 3.3000E+02 6.09037E-05
0.63 3.5000E+02 5.50496E-05
0.63 3.7000E+02 5.03898E-05
0.63 3.9000E+02 4.62276E-05
0.63 4.3000E+02 3.92046E-05
0.63 4.7000E+02 3.34879E-05
0.63 5.1000E+02 2.88671E-05 


0.64 2.5600E+01 1.94584E-05
0.64 2.6600E+01 9.44114E-05
0.64 2.7600E+01 3.25418E-04
0.64 2.8600E+01 5.57728E-04
0.64 2.9600E+01 7.10197E-04
0.64 3.0600E+01 5.12311E-04
0.64 3.1600E+01 4.17633E-04
0.64 3.2600E+01 6.38858E-04
0.64 3.3600E+01 7.73777E-04
0.64 3.4600E+01 8.25207E-04
0.64 4.0000E+01 8.47652E-04
0.64 4.5000E+01 8.94768E-04
0.64 5.0000E+01 6.12988E-04
0.64 5.5000E+01 5.46718E-04
0.64 6.0000E+01 5.68917E-04
0.64 6.5000E+01 5.93305E-04
0.64 7.0000E+01 6.09407E-04
0.64 7.5000E+01 4.99644E-04
0.64 8.0000E+01 5.41435E-04
0.64 8.5000E+01 3.95826E-04
0.64 1.0000E+02 3.66211E-04
0.64 1.1000E+02 3.85057E-04
0.64 1.2000E+02 2.79107E-04
0.64 1.3000E+02 2.69875E-04
0.64 1.4000E+02 2.41948E-04
0.64 1.5000E+02 2.11535E-04
0.64 1.6000E+02 2.09835E-04
0.64 1.7000E+02 1.87255E-04
0.64 1.8000E+02 1.64651E-04
0.64 1.9000E+02 1.50288E-04
0.64 2.1000E+02 1.32755E-04
0.64 2.3000E+02 1.14944E-04
0.64 2.5000E+02 9.84324E-05
0.64 2.7000E+02 8.77017E-05
0.64 2.9000E+02 8.08799E-05
0.64 3.1000E+02 7.13918E-05
0.64 3.3000E+02 6.33432E-05
0.64 3.5000E+02 5.69650E-05
0.64 3.7000E+02 5.18837E-05
0.64 3.9000E+02 4.76285E-05
0.64 4.3000E+02 4.05338E-05
0.64 4.7000E+02 3.47151E-05
0.64 5.1000E+02 2.98262E-05 


0.65 2.5600E+01 1.71484E-05
0.65 2.6600E+01 7.55434E-05
0.65 2.7600E+01 2.96794E-04
0.65 2.8600E+01 5.99874E-04
0.65 2.9600E+01 6.67319E-04
0.65 3.0600E+01 7.01369E-04
0.65 3.1600E+01 7.37087E-04
0.65 3.2600E+01 7.85742E-04
0.65 3.3600E+01 9.54136E-04
0.65 3.4600E+01 8.66593E-04
0.65 4.0000E+01 9.66139E-04
0.65 4.5000E+01 8.58339E-04
0.65 5.0000E+01 7.04792E-04
0.65 5.5000E+01 6.30886E-04
0.65 6.0000E+01 6.44140E-04
0.65 6.5000E+01 6.89655E-04
0.65 7.0000E+01 5.96081E-04
0.65 7.5000E+01 5.46221E-04
0.65 8.0000E+01 5.00074E-04
0.65 8.5000E+01 4.43886E-04
0.65 1.0000E+02 3.90542E-04
0.65 1.1000E+02 3.61043E-04
0.65 1.2000E+02 2.90460E-04
0.65 1.3000E+02 2.72197E-04
0.65 1.4000E+02 2.53151E-04
0.65 1.5000E+02 2.21569E-04
0.65 1.6000E+02 2.01261E-04
0.65 1.7000E+02 2.00816E-04
0.65 1.8000E+02 1.73843E-04
0.65 1.9000E+02 1.55437E-04
0.65 2.1000E+02 1.35993E-04
0.65 2.3000E+02 1.19406E-04
0.65 2.5000E+02 1.02768E-04
0.65 2.7000E+02 8.88773E-05
0.65 2.9000E+02 8.40775E-05
0.65 3.1000E+02 7.43813E-05
0.65 3.3000E+02 6.59748E-05
0.65 3.5000E+02 5.91024E-05
0.65 3.7000E+02 5.35862E-05
0.65 3.9000E+02 4.92496E-05
0.65 4.3000E+02 4.18310E-05
0.65 4.7000E+02 3.58800E-05
0.65 5.1000E+02 3.10803E-05 


