0.40 2.5600E+01   NaN
0.40 2.6600E+01   NaN
0.40 2.7600E+01   NaN
0.40 2.8600E+01   NaN
0.40 2.9600E+01   NaN
0.40 3.0600E+01   NaN
0.40 3.1600E+01   NaN
0.40 3.2600E+01   NaN
0.40 3.3600E+01   NaN
0.40 3.4600E+01   NaN
0.40 4.0000E+01   NaN
0.40 4.5000E+01   NaN
0.40 5.0000E+01   NaN
0.40 5.5000E+01   NaN
0.40 6.0000E+01   NaN
0.40 6.5000E+01   NaN
0.40 7.0000E+01 4.06877E-06
0.40 7.5000E+01 8.09695E-06
0.40 8.0000E+01 1.34615E-06
0.40 8.5000E+01 1.40450E-05
0.40 1.0000E+02 8.98224E-06
0.40 1.1000E+02 8.11009E-06
0.40 1.2000E+02 7.26190E-06
0.40 1.3000E+02 9.96346E-06
0.40 1.4000E+02 6.96167E-06
0.40 1.5000E+02 4.93500E-06
0.40 1.6000E+02 2.22044E-06
0.40 1.7000E+02 6.27793E-06
0.40 1.8000E+02 5.87131E-06
0.40 1.9000E+02 6.84354E-06
0.40 2.1000E+02 5.05090E-06
0.40 2.3000E+02 4.10216E-06
0.40 2.5000E+02 4.69002E-06
0.40 2.7000E+02 4.38257E-06
0.40 2.9000E+02 3.93233E-06
0.40 3.1000E+02 3.58104E-06
0.40 3.3000E+02 3.21780E-06
0.40 3.5000E+02 2.91396E-06
0.40 3.7000E+02 3.03719E-06
0.40 3.9000E+02 2.40243E-06
0.40 4.3000E+02 2.08755E-06
0.40 4.7000E+02 1.76856E-06
0.40 5.1000E+02 1.55057E-06 


0.41 2.5600E+01   NaN
0.41 2.6600E+01   NaN
0.41 2.7600E+01   NaN
0.41 2.8600E+01   NaN
0.41 2.9600E+01   NaN
0.41 3.0600E+01   NaN
0.41 3.1600E+01   NaN
0.41 3.2600E+01   NaN
0.41 3.3600E+01   NaN
0.41 3.4600E+01   NaN
0.41 4.0000E+01   NaN
0.41 4.5000E+01   NaN
0.41 5.0000E+01   NaN
0.41 5.5000E+01   NaN
0.41 6.0000E+01   NaN
0.41 6.5000E+01   NaN
0.41 7.0000E+01 7.88488E-06
0.41 7.5000E+01 3.40900E-06
0.41 8.0000E+01 2.94117E-06
0.41 8.5000E+01 8.47739E-06
0.41 1.0000E+02 9.02778E-06
0.41 1.1000E+02 9.00833E-06
0.41 1.2000E+02 5.93164E-06
0.41 1.3000E+02 5.05415E-06
0.41 1.4000E+02 3.71232E-06
0.41 1.5000E+02 4.91728E-06
0.41 1.6000E+02 5.09022E-06
0.41 1.7000E+02 4.12215E-06
0.41 1.8000E+02 5.34668E-06
0.41 1.9000E+02 7.11774E-06
0.41 2.1000E+02 1.69547E-06
0.41 2.3000E+02 4.71378E-06
0.41 2.5000E+02 4.01646E-06
0.41 2.7000E+02 4.74848E-06
0.41 2.9000E+02 2.89308E-06
0.41 3.1000E+02 2.70094E-06
0.41 3.3000E+02 2.42611E-06
0.41 3.5000E+02 2.22662E-06
0.41 3.7000E+02 2.02386E-06
0.41 3.9000E+02 1.79961E-06
0.41 4.3000E+02 1.58832E-06
0.41 4.7000E+02 1.33270E-06
0.41 5.1000E+02 1.15134E-06 


0.42 2.5600E+01   NaN
0.42 2.6600E+01   NaN
0.42 2.7600E+01   NaN
0.42 2.8600E+01   NaN
0.42 2.9600E+01   NaN
0.42 3.0600E+01   NaN
0.42 3.1600E+01   NaN
0.42 3.2600E+01   NaN
0.42 3.3600E+01   NaN
0.42 3.4600E+01   NaN
0.42 4.0000E+01   NaN
0.42 4.5000E+01   NaN
0.42 5.0000E+01   NaN
0.42 5.5000E+01   NaN
0.42 6.0000E+01   NaN
0.42 6.5000E+01   NaN
0.42 7.0000E+01 1.15364E-06
0.42 7.5000E+01 2.41788E-07
0.42 8.0000E+01 1.42331E-06
0.42 8.5000E+01 1.54251E-06
0.42 1.0000E+02 9.29525E-06
0.42 1.1000E+02 1.28157E-05
0.42 1.2000E+02 5.25789E-06
0.42 1.3000E+02 4.92401E-06
0.42 1.4000E+02 6.06398E-06
0.42 1.5000E+02 4.17112E-06
0.42 1.6000E+02 4.46924E-06
0.42 1.7000E+02 4.27223E-06
0.42 1.8000E+02 3.95476E-06
0.42 1.9000E+02 3.97832E-06
0.42 2.1000E+02 3.85139E-06
0.42 2.3000E+02 3.02423E-06
0.42 2.5000E+02 2.28935E-06
0.42 2.7000E+02 2.47761E-06
0.42 2.9000E+02 2.37249E-06
0.42 3.1000E+02 2.16916E-06
0.42 3.3000E+02 1.99823E-06
0.42 3.5000E+02 1.83283E-06
0.42 3.7000E+02 1.76093E-06
0.42 3.9000E+02 1.47065E-06
0.42 4.3000E+02 1.23870E-06
0.42 4.7000E+02 1.05993E-06
0.42 5.1000E+02 9.07981E-07 


0.43 2.5600E+01   NaN
0.43 2.6600E+01   NaN
0.43 2.7600E+01   NaN
0.43 2.8600E+01   NaN
0.43 2.9600E+01   NaN
0.43 3.0600E+01   NaN
0.43 3.1600E+01   NaN
0.43 3.2600E+01   NaN
0.43 3.3600E+01   NaN
0.43 3.4600E+01   NaN
0.43 4.0000E+01   NaN
0.43 4.5000E+01   NaN
0.43 5.0000E+01   NaN
0.43 5.5000E+01   NaN
0.43 6.0000E+01   NaN
0.43 6.5000E+01   NaN
0.43 7.0000E+01 6.61589E-07
0.43 7.5000E+01 2.58816E-06
0.43 8.0000E+01 1.10345E-05
0.43 8.5000E+01 7.48938E-06
0.43 1.0000E+02 8.06903E-06
0.43 1.1000E+02 5.86882E-06
0.43 1.2000E+02 4.67322E-06
0.43 1.3000E+02 5.47343E-06
0.43 1.4000E+02 4.75282E-06
0.43 1.5000E+02 5.39301E-06
0.43 1.6000E+02 3.76401E-06
0.43 1.7000E+02 3.66183E-06
0.43 1.8000E+02 3.19650E-06
0.43 1.9000E+02 3.66259E-06
0.43 2.1000E+02 3.25894E-06
0.43 2.3000E+02 2.95053E-06
0.43 2.5000E+02 1.95324E-06
0.43 2.7000E+02 2.18689E-06
0.43 2.9000E+02 1.94700E-06
0.43 3.1000E+02 1.73744E-06
0.43 3.3000E+02 1.57229E-06
0.43 3.5000E+02 1.43882E-06
0.43 3.7000E+02 1.36464E-06
0.43 3.9000E+02 1.24794E-06
0.43 4.3000E+02 8.69976E-07
0.43 4.7000E+02 8.42302E-07
0.43 5.1000E+02 7.09980E-07 


0.44 2.5600E+01   NaN
0.44 2.6600E+01   NaN
0.44 2.7600E+01   NaN
0.44 2.8600E+01   NaN
0.44 2.9600E+01   NaN
0.44 3.0600E+01   NaN
0.44 3.1600E+01   NaN
0.44 3.2600E+01   NaN
0.44 3.3600E+01   NaN
0.44 3.4600E+01   NaN
0.44 4.0000E+01   NaN
0.44 4.5000E+01   NaN
0.44 5.0000E+01   NaN
0.44 5.5000E+01   NaN
0.44 6.0000E+01   NaN
0.44 6.5000E+01   NaN
0.44 7.0000E+01 1.88012E-06
0.44 7.5000E+01 3.43350E-06
0.44 8.0000E+01 1.03139E-05
0.44 8.5000E+01 7.68006E-06
0.44 1.0000E+02 6.73809E-06
0.44 1.1000E+02 5.22898E-06
0.44 1.2000E+02 4.39476E-06
0.44 1.3000E+02 2.74072E-05
0.44 1.4000E+02 5.21943E-06
0.44 1.5000E+02 4.80384E-06
0.44 1.6000E+02 5.84126E-06
0.44 1.7000E+02 3.71010E-06
0.44 1.8000E+02 3.44683E-06
0.44 1.9000E+02 2.99463E-06
0.44 2.1000E+02 2.75310E-06
0.44 2.3000E+02 2.93653E-06
0.44 2.5000E+02 2.47632E-06
0.44 2.7000E+02 1.53405E-06
0.44 2.9000E+02 1.68421E-06
0.44 3.1000E+02 1.44103E-06
0.44 3.3000E+02 1.39058E-06
0.44 3.5000E+02 1.28212E-06
0.44 3.7000E+02 1.16474E-06
0.44 3.9000E+02 1.04015E-06
0.44 4.3000E+02 8.84619E-07
0.44 4.7000E+02 6.94654E-07
0.44 5.1000E+02 5.99503E-07 


0.45 2.5600E+01   NaN
0.45 2.6600E+01   NaN
0.45 2.7600E+01   NaN
0.45 2.8600E+01   NaN
0.45 2.9600E+01   NaN
0.45 3.0600E+01   NaN
0.45 3.1600E+01   NaN
0.45 3.2600E+01   NaN
0.45 3.3600E+01   NaN
0.45 3.4600E+01   NaN
0.45 4.0000E+01   NaN
0.45 4.5000E+01   NaN
0.45 5.0000E+01   NaN
0.45 5.5000E+01   NaN
0.45 6.0000E+01   NaN
0.45 6.5000E+01   NaN
0.45 7.0000E+01 6.14225E-08
0.45 7.5000E+01 3.32472E-06
0.45 8.0000E+01 5.03401E-06
0.45 8.5000E+01 6.42475E-06
0.45 1.0000E+02 2.07370E-06
0.45 1.1000E+02 4.97225E-06
0.45 1.2000E+02 6.88461E-06
0.45 1.3000E+02 6.75669E-06
0.45 1.4000E+02 8.35111E-06
0.45 1.5000E+02 6.67796E-06
0.45 1.6000E+02 7.15432E-06
0.45 1.7000E+02 6.62020E-06
0.45 1.8000E+02 5.87404E-06
0.45 1.9000E+02 5.09268E-06
0.45 2.1000E+02 3.69077E-06
0.45 2.3000E+02 3.45528E-06
0.45 2.5000E+02 3.58190E-06
0.45 2.7000E+02 3.54706E-06
0.45 2.9000E+02 1.99303E-06
0.45 3.1000E+02 1.88109E-06
0.45 3.3000E+02 1.71716E-06
0.45 3.5000E+02 1.58714E-06
0.45 3.7000E+02 1.63708E-06
0.45 3.9000E+02 1.35252E-06
0.45 4.3000E+02 1.14395E-06
0.45 4.7000E+02 9.53126E-07
0.45 5.1000E+02 8.62040E-07 


0.46 2.5600E+01   NaN
0.46 2.6600E+01   NaN
0.46 2.7600E+01   NaN
0.46 2.8600E+01   NaN
0.46 2.9600E+01   NaN
0.46 3.0600E+01   NaN
0.46 3.1600E+01   NaN
0.46 3.2600E+01   NaN
0.46 3.3600E+01   NaN
0.46 3.4600E+01   NaN
0.46 4.0000E+01   NaN
0.46 4.5000E+01   NaN
0.46 5.0000E+01   NaN
0.46 5.5000E+01   NaN
0.46 6.0000E+01   NaN
0.46 6.5000E+01   NaN
0.46 7.0000E+01 4.59625E-06
0.46 7.5000E+01 9.62106E-06
0.46 8.0000E+01 3.84030E-06
0.46 8.5000E+01 1.49809E-05
0.46 1.0000E+02 8.27856E-07
0.46 1.1000E+02 1.36139E-05
0.46 1.2000E+02 3.32035E-05
0.46 1.3000E+02 3.85240E-05
0.46 1.4000E+02 4.74821E-05
0.46 1.5000E+02 5.93530E-05
0.46 1.6000E+02 5.68293E-05
0.46 1.7000E+02 6.36916E-05
0.46 1.8000E+02 6.47716E-05
0.46 1.9000E+02 6.30295E-05
0.46 2.1000E+02 4.94416E-05
0.46 2.3000E+02 3.72293E-05
0.46 2.5000E+02 3.35253E-05
0.46 2.7000E+02 3.58028E-05
0.46 2.9000E+02 3.44454E-05
0.46 3.1000E+02 2.23477E-05
0.46 3.3000E+02 2.13164E-05
0.46 3.5000E+02 1.97850E-05
0.46 3.7000E+02 1.86895E-05
0.46 3.9000E+02 1.73824E-05
0.46 4.3000E+02 1.54097E-05
0.46 4.7000E+02 1.37742E-05
0.46 5.1000E+02 1.22017E-05 


0.47 2.5600E+01   NaN
0.47 2.6600E+01   NaN
0.47 2.7600E+01   NaN
0.47 2.8600E+01   NaN
0.47 2.9600E+01   NaN
0.47 3.0600E+01   NaN
0.47 3.1600E+01   NaN
0.47 3.2600E+01   NaN
0.47 3.3600E+01   NaN
0.47 3.4600E+01   NaN
0.47 4.0000E+01   NaN
0.47 4.5000E+01   NaN
0.47 5.0000E+01   NaN
0.47 5.5000E+01   NaN
0.47 6.0000E+01   NaN
0.47 6.5000E+01   NaN
0.47 7.0000E+01 7.08539E-06
0.47 7.5000E+01 2.53041E-05
0.47 8.0000E+01 3.22292E-05
0.47 8.5000E+01 3.59290E-06
0.47 1.0000E+02 9.78174E-05
0.47 1.1000E+02 1.24094E-04
0.47 1.2000E+02 1.65785E-04
0.47 1.3000E+02 2.11997E-04
0.47 1.4000E+02 1.97638E-04
0.47 1.5000E+02 2.52039E-04
0.47 1.6000E+02 2.51009E-04
0.47 1.7000E+02 2.45123E-04
0.47 1.8000E+02 2.68069E-04
0.47 1.9000E+02 2.71851E-04
0.47 2.1000E+02 2.52219E-04
0.47 2.3000E+02 2.03989E-04
0.47 2.5000E+02 1.67015E-04
0.47 2.7000E+02 1.65183E-04
0.47 2.9000E+02 1.72074E-04
0.47 3.1000E+02 1.28311E-04
0.47 3.3000E+02 1.14519E-04
0.47 3.5000E+02 1.04516E-04
0.47 3.7000E+02 9.69620E-05
0.47 3.9000E+02 9.05786E-05
0.47 4.3000E+02 8.00253E-05
0.47 4.7000E+02 7.08192E-05
0.47 5.1000E+02 6.47231E-05 


0.48 2.5600E+01   NaN
0.48 2.6600E+01   NaN
0.48 2.7600E+01   NaN
0.48 2.8600E+01   NaN
0.48 2.9600E+01   NaN
0.48 3.0600E+01   NaN
0.48 3.1600E+01   NaN
0.48 3.2600E+01   NaN
0.48 3.3600E+01   NaN
0.48 3.4600E+01   NaN
0.48 4.0000E+01   NaN
0.48 4.5000E+01   NaN
0.48 5.0000E+01   NaN
0.48 5.5000E+01   NaN
0.48 6.0000E+01   NaN
0.48 6.5000E+01   NaN
0.48 7.0000E+01 4.98103E-07
0.48 7.5000E+01 4.40255E-06
0.48 8.0000E+01 1.00596E-05
0.48 8.5000E+01 4.14781E-06
0.48 1.0000E+02 2.77534E-05
0.48 1.1000E+02 2.69446E-05
0.48 1.2000E+02 2.54177E-05
0.48 1.3000E+02 2.76980E-05
0.48 1.4000E+02 2.58263E-05
0.48 1.5000E+02 2.58786E-05
0.48 1.6000E+02 2.84134E-05
0.48 1.7000E+02 2.58064E-05
0.48 1.8000E+02 2.31333E-05
0.48 1.9000E+02 2.80753E-05
0.48 2.1000E+02 2.67862E-05
0.48 2.3000E+02 2.34918E-05
0.48 2.5000E+02 1.99375E-05
0.48 2.7000E+02 1.74784E-05
0.48 2.9000E+02 1.70285E-05
0.48 3.1000E+02 1.72937E-05
0.48 3.3000E+02 1.39335E-05
0.48 3.5000E+02 1.26066E-05
0.48 3.7000E+02 1.13962E-05
0.48 3.9000E+02 1.04468E-05
0.48 4.3000E+02 9.24006E-06
0.48 4.7000E+02 8.01145E-06
0.48 5.1000E+02 7.15478E-06 


0.49 2.5600E+01   NaN
0.49 2.6600E+01   NaN
0.49 2.7600E+01   NaN
0.49 2.8600E+01   NaN
0.49 2.9600E+01   NaN
0.49 3.0600E+01   NaN
0.49 3.1600E+01   NaN
0.49 3.2600E+01   NaN
0.49 3.3600E+01   NaN
0.49 3.4600E+01   NaN
0.49 4.0000E+01   NaN
0.49 4.5000E+01   NaN
0.49 5.0000E+01   NaN
0.49 5.5000E+01   NaN
0.49 6.0000E+01   NaN
0.49 6.5000E+01   NaN
0.49 7.0000E+01 1.87213E-06
0.49 7.5000E+01 2.02004E-06
0.49 8.0000E+01 5.61425E-06
0.49 8.5000E+01 1.50725E-06
0.49 1.0000E+02 1.99808E-05
0.49 1.1000E+02 2.32449E-05
0.49 1.2000E+02 1.73206E-05
0.49 1.3000E+02 1.56169E-05
0.49 1.4000E+02 1.62557E-05
0.49 1.5000E+02 1.36825E-05
0.49 1.6000E+02 1.66668E-05
0.49 1.7000E+02 1.53534E-05
0.49 1.8000E+02 1.27313E-05
0.49 1.9000E+02 1.30312E-05
0.49 2.1000E+02 1.38054E-05
0.49 2.3000E+02 1.23629E-05
0.49 2.5000E+02 1.09322E-05
0.49 2.7000E+02 9.43676E-06
0.49 2.9000E+02 8.55418E-06
0.49 3.1000E+02 8.12064E-06
0.49 3.3000E+02 8.02846E-06
0.49 3.5000E+02 7.06391E-06
0.49 3.7000E+02 6.21651E-06
0.49 3.9000E+02 4.59846E-06
0.49 4.3000E+02 4.78746E-06
0.49 4.7000E+02 4.17990E-06
0.49 5.1000E+02 3.62234E-06 


0.50 2.5600E+01   NaN
0.50 2.6600E+01   NaN
0.50 2.7600E+01   NaN
0.50 2.8600E+01   NaN
0.50 2.9600E+01   NaN
0.50 3.0600E+01   NaN
0.50 3.1600E+01   NaN
0.50 3.2600E+01   NaN
0.50 3.3600E+01   NaN
0.50 3.4600E+01   NaN
0.50 4.0000E+01   NaN
0.50 4.5000E+01   NaN
0.50 5.0000E+01   NaN
0.50 5.5000E+01   NaN
0.50 6.0000E+01   NaN
0.50 6.5000E+01   NaN
0.50 7.0000E+01 8.73382E-07
0.50 7.5000E+01 3.81540E-06
0.50 8.0000E+01 5.25472E-06
0.50 8.5000E+01 3.31250E-06
0.50 1.0000E+02 1.80900E-05
0.50 1.1000E+02 1.58348E-05
0.50 1.2000E+02 1.41432E-05
0.50 1.3000E+02 1.27265E-05
0.50 1.4000E+02 1.46072E-05
0.50 1.5000E+02 1.08111E-05
0.50 1.6000E+02 1.02292E-05
0.50 1.7000E+02 1.14047E-05
0.50 1.8000E+02 1.01217E-05
0.50 1.9000E+02 8.76573E-06
0.50 2.1000E+02 9.89149E-06
0.50 2.3000E+02 7.93774E-06
0.50 2.5000E+02 7.93990E-06
0.50 2.7000E+02 7.04486E-06
0.50 2.9000E+02 6.15266E-06
0.50 3.1000E+02 5.71107E-06
0.50 3.3000E+02 5.34141E-06
0.50 3.5000E+02 5.26023E-06
0.50 3.7000E+02 4.51336E-06
0.50 3.9000E+02 4.08797E-06
0.50 4.3000E+02 3.44936E-06
0.50 4.7000E+02 2.93679E-06
0.50 5.1000E+02 2.57947E-06 


0.51 2.5600E+01   NaN
0.51 2.6600E+01   NaN
0.51 2.7600E+01   NaN
0.51 2.8600E+01   NaN
0.51 2.9600E+01   NaN
0.51 3.0600E+01   NaN
0.51 3.1600E+01   NaN
0.51 3.2600E+01   NaN
0.51 3.3600E+01   NaN
0.51 3.4600E+01   NaN
0.51 4.0000E+01   NaN
0.51 4.5000E+01   NaN
0.51 5.0000E+01   NaN
0.51 5.5000E+01   NaN
0.51 6.0000E+01   NaN
0.51 6.5000E+01   NaN
0.51 7.0000E+01 5.82967E-07
0.51 7.5000E+01 6.43620E-07
0.51 8.0000E+01 6.93335E-06
0.51 8.5000E+01 5.56673E-06
0.51 1.0000E+02 1.57256E-05
0.51 1.1000E+02 1.32584E-05
0.51 1.2000E+02 1.26371E-05
0.51 1.3000E+02 1.20385E-05
0.51 1.4000E+02 1.50726E-05
0.51 1.5000E+02 1.02493E-05
0.51 1.6000E+02 8.25250E-06
0.51 1.7000E+02 9.36910E-06
0.51 1.8000E+02 9.01742E-06
0.51 1.9000E+02 7.60403E-06
0.51 2.1000E+02 7.99057E-06
0.51 2.3000E+02 7.20892E-06
0.51 2.5000E+02 6.38566E-06
0.51 2.7000E+02 5.76963E-06
0.51 2.9000E+02 5.08035E-06
0.51 3.1000E+02 4.50971E-06
0.51 3.3000E+02 4.10574E-06
0.51 3.5000E+02 3.86691E-06
0.51 3.7000E+02 3.64462E-06
0.51 3.9000E+02 3.32648E-06
0.51 4.3000E+02 2.75309E-06
0.51 4.7000E+02 2.30861E-06
0.51 5.1000E+02 1.98145E-06 


0.52 2.5600E+01   NaN
0.52 2.6600E+01   NaN
0.52 2.7600E+01   NaN
0.52 2.8600E+01   NaN
0.52 2.9600E+01   NaN
0.52 3.0600E+01   NaN
0.52 3.1600E+01   NaN
0.52 3.2600E+01   NaN
0.52 3.3600E+01   NaN
0.52 3.4600E+01   NaN
0.52 4.0000E+01   NaN
0.52 4.5000E+01   NaN
0.52 5.0000E+01   NaN
0.52 5.5000E+01   NaN
0.52 6.0000E+01   NaN
0.52 6.5000E+01   NaN
0.52 7.0000E+01 6.05170E-07
0.52 7.5000E+01 1.93176E-06
0.52 8.0000E+01 7.72978E-06
0.52 8.5000E+01 5.58375E-06
0.52 1.0000E+02 1.32031E-05
0.52 1.1000E+02 1.70269E-05
0.52 1.2000E+02 1.22207E-05
0.52 1.3000E+02 1.17517E-05
0.52 1.4000E+02 9.21231E-06
0.52 1.5000E+02 1.04175E-05
0.52 1.6000E+02 7.79949E-06
0.52 1.7000E+02 6.96656E-06
0.52 1.8000E+02 9.10023E-06
0.52 1.9000E+02 7.14270E-06
0.52 2.1000E+02 6.00270E-06
0.52 2.3000E+02 6.09502E-06
0.52 2.5000E+02 5.41464E-06
0.52 2.7000E+02 4.80780E-06
0.52 2.9000E+02 4.34832E-06
0.52 3.1000E+02 3.82302E-06
0.52 3.3000E+02 3.39542E-06
0.52 3.5000E+02 3.08753E-06
0.52 3.7000E+02 2.94999E-06
0.52 3.9000E+02 2.70481E-06
0.52 4.3000E+02 2.26114E-06
0.52 4.7000E+02 1.90202E-06
0.52 5.1000E+02 1.60004E-06 


0.53 2.5600E+01   NaN
0.53 2.6600E+01   NaN
0.53 2.7600E+01   NaN
0.53 2.8600E+01   NaN
0.53 2.9600E+01   NaN
0.53 3.0600E+01   NaN
0.53 3.1600E+01   NaN
0.53 3.2600E+01   NaN
0.53 3.3600E+01   NaN
0.53 3.4600E+01   NaN
0.53 4.0000E+01   NaN
0.53 4.5000E+01   NaN
0.53 5.0000E+01   NaN
0.53 5.5000E+01   NaN
0.53 6.0000E+01   NaN
0.53 6.5000E+01   NaN
0.53 7.0000E+01 7.51952E-07
0.53 7.5000E+01 1.38584E-06
0.53 8.0000E+01 3.58291E-06
0.53 8.5000E+01 3.17119E-06
0.53 1.0000E+02 1.58980E-05
0.53 1.1000E+02 1.47232E-05
0.53 1.2000E+02 1.17691E-05
0.53 1.3000E+02 1.09029E-05
0.53 1.4000E+02 9.30365E-06
0.53 1.5000E+02 1.16712E-05
0.53 1.6000E+02 8.29770E-06
0.53 1.7000E+02 6.31418E-06
0.53 1.8000E+02 6.12376E-06
0.53 1.9000E+02 7.17247E-06
0.53 2.1000E+02 4.65702E-06
0.53 2.3000E+02 5.14231E-06
0.53 2.5000E+02 4.70887E-06
0.53 2.7000E+02 4.22406E-06
0.53 2.9000E+02 3.74536E-06
0.53 3.1000E+02 3.39446E-06
0.53 3.3000E+02 2.90005E-06
0.53 3.5000E+02 2.54556E-06
0.53 3.7000E+02 2.31837E-06
0.53 3.9000E+02 2.28360E-06
0.53 4.3000E+02 1.88685E-06
0.53 4.7000E+02 1.54668E-06
0.53 5.1000E+02 1.28327E-06 


0.54 2.5600E+01   NaN
0.54 2.6600E+01   NaN
0.54 2.7600E+01   NaN
0.54 2.8600E+01   NaN
0.54 2.9600E+01   NaN
0.54 3.0600E+01   NaN
0.54 3.1600E+01   NaN
0.54 3.2600E+01   NaN
0.54 3.3600E+01   NaN
0.54 3.4600E+01   NaN
0.54 4.0000E+01   NaN
0.54 4.5000E+01   NaN
0.54 5.0000E+01   NaN
0.54 5.5000E+01   NaN
0.54 6.0000E+01   NaN
0.54 6.5000E+01   NaN
0.54 7.0000E+01 1.12462E-06
0.54 7.5000E+01 4.29756E-07
0.54 8.0000E+01 7.71802E-06
0.54 8.5000E+01 1.06989E-05
0.54 1.0000E+02 1.19918E-05
0.54 1.1000E+02 1.16859E-05
0.54 1.2000E+02 1.20976E-05
0.54 1.3000E+02 9.90814E-06
0.54 1.4000E+02 1.03869E-05
0.54 1.5000E+02 8.07920E-06
0.54 1.6000E+02 9.61278E-06
0.54 1.7000E+02 7.30928E-06
0.54 1.8000E+02 5.58434E-06
0.54 1.9000E+02 6.20412E-06
0.54 2.1000E+02 5.12794E-06
0.54 2.3000E+02 4.46164E-06
0.54 2.5000E+02 4.19220E-06
0.54 2.7000E+02 3.81665E-06
0.54 2.9000E+02 3.42156E-06
0.54 3.1000E+02 3.05577E-06
0.54 3.3000E+02 2.69278E-06
0.54 3.5000E+02 2.36222E-06
0.54 3.7000E+02 2.00433E-06
0.54 3.9000E+02 1.80949E-06
0.54 4.3000E+02 1.67315E-06
0.54 4.7000E+02 1.33638E-06
0.54 5.1000E+02 1.08200E-06 


0.55 2.5600E+01   NaN
0.55 2.6600E+01   NaN
0.55 2.7600E+01   NaN
0.55 2.8600E+01   NaN
0.55 2.9600E+01   NaN
0.55 3.0600E+01   NaN
0.55 3.1600E+01   NaN
0.55 3.2600E+01   NaN
0.55 3.3600E+01   NaN
0.55 3.4600E+01   NaN
0.55 4.0000E+01   NaN
0.55 4.5000E+01   NaN
0.55 5.0000E+01   NaN
0.55 5.5000E+01   NaN
0.55 6.0000E+01   NaN
0.55 6.5000E+01   NaN
0.55 7.0000E+01 1.35504E-06
0.55 7.5000E+01 6.44317E-07
0.55 8.0000E+01 8.75942E-06
0.55 8.5000E+01 4.65636E-06
0.55 1.0000E+02 8.29219E-06
0.55 1.1000E+02 7.25806E-06
0.55 1.2000E+02 7.89460E-06
0.55 1.3000E+02 1.02643E-05
0.55 1.4000E+02 1.35523E-05
0.55 1.5000E+02 1.16205E-05
0.55 1.6000E+02 1.45124E-05
0.55 1.7000E+02 1.27859E-05
0.55 1.8000E+02 9.74337E-06
0.55 1.9000E+02 7.72415E-06
0.55 2.1000E+02 8.71256E-06
0.55 2.3000E+02 5.05340E-06
0.55 2.5000E+02 5.04544E-06
0.55 2.7000E+02 4.72593E-06
0.55 2.9000E+02 4.37615E-06
0.55 3.1000E+02 4.05454E-06
0.55 3.3000E+02 3.64330E-06
0.55 3.5000E+02 3.06071E-06
0.55 3.7000E+02 2.71151E-06
0.55 3.9000E+02 2.31582E-06
0.55 4.3000E+02 2.36227E-06
0.55 4.7000E+02 1.84547E-06
0.55 5.1000E+02 1.48648E-06 


0.56 2.5600E+01   NaN
0.56 2.6600E+01   NaN
0.56 2.7600E+01   NaN
0.56 2.8600E+01   NaN
0.56 2.9600E+01   NaN
0.56 3.0600E+01   NaN
0.56 3.1600E+01   NaN
0.56 3.2600E+01   NaN
0.56 3.3600E+01   NaN
0.56 3.4600E+01   NaN
0.56 4.0000E+01   NaN
0.56 4.5000E+01   NaN
0.56 5.0000E+01   NaN
0.56 5.5000E+01   NaN
0.56 6.0000E+01   NaN
0.56 6.5000E+01   NaN
0.56 7.0000E+01   NaN
0.56 7.5000E+01 4.32420E-06
0.56 8.0000E+01 1.48971E-05
0.56 8.5000E+01 8.24312E-06
0.56 1.0000E+02 2.36988E-06
0.56 1.1000E+02 3.46142E-06
0.56 1.2000E+02 2.08393E-05
0.56 1.3000E+02 2.74278E-05
0.56 1.4000E+02 4.38254E-05
0.56 1.5000E+02 5.41792E-05
0.56 1.6000E+02 4.69722E-05
0.56 1.7000E+02 5.83889E-05
0.56 1.8000E+02 6.11526E-05
0.56 1.9000E+02 4.99206E-05
0.56 2.1000E+02 5.12862E-05
0.56 2.3000E+02 3.93708E-05
0.56 2.5000E+02 2.90281E-05
0.56 2.7000E+02 2.45034E-05
0.56 2.9000E+02 2.28669E-05
0.56 3.1000E+02 2.17375E-05
0.56 3.3000E+02 2.05970E-05
0.56 3.5000E+02 1.93178E-05
0.56 3.7000E+02 1.75614E-05
0.56 3.9000E+02 1.54602E-05
0.56 4.3000E+02 1.15844E-05
0.56 4.7000E+02 1.24874E-05
0.56 5.1000E+02 1.08102E-05 


0.57 2.5600E+01   NaN
0.57 2.6600E+01   NaN
0.57 2.7600E+01   NaN
0.57 2.8600E+01   NaN
0.57 2.9600E+01   NaN
0.57 3.0600E+01   NaN
0.57 3.1600E+01   NaN
0.57 3.2600E+01   NaN
0.57 3.3600E+01   NaN
0.57 3.4600E+01   NaN
0.57 4.0000E+01   NaN
0.57 4.5000E+01   NaN
0.57 5.0000E+01   NaN
0.57 5.5000E+01   NaN
0.57 6.0000E+01   NaN
0.57 6.5000E+01   NaN
0.57 7.0000E+01   NaN
0.57 7.5000E+01 6.32541E-05
0.57 8.0000E+01 8.37966E-05
0.57 8.5000E+01 1.04038E-04
0.57 1.0000E+02 1.12529E-04
0.57 1.1000E+02 2.94310E-04
0.57 1.2000E+02 4.48117E-04
0.57 1.3000E+02 6.89742E-04
0.57 1.4000E+02 7.76208E-04
0.57 1.5000E+02 1.04262E-03
0.57 1.6000E+02 1.07567E-03
0.57 1.7000E+02 1.07331E-03
0.57 1.8000E+02 1.20392E-03
0.57 1.9000E+02 1.25220E-03
0.57 2.1000E+02 7.76997E-04
0.57 2.3000E+02 9.83324E-04
0.57 2.5000E+02 8.01137E-04
0.57 2.7000E+02 6.43872E-04
0.57 2.9000E+02 5.57680E-04
0.57 3.1000E+02 5.22261E-04
0.57 3.3000E+02 4.97655E-04
0.57 3.5000E+02 4.74362E-04
0.57 3.7000E+02 4.48325E-04
0.57 3.9000E+02 4.12682E-04
0.57 4.3000E+02 3.25435E-04
0.57 4.7000E+02 3.21150E-04
0.57 5.1000E+02 2.88612E-04 


0.58 2.5600E+01   NaN
0.58 2.6600E+01   NaN
0.58 2.7600E+01   NaN
0.58 2.8600E+01   NaN
0.58 2.9600E+01   NaN
0.58 3.0600E+01   NaN
0.58 3.1600E+01   NaN
0.58 3.2600E+01   NaN
0.58 3.3600E+01   NaN
0.58 3.4600E+01   NaN
0.58 4.0000E+01   NaN
0.58 4.5000E+01   NaN
0.58 5.0000E+01   NaN
0.58 5.5000E+01   NaN
0.58 6.0000E+01   NaN
0.58 6.5000E+01   NaN
0.58 7.0000E+01   NaN
0.58 7.5000E+01 7.00009E-06
0.58 8.0000E+01 1.64412E-05
0.58 8.5000E+01 3.00105E-05
0.58 1.0000E+02 5.63065E-05
0.58 1.1000E+02 1.04499E-04
0.58 1.2000E+02 1.09419E-04
0.58 1.3000E+02 1.37271E-04
0.58 1.4000E+02 1.35787E-04
0.58 1.5000E+02 1.61306E-04
0.58 1.6000E+02 1.90176E-04
0.58 1.7000E+02 1.77244E-04
0.58 1.8000E+02 1.91383E-04
0.58 1.9000E+02 2.12495E-04
0.58 2.1000E+02 1.73539E-04
0.58 2.3000E+02 1.79008E-04
0.58 2.5000E+02 1.54866E-04
0.58 2.7000E+02 1.28916E-04
0.58 2.9000E+02 1.08925E-04
0.58 3.1000E+02 9.82625E-05
0.58 3.3000E+02 9.19009E-05
0.58 3.5000E+02 8.67846E-05
0.58 3.7000E+02 8.23009E-05
0.58 3.9000E+02 7.77287E-05
0.58 4.3000E+02 6.55006E-05
0.58 4.7000E+02 5.09880E-05
0.58 5.1000E+02 5.29590E-05 


0.59 2.5600E+01   NaN
0.59 2.6600E+01   NaN
0.59 2.7600E+01   NaN
0.59 2.8600E+01   NaN
0.59 2.9600E+01   NaN
0.59 3.0600E+01   NaN
0.59 3.1600E+01   NaN
0.59 3.2600E+01   NaN
0.59 3.3600E+01   NaN
0.59 3.4600E+01   NaN
0.59 4.0000E+01   NaN
0.59 4.5000E+01   NaN
0.59 5.0000E+01   NaN
0.59 5.5000E+01   NaN
0.59 6.0000E+01   NaN
0.59 6.5000E+01   NaN
0.59 7.0000E+01   NaN
0.59 7.5000E+01 3.95791E-07
0.59 8.0000E+01 3.29137E-06
0.59 8.5000E+01 1.08006E-05
0.59 1.0000E+02 2.92699E-05
0.59 1.1000E+02 4.29934E-05
0.59 1.2000E+02 4.01820E-05
0.59 1.3000E+02 4.20640E-05
0.59 1.4000E+02 4.58301E-05
0.59 1.5000E+02 3.70180E-05
0.59 1.6000E+02 4.40297E-05
0.59 1.7000E+02 4.08556E-05
0.59 1.8000E+02 4.17016E-05
0.59 1.9000E+02 4.54754E-05
0.59 2.1000E+02 4.50625E-05
0.59 2.3000E+02 3.14928E-05
0.59 2.5000E+02 3.81146E-05
0.59 2.7000E+02 3.13558E-05
0.59 2.9000E+02 2.75818E-05
0.59 3.1000E+02 2.44681E-05
0.59 3.3000E+02 2.24047E-05
0.59 3.5000E+02 2.07332E-05
0.59 3.7000E+02 1.93935E-05
0.59 3.9000E+02 1.82080E-05
0.59 4.3000E+02 1.58982E-05
0.59 4.7000E+02 1.33800E-05
0.59 5.1000E+02 1.18529E-05 


0.60 2.5600E+01   NaN
0.60 2.6600E+01   NaN
0.60 2.7600E+01   NaN
0.60 2.8600E+01   NaN
0.60 2.9600E+01   NaN
0.60 3.0600E+01   NaN
0.60 3.1600E+01   NaN
0.60 3.2600E+01   NaN
0.60 3.3600E+01   NaN
0.60 3.4600E+01   NaN
0.60 4.0000E+01   NaN
0.60 4.5000E+01   NaN
0.60 5.0000E+01   NaN
0.60 5.5000E+01   NaN
0.60 6.0000E+01   NaN
0.60 6.5000E+01   NaN
0.60 7.0000E+01   NaN
0.60 7.5000E+01 3.01052E-07
0.60 8.0000E+01 1.51399E-06
0.60 8.5000E+01 8.36927E-06
0.60 1.0000E+02 1.93550E-05
0.60 1.1000E+02 3.65498E-05
0.60 1.2000E+02 3.27542E-05
0.60 1.3000E+02 2.86727E-05
0.60 1.4000E+02 3.10536E-05
0.60 1.5000E+02 2.41232E-05
0.60 1.6000E+02 2.31595E-05
0.60 1.7000E+02 2.60528E-05
0.60 1.8000E+02 2.16425E-05
0.60 1.9000E+02 2.38385E-05
0.60 2.1000E+02 2.57336E-05
0.60 2.3000E+02 1.96620E-05
0.60 2.5000E+02 2.09937E-05
0.60 2.7000E+02 1.72016E-05
0.60 2.9000E+02 1.59181E-05
0.60 3.1000E+02 1.42193E-05
0.60 3.3000E+02 1.30057E-05
0.60 3.5000E+02 1.17607E-05
0.60 3.7000E+02 1.07218E-05
0.60 3.9000E+02 1.00807E-05
0.60 4.3000E+02 8.95224E-06
0.60 4.7000E+02 7.79323E-06
0.60 5.1000E+02 6.22800E-06 


0.61 2.5600E+01   NaN
0.61 2.6600E+01   NaN
0.61 2.7600E+01   NaN
0.61 2.8600E+01   NaN
0.61 2.9600E+01   NaN
0.61 3.0600E+01   NaN
0.61 3.1600E+01   NaN
0.61 3.2600E+01   NaN
0.61 3.3600E+01   NaN
0.61 3.4600E+01   NaN
0.61 4.0000E+01   NaN
0.61 4.5000E+01   NaN
0.61 5.0000E+01   NaN
0.61 5.5000E+01   NaN
0.61 6.0000E+01   NaN
0.61 6.5000E+01   NaN
0.61 7.0000E+01   NaN
0.61 7.5000E+01 8.67971E-07
0.61 8.0000E+01 1.53684E-06
0.61 8.5000E+01 7.39631E-06
0.61 1.0000E+02 3.00718E-05
0.61 1.1000E+02 3.20466E-05
0.61 1.2000E+02 2.89667E-05
0.61 1.3000E+02 2.30631E-05
0.61 1.4000E+02 1.95716E-05
0.61 1.5000E+02 2.25911E-05
0.61 1.6000E+02 1.67171E-05
0.61 1.7000E+02 1.93434E-05
0.61 1.8000E+02 1.58376E-05
0.61 1.9000E+02 1.61823E-05
0.61 2.1000E+02 1.84319E-05
0.61 2.3000E+02 1.52845E-05
0.61 2.5000E+02 1.38613E-05
0.61 2.7000E+02 1.40566E-05
0.61 2.9000E+02 1.15090E-05
0.61 3.1000E+02 1.04596E-05
0.61 3.3000E+02 9.47109E-06
0.61 3.5000E+02 8.60118E-06
0.61 3.7000E+02 7.90060E-06
0.61 3.9000E+02 7.21184E-06
0.61 4.3000E+02 6.30986E-06
0.61 4.7000E+02 5.56708E-06
0.61 5.1000E+02 4.75047E-06 


0.62 2.5600E+01   NaN
0.62 2.6600E+01   NaN
0.62 2.7600E+01   NaN
0.62 2.8600E+01   NaN
0.62 2.9600E+01   NaN
0.62 3.0600E+01   NaN
0.62 3.1600E+01   NaN
0.62 3.2600E+01   NaN
0.62 3.3600E+01   NaN
0.62 3.4600E+01   NaN
0.62 4.0000E+01   NaN
0.62 4.5000E+01   NaN
0.62 5.0000E+01   NaN
0.62 5.5000E+01   NaN
0.62 6.0000E+01   NaN
0.62 6.5000E+01   NaN
0.62 7.0000E+01   NaN
0.62 7.5000E+01 5.69119E-07
0.62 8.0000E+01 1.65658E-06
0.62 8.5000E+01 4.74396E-06
0.62 1.0000E+02 2.99229E-05
0.62 1.1000E+02 2.68251E-05
0.62 1.2000E+02 2.51354E-05
0.62 1.3000E+02 1.96378E-05
0.62 1.4000E+02 1.74158E-05
0.62 1.5000E+02 2.17931E-05
0.62 1.6000E+02 1.52535E-05
0.62 1.7000E+02 1.47184E-05
0.62 1.8000E+02 1.58132E-05
0.62 1.9000E+02 1.20315E-05
0.62 2.1000E+02 1.41115E-05
0.62 2.3000E+02 1.33934E-05
0.62 2.5000E+02 1.01979E-05
0.62 2.7000E+02 1.11685E-05
0.62 2.9000E+02 9.13573E-06
0.62 3.1000E+02 8.40313E-06
0.62 3.3000E+02 7.62857E-06
0.62 3.5000E+02 6.93189E-06
0.62 3.7000E+02 6.32748E-06
0.62 3.9000E+02 5.74198E-06
0.62 4.3000E+02 4.88216E-06
0.62 4.7000E+02 4.22910E-06
0.62 5.1000E+02 3.80510E-06 


0.63 2.5600E+01   NaN
0.63 2.6600E+01   NaN
0.63 2.7600E+01   NaN
0.63 2.8600E+01   NaN
0.63 2.9600E+01   NaN
0.63 3.0600E+01   NaN
0.63 3.1600E+01   NaN
0.63 3.2600E+01   NaN
0.63 3.3600E+01   NaN
0.63 3.4600E+01   NaN
0.63 4.0000E+01   NaN
0.63 4.5000E+01   NaN
0.63 5.0000E+01   NaN
0.63 5.5000E+01   NaN
0.63 6.0000E+01   NaN
0.63 6.5000E+01   NaN
0.63 7.0000E+01   NaN
0.63 7.5000E+01 4.77425E-07
0.63 8.0000E+01 7.93644E-07
0.63 8.5000E+01 2.89577E-06
0.63 1.0000E+02 2.01734E-05
0.63 1.1000E+02 2.29657E-05
0.63 1.2000E+02 2.20219E-05
0.63 1.3000E+02 1.82959E-05
0.63 1.4000E+02 1.80386E-05
0.63 1.5000E+02 1.71860E-05
0.63 1.6000E+02 1.60564E-05
0.63 1.7000E+02 1.19443E-05
0.63 1.8000E+02 1.38995E-05
0.63 1.9000E+02 1.04122E-05
0.63 2.1000E+02 1.11080E-05
0.63 2.3000E+02 1.15288E-05
0.63 2.5000E+02 9.43384E-06
0.63 2.7000E+02 8.85230E-06
0.63 2.9000E+02 8.45361E-06
0.63 3.1000E+02 7.01902E-06
0.63 3.3000E+02 6.41501E-06
0.63 3.5000E+02 5.82911E-06
0.63 3.7000E+02 5.27909E-06
0.63 3.9000E+02 4.79601E-06
0.63 4.3000E+02 3.98795E-06
0.63 4.7000E+02 3.47697E-06
0.63 5.1000E+02 3.12130E-06 


0.64 2.5600E+01   NaN
0.64 2.6600E+01   NaN
0.64 2.7600E+01   NaN
0.64 2.8600E+01   NaN
0.64 2.9600E+01   NaN
0.64 3.0600E+01   NaN
0.64 3.1600E+01   NaN
0.64 3.2600E+01   NaN
0.64 3.3600E+01   NaN
0.64 3.4600E+01   NaN
0.64 4.0000E+01   NaN
0.64 4.5000E+01   NaN
0.64 5.0000E+01   NaN
0.64 5.5000E+01   NaN
0.64 6.0000E+01   NaN
0.64 6.5000E+01   NaN
0.64 7.0000E+01   NaN
0.64 7.5000E+01 6.19308E-07
0.64 8.0000E+01 1.01420E-06
0.64 8.5000E+01 2.71513E-06
0.64 1.0000E+02 1.99576E-05
0.64 1.1000E+02 2.36813E-05
0.64 1.2000E+02 2.01626E-05
0.64 1.3000E+02 1.80164E-05
0.64 1.4000E+02 1.74890E-05
0.64 1.5000E+02 1.36990E-05
0.64 1.6000E+02 1.70525E-05
0.64 1.7000E+02 1.15193E-05
0.64 1.8000E+02 1.13110E-05
0.64 1.9000E+02 1.20865E-05
0.64 2.1000E+02 8.84779E-06
0.64 2.3000E+02 9.77782E-06
0.64 2.5000E+02 8.72492E-06
0.64 2.7000E+02 6.58849E-06
0.64 2.9000E+02 7.44035E-06
0.64 3.1000E+02 6.02538E-06
0.64 3.3000E+02 5.49907E-06
0.64 3.5000E+02 4.99680E-06
0.64 3.7000E+02 4.51065E-06
0.64 3.9000E+02 4.07315E-06
0.64 4.3000E+02 3.32937E-06
0.64 4.7000E+02 2.83085E-06
0.64 5.1000E+02 2.49430E-06 


0.65 2.5600E+01   NaN
0.65 2.6600E+01   NaN
0.65 2.7600E+01   NaN
0.65 2.8600E+01   NaN
0.65 2.9600E+01   NaN
0.65 3.0600E+01   NaN
0.65 3.1600E+01   NaN
0.65 3.2600E+01   NaN
0.65 3.3600E+01   NaN
0.65 3.4600E+01   NaN
0.65 4.0000E+01   NaN
0.65 4.5000E+01   NaN
0.65 5.0000E+01   NaN
0.65 5.5000E+01   NaN
0.65 6.0000E+01   NaN
0.65 6.5000E+01   NaN
0.65 7.0000E+01   NaN
0.65 7.5000E+01 8.08654E-07
0.65 8.0000E+01 1.06388E-06
0.65 8.5000E+01 3.44649E-06
0.65 1.0000E+02 2.84494E-05
0.65 1.1000E+02 2.10086E-05
0.65 1.2000E+02 2.14396E-05
0.65 1.3000E+02 1.73940E-05
0.65 1.4000E+02 1.57136E-05
0.65 1.5000E+02 1.20319E-05
0.65 1.6000E+02 1.55401E-05
0.65 1.7000E+02 1.30131E-05
0.65 1.8000E+02 9.68064E-06
0.65 1.9000E+02 1.12311E-05
0.65 2.1000E+02 7.40691E-06
0.65 2.3000E+02 8.07765E-06
0.65 2.5000E+02 8.05085E-06
0.65 2.7000E+02 6.40961E-06
0.65 2.9000E+02 6.09012E-06
0.65 3.1000E+02 5.68404E-06
0.65 3.3000E+02 4.83263E-06
0.65 3.5000E+02 4.38272E-06
0.65 3.7000E+02 3.94751E-06
0.65 3.9000E+02 3.36878E-06
0.65 4.3000E+02 2.83225E-06
0.65 4.7000E+02 2.34437E-06
0.65 5.1000E+02 2.03319E-06 


