0.40 2.5600E+01 1.69047E-04
0.40 2.6600E+01 1.66595E-04
0.40 2.7600E+01 1.37702E-04
0.40 2.8600E+01 2.76357E-04
0.40 2.9600E+01 2.53971E-04
0.40 3.0600E+01 2.75886E-04
0.40 3.1600E+01 2.35524E-04
0.40 3.2600E+01 2.42957E-04
0.40 3.3600E+01 5.09543E-04
0.40 3.4600E+01 3.33665E-04
0.40 4.0000E+01 3.90807E-04
0.40 4.5000E+01 2.22810E-04
0.40 5.0000E+01 3.61348E-04
0.40 5.5000E+01 1.66929E-04
0.40 6.0000E+01 3.09773E-04
0.40 6.5000E+01 2.81414E-04
0.40 7.0000E+01 2.38937E-04
0.40 7.5000E+01 1.94199E-04
0.40 8.0000E+01 2.22596E-04
0.40 8.5000E+01 1.69577E-04
0.40 1.0000E+02 1.72622E-04
0.40 1.1000E+02 1.23264E-04
0.40 1.2000E+02 1.24036E-04
0.40 1.3000E+02 1.22869E-04
0.40 1.4000E+02 9.16766E-05
0.40 1.5000E+02 8.45731E-05
0.40 1.6000E+02 9.38961E-05
0.40 1.7000E+02 7.43440E-05
0.40 1.8000E+02 7.12451E-05
0.40 1.9000E+02 7.12526E-05
0.40 2.1000E+02 5.53475E-05
0.40 2.3000E+02 4.59674E-05
0.40 2.5000E+02 3.97356E-05
0.40 2.7000E+02 3.55961E-05
0.40 2.9000E+02 3.19863E-05
0.40 3.1000E+02 2.85769E-05
0.40 3.3000E+02 2.58212E-05
0.40 3.5000E+02 2.34960E-05
0.40 3.7000E+02 2.13222E-05
0.40 3.9000E+02 1.94833E-05
0.40 4.3000E+02 1.65155E-05
0.40 4.7000E+02 1.38719E-05
0.40 5.1000E+02 1.20931E-05 


0.41 2.5600E+01 1.07647E-04
0.41 2.6600E+01 1.24830E-04
0.41 2.7600E+01 2.74127E-04
0.41 2.8600E+01 2.62263E-04
0.41 2.9600E+01 3.97931E-04
0.41 3.0600E+01 4.26304E-04
0.41 3.1600E+01 4.78393E-04
0.41 3.2600E+01 3.16048E-04
0.41 3.3600E+01 3.15658E-04
0.41 3.4600E+01 2.82441E-04
0.41 4.0000E+01 3.24035E-04
0.41 4.5000E+01 4.03671E-04
0.41 5.0000E+01 4.11177E-04
0.41 5.5000E+01 2.81590E-04
0.41 6.0000E+01 1.80492E-04
0.41 6.5000E+01 2.87401E-04
0.41 7.0000E+01 2.23552E-04
0.41 7.5000E+01 2.41634E-04
0.41 8.0000E+01 2.36086E-04
0.41 8.5000E+01 2.07068E-04
0.41 1.0000E+02 1.53456E-04
0.41 1.1000E+02 1.49871E-04
0.41 1.2000E+02 1.51663E-04
0.41 1.3000E+02 1.13907E-04
0.41 1.4000E+02 8.93054E-05
0.41 1.5000E+02 9.65402E-05
0.41 1.6000E+02 8.74742E-05
0.41 1.7000E+02 7.72934E-05
0.41 1.8000E+02 7.16224E-05
0.41 1.9000E+02 7.02867E-05
0.41 2.1000E+02 5.49231E-05
0.41 2.3000E+02 5.13641E-05
0.41 2.5000E+02 3.97525E-05
0.41 2.7000E+02 3.81816E-05
0.41 2.9000E+02 3.39549E-05
0.41 3.1000E+02 3.05508E-05
0.41 3.3000E+02 2.73142E-05
0.41 3.5000E+02 2.47761E-05
0.41 3.7000E+02 2.25502E-05
0.41 3.9000E+02 2.07654E-05
0.41 4.3000E+02 1.75892E-05
0.41 4.7000E+02 1.50057E-05
0.41 5.1000E+02 1.29150E-05 


0.42 2.5600E+01 7.95872E-05
0.42 2.6600E+01 2.83452E-04
0.42 2.7600E+01 2.17988E-04
0.42 2.8600E+01 2.08712E-04
0.42 2.9600E+01 2.87368E-04
0.42 3.0600E+01 4.64307E-04
0.42 3.1600E+01 3.71617E-04
0.42 3.2600E+01 3.82053E-04
0.42 3.3600E+01 3.49595E-04
0.42 3.4600E+01 5.49141E-04
0.42 4.0000E+01 4.07474E-04
0.42 4.5000E+01 3.40054E-04
0.42 5.0000E+01 5.89951E-04
0.42 5.5000E+01 2.53068E-04
0.42 6.0000E+01 3.16248E-04
0.42 6.5000E+01 2.56984E-04
0.42 7.0000E+01 2.28816E-04
0.42 7.5000E+01 2.45703E-04
0.42 8.0000E+01 1.98650E-04
0.42 8.5000E+01 2.11105E-04
0.42 1.0000E+02 1.62593E-04
0.42 1.1000E+02 1.95005E-04
0.42 1.2000E+02 1.30703E-04
0.42 1.3000E+02 1.24388E-04
0.42 1.4000E+02 1.10348E-04
0.42 1.5000E+02 9.73102E-05
0.42 1.6000E+02 9.22113E-05
0.42 1.7000E+02 8.52668E-05
0.42 1.8000E+02 7.65667E-05
0.42 1.9000E+02 7.05217E-05
0.42 2.1000E+02 6.16999E-05
0.42 2.3000E+02 5.58685E-05
0.42 2.5000E+02 4.45607E-05
0.42 2.7000E+02 3.94834E-05
0.42 2.9000E+02 3.48305E-05
0.42 3.1000E+02 3.18202E-05
0.42 3.3000E+02 2.89475E-05
0.42 3.5000E+02 2.61420E-05
0.42 3.7000E+02 2.40256E-05
0.42 3.9000E+02 2.22536E-05
0.42 4.3000E+02 1.85686E-05
0.42 4.7000E+02 1.59282E-05
0.42 5.1000E+02 1.37623E-05 


0.43 2.5600E+01 8.31388E-05
0.43 2.6600E+01 1.61644E-04
0.43 2.7600E+01 2.04633E-04
0.43 2.8600E+01 3.46301E-04
0.43 2.9600E+01 3.22827E-04
0.43 3.0600E+01 3.43835E-04
0.43 3.1600E+01 3.53142E-04
0.43 3.2600E+01 2.73043E-04
0.43 3.3600E+01 3.58091E-04
0.43 3.4600E+01 4.38534E-04
0.43 4.0000E+01 3.80667E-04
0.43 4.5000E+01 1.82002E-04
0.43 5.0000E+01 4.56923E-04
0.43 5.5000E+01 3.86234E-04
0.43 6.0000E+01 3.72820E-04
0.43 6.5000E+01 3.57503E-04
0.43 7.0000E+01 2.58329E-04
0.43 7.5000E+01 2.32151E-04
0.43 8.0000E+01 2.32280E-04
0.43 8.5000E+01 2.36423E-04
0.43 1.0000E+02 1.68154E-04
0.43 1.1000E+02 1.65574E-04
0.43 1.2000E+02 1.49472E-04
0.43 1.3000E+02 1.18292E-04
0.43 1.4000E+02 1.17557E-04
0.43 1.5000E+02 1.10957E-04
0.43 1.6000E+02 9.76794E-05
0.43 1.7000E+02 8.91833E-05
0.43 1.8000E+02 8.27974E-05
0.43 1.9000E+02 7.45252E-05
0.43 2.1000E+02 6.44613E-05
0.43 2.3000E+02 5.80404E-05
0.43 2.5000E+02 5.05115E-05
0.43 2.7000E+02 4.15805E-05
0.43 2.9000E+02 3.71485E-05
0.43 3.1000E+02 3.36395E-05
0.43 3.3000E+02 3.04608E-05
0.43 3.5000E+02 2.75182E-05
0.43 3.7000E+02 2.51789E-05
0.43 3.9000E+02 2.30487E-05
0.43 4.3000E+02 1.90241E-05
0.43 4.7000E+02 1.68317E-05
0.43 5.1000E+02 1.47095E-05 


0.44 2.5600E+01 1.23719E-04
0.44 2.6600E+01 2.96880E-04
0.44 2.7600E+01 1.79615E-04
0.44 2.8600E+01 3.51124E-04
0.44 2.9600E+01 3.55655E-04
0.44 3.0600E+01 5.05985E-04
0.44 3.1600E+01 5.39016E-04
0.44 3.2600E+01 3.24671E-04
0.44 3.3600E+01 4.96262E-04
0.44 3.4600E+01 4.75058E-04
0.44 4.0000E+01 3.65857E-04
0.44 4.5000E+01 4.11348E-04
0.44 5.0000E+01 4.03432E-04
0.44 5.5000E+01 3.25342E-04
0.44 6.0000E+01 2.66337E-04
0.44 6.5000E+01 3.38407E-04
0.44 7.0000E+01 2.75937E-04
0.44 7.5000E+01 2.82299E-04
0.44 8.0000E+01 2.32934E-04
0.44 8.5000E+01 2.29048E-04
0.44 1.0000E+02 1.93615E-04
0.44 1.1000E+02 1.69636E-04
0.44 1.2000E+02 1.61393E-04
0.44 1.3000E+02 1.42277E-04
0.44 1.4000E+02 1.18861E-04
0.44 1.5000E+02 1.12908E-04
0.44 1.6000E+02 1.03020E-04
0.44 1.7000E+02 9.39797E-05
0.44 1.8000E+02 8.62659E-05
0.44 1.9000E+02 7.88794E-05
0.44 2.1000E+02 6.75786E-05
0.44 2.3000E+02 5.95151E-05
0.44 2.5000E+02 5.27835E-05
0.44 2.7000E+02 4.26790E-05
0.44 2.9000E+02 3.88921E-05
0.44 3.1000E+02 3.48121E-05
0.44 3.3000E+02 3.17808E-05
0.44 3.5000E+02 2.87874E-05
0.44 3.7000E+02 2.65291E-05
0.44 3.9000E+02 2.42676E-05
0.44 4.3000E+02 2.06135E-05
0.44 4.7000E+02 1.76354E-05
0.44 5.1000E+02 1.52139E-05 


0.45 2.5600E+01 8.95501E-05
0.45 2.6600E+01 2.37656E-04
0.45 2.7600E+01 2.89320E-04
0.45 2.8600E+01 4.26397E-04
0.45 2.9600E+01 3.61631E-04
0.45 3.0600E+01 3.31196E-04
0.45 3.1600E+01 4.48374E-04
0.45 3.2600E+01 3.65131E-04
0.45 3.3600E+01 4.14583E-04
0.45 3.4600E+01 4.22642E-04
0.45 4.0000E+01 5.09365E-04
0.45 4.5000E+01 3.95826E-04
0.45 5.0000E+01 4.89923E-04
0.45 5.5000E+01 3.49035E-04
0.45 6.0000E+01 3.16785E-04
0.45 6.5000E+01 3.56415E-04
0.45 7.0000E+01 3.10008E-04
0.45 7.5000E+01 2.75729E-04
0.45 8.0000E+01 2.91395E-04
0.45 8.5000E+01 2.53754E-04
0.45 1.0000E+02 2.09891E-04
0.45 1.1000E+02 1.76869E-04
0.45 1.2000E+02 1.65364E-04
0.45 1.3000E+02 1.58342E-04
0.45 1.4000E+02 1.11428E-04
0.45 1.5000E+02 1.16970E-04
0.45 1.6000E+02 1.07942E-04
0.45 1.7000E+02 1.04513E-04
0.45 1.8000E+02 9.03607E-05
0.45 1.9000E+02 8.39415E-05
0.45 2.1000E+02 7.07393E-05
0.45 2.3000E+02 6.18667E-05
0.45 2.5000E+02 5.49900E-05
0.45 2.7000E+02 4.58686E-05
0.45 2.9000E+02 4.10987E-05
0.45 3.1000E+02 3.67764E-05
0.45 3.3000E+02 3.34418E-05
0.45 3.5000E+02 3.03823E-05
0.45 3.7000E+02 2.74716E-05
0.45 3.9000E+02 2.54101E-05
0.45 4.3000E+02 2.14958E-05
0.45 4.7000E+02 1.85530E-05
0.45 5.1000E+02 1.41489E-05 


0.46 2.5600E+01 6.45160E-05
0.46 2.6600E+01 2.36600E-04
0.46 2.7600E+01 1.87128E-04
0.46 2.8600E+01 3.09610E-04
0.46 2.9600E+01 4.13104E-04
0.46 3.0600E+01 4.38067E-04
0.46 3.1600E+01 5.37106E-04
0.46 3.2600E+01 6.15367E-04
0.46 3.3600E+01 3.72587E-04
0.46 3.4600E+01 5.66208E-04
0.46 4.0000E+01 4.58634E-04
0.46 4.5000E+01 3.83470E-04
0.46 5.0000E+01 2.98778E-04
0.46 5.5000E+01 3.71903E-04
0.46 6.0000E+01 3.76093E-04
0.46 6.5000E+01 3.32557E-04
0.46 7.0000E+01 3.42872E-04
0.46 7.5000E+01 2.87705E-04
0.46 8.0000E+01 2.86125E-04
0.46 8.5000E+01 2.72168E-04
0.46 1.0000E+02 2.22742E-04
0.46 1.1000E+02 1.90154E-04
0.46 1.2000E+02 1.66209E-04
0.46 1.3000E+02 1.56837E-04
0.46 1.4000E+02 1.25153E-04
0.46 1.5000E+02 1.07969E-04
0.46 1.6000E+02 1.10363E-04
0.46 1.7000E+02 1.05139E-04
0.46 1.8000E+02 9.61507E-05
0.46 1.9000E+02 8.30555E-05
0.46 2.1000E+02 7.56786E-05
0.46 2.3000E+02 6.47658E-05
0.46 2.5000E+02 6.33984E-05
0.46 2.7000E+02 5.40867E-05
0.46 2.9000E+02 4.55428E-05
0.46 3.1000E+02 3.81336E-05
0.46 3.3000E+02 3.50192E-05
0.46 3.5000E+02 3.17721E-05
0.46 3.7000E+02 2.88518E-05
0.46 3.9000E+02 2.65807E-05
0.46 4.3000E+02 2.26673E-05
0.46 4.7000E+02 1.93839E-05
0.46 5.1000E+02 1.69133E-05 


0.47 2.5600E+01 6.86316E-05
0.47 2.6600E+01 2.61992E-04
0.47 2.7600E+01 2.78513E-04
0.47 2.8600E+01 4.12712E-04
0.47 2.9600E+01 4.05273E-04
0.47 3.0600E+01 3.11394E-04
0.47 3.1600E+01 3.74454E-04
0.47 3.2600E+01 3.78022E-04
0.47 3.3600E+01 4.48782E-04
0.47 3.4600E+01 4.58625E-04
0.47 4.0000E+01 4.12035E-04
0.47 4.5000E+01 5.49643E-04
0.47 5.0000E+01 4.06378E-04
0.47 5.5000E+01 4.44771E-04
0.47 6.0000E+01 3.81095E-04
0.47 6.5000E+01 3.00492E-04
0.47 7.0000E+01 3.70774E-04
0.47 7.5000E+01 3.15074E-04
0.47 8.0000E+01 2.85594E-04
0.47 8.5000E+01 2.85599E-04
0.47 1.0000E+02 2.30749E-04
0.47 1.1000E+02 1.99848E-04
0.47 1.2000E+02 1.73901E-04
0.47 1.3000E+02 1.61985E-04
0.47 1.4000E+02 1.52010E-04
0.47 1.5000E+02 1.19810E-04
0.47 1.6000E+02 1.15724E-04
0.47 1.7000E+02 1.11438E-04
0.47 1.8000E+02 9.60484E-05
0.47 1.9000E+02 9.18310E-05
0.47 2.1000E+02 7.89855E-05
0.47 2.3000E+02 6.84056E-05
0.47 2.5000E+02 5.96248E-05
0.47 2.7000E+02 5.39229E-05
0.47 2.9000E+02 4.83992E-05
0.47 3.1000E+02 3.94249E-05
0.47 3.3000E+02 3.72199E-05
0.47 3.5000E+02 3.34909E-05
0.47 3.7000E+02 3.05940E-05
0.47 3.9000E+02 2.80243E-05
0.47 4.3000E+02 2.38340E-05
0.47 4.7000E+02 2.08097E-05
0.47 5.1000E+02 1.78220E-05 


0.48 2.5600E+01 4.06241E-05
0.48 2.6600E+01 2.63795E-04
0.48 2.7600E+01 2.27987E-04
0.48 2.8600E+01 2.28102E-04
0.48 2.9600E+01 5.73996E-04
0.48 3.0600E+01 4.36460E-04
0.48 3.1600E+01 4.15334E-04
0.48 3.2600E+01 5.95728E-04
0.48 3.3600E+01 5.95809E-04
0.48 3.4600E+01 4.10795E-04
0.48 4.0000E+01 5.15459E-04
0.48 4.5000E+01 5.62692E-04
0.48 5.0000E+01 4.87255E-04
0.48 5.5000E+01 5.30961E-04
0.48 6.0000E+01 3.76862E-04
0.48 6.5000E+01 3.89959E-04
0.48 7.0000E+01 3.52306E-04
0.48 7.5000E+01 3.45186E-04
0.48 8.0000E+01 2.97055E-04
0.48 8.5000E+01 2.87100E-04
0.48 1.0000E+02 2.38367E-04
0.48 1.1000E+02 2.16801E-04
0.48 1.2000E+02 1.70991E-04
0.48 1.3000E+02 1.64990E-04
0.48 1.4000E+02 1.60268E-04
0.48 1.5000E+02 1.41709E-04
0.48 1.6000E+02 8.75058E-05
0.48 1.7000E+02 1.10722E-04
0.48 1.8000E+02 8.81643E-05
0.48 1.9000E+02 9.60491E-05
0.48 2.1000E+02 8.28889E-05
0.48 2.3000E+02 7.15192E-05
0.48 2.5000E+02 6.21871E-05
0.48 2.7000E+02 5.59061E-05
0.48 2.9000E+02 5.09952E-05
0.48 3.1000E+02 4.57803E-05
0.48 3.3000E+02 3.86475E-05
0.48 3.5000E+02 3.50339E-05
0.48 3.7000E+02 3.15427E-05
0.48 3.9000E+02 2.89071E-05
0.48 4.3000E+02 2.57872E-05
0.48 4.7000E+02 2.16228E-05
0.48 5.1000E+02 1.86196E-05 


0.49 2.5600E+01 4.96659E-05
0.49 2.6600E+01 2.67928E-04
0.49 2.7600E+01 3.60275E-04
0.49 2.8600E+01 4.25953E-04
0.49 2.9600E+01 4.91994E-04
0.49 3.0600E+01 5.08403E-04
0.49 3.1600E+01 4.76363E-04
0.49 3.2600E+01 4.95941E-04
0.49 3.3600E+01 4.06811E-04
0.49 3.4600E+01 4.94186E-04
0.49 4.0000E+01 5.31494E-04
0.49 4.5000E+01 4.75898E-04
0.49 5.0000E+01 4.38503E-04
0.49 5.5000E+01 4.10381E-04
0.49 6.0000E+01 4.01066E-04
0.49 6.5000E+01 4.17941E-04
0.49 7.0000E+01 3.35881E-04
0.49 7.5000E+01 3.80074E-04
0.49 8.0000E+01 3.21797E-04
0.49 8.5000E+01 2.89870E-04
0.49 1.0000E+02 2.23776E-04
0.49 1.1000E+02 2.25692E-04
0.49 1.2000E+02 1.97281E-04
0.49 1.3000E+02 1.71549E-04
0.49 1.4000E+02 1.59601E-04
0.49 1.5000E+02 1.53604E-04
0.49 1.6000E+02 1.19785E-04
0.49 1.7000E+02 1.16695E-04
0.49 1.8000E+02 1.07674E-04
0.49 1.9000E+02 1.00901E-04
0.49 2.1000E+02 8.68582E-05
0.49 2.3000E+02 7.51292E-05
0.49 2.5000E+02 6.55959E-05
0.49 2.7000E+02 5.76392E-05
0.49 2.9000E+02 5.27077E-05
0.49 3.1000E+02 4.73904E-05
0.49 3.3000E+02 4.23179E-05
0.49 3.5000E+02 3.64534E-05
0.49 3.7000E+02 3.39606E-05
0.49 3.9000E+02 3.55524E-05
0.49 4.3000E+02 2.60600E-05
0.49 4.7000E+02 2.23786E-05
0.49 5.1000E+02 1.95351E-05 


0.50 2.5600E+01 3.61239E-05
0.50 2.6600E+01 2.13508E-04
0.50 2.7600E+01 3.74438E-04
0.50 2.8600E+01 2.82973E-04
0.50 2.9600E+01 4.77889E-04
0.50 3.0600E+01 4.81838E-04
0.50 3.1600E+01 4.13225E-04
0.50 3.2600E+01 4.56561E-04
0.50 3.3600E+01 6.42678E-04
0.50 3.4600E+01 6.83591E-04
0.50 4.0000E+01 4.89479E-04
0.50 4.5000E+01 6.48724E-04
0.50 5.0000E+01 4.47720E-04
0.50 5.5000E+01 3.34052E-04
0.50 6.0000E+01 4.50994E-04
0.50 6.5000E+01 3.92392E-04
0.50 7.0000E+01 3.91574E-04
0.50 7.5000E+01 3.74326E-04
0.50 8.0000E+01 3.53645E-04
0.50 8.5000E+01 3.05335E-04
0.50 1.0000E+02 2.50589E-04
0.50 1.1000E+02 2.25068E-04
0.50 1.2000E+02 2.09464E-04
0.50 1.3000E+02 1.82079E-04
0.50 1.4000E+02 1.62270E-04
0.50 1.5000E+02 1.51547E-04
0.50 1.6000E+02 1.41894E-04
0.50 1.7000E+02 1.15341E-04
0.50 1.8000E+02 1.11896E-04
0.50 1.9000E+02 1.04578E-04
0.50 2.1000E+02 9.07604E-05
0.50 2.3000E+02 7.21767E-05
0.50 2.5000E+02 6.82855E-05
0.50 2.7000E+02 6.00739E-05
0.50 2.9000E+02 5.39579E-05
0.50 3.1000E+02 4.86369E-05
0.50 3.3000E+02 4.48868E-05
0.50 3.5000E+02 3.86667E-05
0.50 3.7000E+02 3.50890E-05
0.50 3.9000E+02 3.19684E-05
0.50 4.3000E+02 2.72508E-05
0.50 4.7000E+02 2.33890E-05
0.50 5.1000E+02 2.03531E-05 


0.51 2.5600E+01 3.90560E-05
0.51 2.6600E+01 2.18797E-04
0.51 2.7600E+01 3.95781E-04
0.51 2.8600E+01 3.29393E-04
0.51 2.9600E+01 4.98699E-04
0.51 3.0600E+01 6.15477E-04
0.51 3.1600E+01 5.17412E-04
0.51 3.2600E+01 5.35478E-04
0.51 3.3600E+01 7.08502E-04
0.51 3.4600E+01 4.29017E-04
0.51 4.0000E+01 5.86350E-04
0.51 4.5000E+01 6.18716E-04
0.51 5.0000E+01 5.23190E-04
0.51 5.5000E+01 5.36835E-04
0.51 6.0000E+01 5.66608E-04
0.51 6.5000E+01 3.98167E-04
0.51 7.0000E+01 4.29254E-04
0.51 7.5000E+01 3.03021E-04
0.51 8.0000E+01 3.79793E-04
0.51 8.5000E+01 3.30774E-04
0.51 1.0000E+02 2.84062E-04
0.51 1.1000E+02 2.32139E-04
0.51 1.2000E+02 2.20079E-04
0.51 1.3000E+02 1.93495E-04
0.51 1.4000E+02 1.71192E-04
0.51 1.5000E+02 1.56809E-04
0.51 1.6000E+02 1.48774E-04
0.51 1.7000E+02 1.33335E-04
0.51 1.8000E+02 1.17915E-04
0.51 1.9000E+02 1.07554E-04
0.51 2.1000E+02 9.44406E-05
0.51 2.3000E+02 8.22711E-05
0.51 2.5000E+02 7.14561E-05
0.51 2.7000E+02 6.29203E-05
0.51 2.9000E+02 5.60136E-05
0.51 3.1000E+02 5.07459E-05
0.51 3.3000E+02 4.65992E-05
0.51 3.5000E+02 4.24990E-05
0.51 3.7000E+02 3.64589E-05
0.51 3.9000E+02 3.34120E-05
0.51 4.3000E+02 2.84612E-05
0.51 4.7000E+02 2.44530E-05
0.51 5.1000E+02 2.12410E-05 


0.52 2.5600E+01 3.34684E-05
0.52 2.6600E+01 1.92016E-04
0.52 2.7600E+01 4.43378E-04
0.52 2.8600E+01 4.58816E-04
0.52 2.9600E+01 2.76660E-04
0.52 3.0600E+01 5.39660E-04
0.52 3.1600E+01 5.87718E-04
0.52 3.2600E+01 4.62439E-04
0.52 3.3600E+01 4.82735E-04
0.52 3.4600E+01 7.28641E-04
0.52 4.0000E+01 7.33352E-04
0.52 4.5000E+01 5.36625E-04
0.52 5.0000E+01 7.75327E-04
0.52 5.5000E+01 5.23034E-04
0.52 6.0000E+01 4.32791E-04
0.52 6.5000E+01 4.44191E-04
0.52 7.0000E+01 4.19961E-04
0.52 7.5000E+01 3.71299E-04
0.52 8.0000E+01 3.89941E-04
0.52 8.5000E+01 3.59886E-04
0.52 1.0000E+02 2.93439E-04
0.52 1.1000E+02 1.95323E-04
0.52 1.2000E+02 2.26638E-04
0.52 1.3000E+02 2.04552E-04
0.52 1.4000E+02 1.79366E-04
0.52 1.5000E+02 1.60190E-04
0.52 1.6000E+02 1.52155E-04
0.52 1.7000E+02 1.42653E-04
0.52 1.8000E+02 1.15830E-04
0.52 1.9000E+02 1.10675E-04
0.52 2.1000E+02 9.87364E-05
0.52 2.3000E+02 8.59623E-05
0.52 2.5000E+02 7.53793E-05
0.52 2.7000E+02 6.52549E-05
0.52 2.9000E+02 5.81635E-05
0.52 3.1000E+02 5.25061E-05
0.52 3.3000E+02 4.80954E-05
0.52 3.5000E+02 4.41556E-05
0.52 3.7000E+02 4.01273E-05
0.52 3.9000E+02 3.49816E-05
0.52 4.3000E+02 2.96105E-05
0.52 4.7000E+02 2.54923E-05
0.52 5.1000E+02 2.21435E-05 


0.53 2.5600E+01 2.79567E-05
0.53 2.6600E+01 1.76884E-04
0.53 2.7600E+01 4.94094E-04
0.53 2.8600E+01 3.65674E-04
0.53 2.9600E+01 5.23688E-04
0.53 3.0600E+01 4.77718E-04
0.53 3.1600E+01 5.67051E-04
0.53 3.2600E+01 5.24986E-04
0.53 3.3600E+01 5.58035E-04
0.53 3.4600E+01 6.84691E-04
0.53 4.0000E+01 6.92887E-04
0.53 4.5000E+01 4.62043E-04
0.53 5.0000E+01 5.15405E-04
0.53 5.5000E+01 4.77746E-04
0.53 6.0000E+01 4.13249E-04
0.53 6.5000E+01 5.09879E-04
0.53 7.0000E+01 4.06424E-04
0.53 7.5000E+01 4.34195E-04
0.53 8.0000E+01 3.04330E-04
0.53 8.5000E+01 3.86414E-04
0.53 1.0000E+02 2.90015E-04
0.53 1.1000E+02 2.58359E-04
0.53 1.2000E+02 2.29874E-04
0.53 1.3000E+02 2.14271E-04
0.53 1.4000E+02 1.89777E-04
0.53 1.5000E+02 1.67085E-04
0.53 1.6000E+02 1.54248E-04
0.53 1.7000E+02 1.47084E-04
0.53 1.8000E+02 1.35301E-04
0.53 1.9000E+02 1.11434E-04
0.53 2.1000E+02 1.01407E-04
0.53 2.3000E+02 8.91165E-05
0.53 2.5000E+02 7.83628E-05
0.53 2.7000E+02 6.85235E-05
0.53 2.9000E+02 6.06959E-05
0.53 3.1000E+02 5.44844E-05
0.53 3.3000E+02 4.94699E-05
0.53 3.5000E+02 4.56805E-05
0.53 3.7000E+02 4.22192E-05
0.53 3.9000E+02 3.79918E-05
0.53 4.3000E+02 3.08590E-05
0.53 4.7000E+02 2.65032E-05
0.53 5.1000E+02 2.31048E-05 


0.54 2.5600E+01 2.32979E-05
0.54 2.6600E+01 1.51975E-04
0.54 2.7600E+01 4.16192E-04
0.54 2.8600E+01 5.12909E-04
0.54 2.9600E+01 3.52278E-04
0.54 3.0600E+01 6.30480E-04
0.54 3.1600E+01 7.33079E-04
0.54 3.2600E+01 5.83739E-04
0.54 3.3600E+01 6.27616E-04
0.54 3.4600E+01 5.38964E-04
0.54 4.0000E+01 4.28086E-04
0.54 4.5000E+01 8.13214E-04
0.54 5.0000E+01 5.42135E-04
0.54 5.5000E+01 4.95804E-04
0.54 6.0000E+01 5.29897E-04
0.54 6.5000E+01 5.72844E-04
0.54 7.0000E+01 4.29765E-04
0.54 7.5000E+01 4.38582E-04
0.54 8.0000E+01 3.73536E-04
0.54 8.5000E+01 3.88236E-04
0.54 1.0000E+02 2.94240E-04
0.54 1.1000E+02 2.85401E-04
0.54 1.2000E+02 2.21825E-04
0.54 1.3000E+02 2.21512E-04
0.54 1.4000E+02 2.00252E-04
0.54 1.5000E+02 1.77480E-04
0.54 1.6000E+02 1.60837E-04
0.54 1.7000E+02 1.49890E-04
0.54 1.8000E+02 1.41902E-04
0.54 1.9000E+02 1.26499E-04
0.54 2.1000E+02 1.04427E-04
0.54 2.3000E+02 9.24014E-05
0.54 2.5000E+02 8.17236E-05
0.54 2.7000E+02 7.23442E-05
0.54 2.9000E+02 6.36701E-05
0.54 3.1000E+02 5.66598E-05
0.54 3.3000E+02 5.12130E-05
0.54 3.5000E+02 4.69011E-05
0.54 3.7000E+02 4.33400E-05
0.54 3.9000E+02 3.99159E-05
0.54 4.3000E+02 3.22099E-05
0.54 4.7000E+02 2.77014E-05
0.54 5.1000E+02 2.41018E-05 


0.55 2.5600E+01 1.72964E-05
0.55 2.6600E+01 1.26860E-04
0.55 2.7600E+01 3.99596E-04
0.55 2.8600E+01 4.95196E-04
0.55 2.9600E+01 4.05564E-04
0.55 3.0600E+01 4.16225E-04
0.55 3.1600E+01 6.45588E-04
0.55 3.2600E+01 6.60570E-04
0.55 3.3600E+01 5.26548E-04
0.55 3.4600E+01 5.90407E-04
0.55 4.0000E+01 8.12816E-04
0.55 4.5000E+01 6.81996E-04
0.55 5.0000E+01 6.76005E-04
0.55 5.5000E+01 5.83333E-04
0.55 6.0000E+01 5.39162E-04
0.55 6.5000E+01 4.51341E-04
0.55 7.0000E+01 4.81766E-04
0.55 7.5000E+01 4.20024E-04
0.55 8.0000E+01 4.31755E-04
0.55 8.5000E+01 3.15304E-04
0.55 1.0000E+02 3.10601E-04
0.55 1.1000E+02 2.90584E-04
0.55 1.2000E+02 2.30721E-04
0.55 1.3000E+02 2.25305E-04
0.55 1.4000E+02 2.09295E-04
0.55 1.5000E+02 1.86765E-04
0.55 1.6000E+02 1.66407E-04
0.55 1.7000E+02 1.52690E-04
0.55 1.8000E+02 1.44857E-04
0.55 1.9000E+02 1.42448E-04
0.55 2.1000E+02 1.06904E-04
0.55 2.3000E+02 9.58725E-05
0.55 2.5000E+02 8.47014E-05
0.55 2.7000E+02 7.52177E-05
0.55 2.9000E+02 6.66249E-05
0.55 3.1000E+02 5.90033E-05
0.55 3.3000E+02 5.30648E-05
0.55 3.5000E+02 4.87770E-05
0.55 3.7000E+02 4.48068E-05
0.55 3.9000E+02 4.11974E-05
0.55 4.3000E+02 3.36295E-05
0.55 4.7000E+02 2.88088E-05
0.55 5.1000E+02 2.50216E-05 


0.56 2.5600E+01 2.05123E-05
0.56 2.6600E+01 1.22886E-04
0.56 2.7600E+01 3.65908E-04
0.56 2.8600E+01 5.31839E-04
0.56 2.9600E+01 5.60817E-04
0.56 3.0600E+01 5.19282E-04
0.56 3.1600E+01 5.76974E-04
0.56 3.2600E+01 6.47016E-04
0.56 3.3600E+01 6.69774E-04
0.56 3.4600E+01 8.04450E-04
0.56 4.0000E+01 6.48748E-04
0.56 4.5000E+01 5.98624E-04
0.56 5.0000E+01 6.95006E-04
0.56 5.5000E+01 8.14939E-04
0.56 6.0000E+01 5.00435E-04
0.56 6.5000E+01 4.63964E-04
0.56 7.0000E+01 5.43207E-04
0.56 7.5000E+01 4.27382E-04
0.56 8.0000E+01 4.46511E-04
0.56 8.5000E+01 3.72801E-04
0.56 1.0000E+02 3.33647E-04
0.56 1.1000E+02 2.88992E-04
0.56 1.2000E+02 2.69335E-04
0.56 1.3000E+02 2.23947E-04
0.56 1.4000E+02 2.15986E-04
0.56 1.5000E+02 1.96101E-04
0.56 1.6000E+02 1.74774E-04
0.56 1.7000E+02 1.56942E-04
0.56 1.8000E+02 1.40707E-04
0.56 1.9000E+02 1.39910E-04
0.56 2.1000E+02 1.07600E-04
0.56 2.3000E+02 9.84786E-05
0.56 2.5000E+02 8.74624E-05
0.56 2.7000E+02 7.79695E-05
0.56 2.9000E+02 6.95054E-05
0.56 3.1000E+02 6.19906E-05
0.56 3.3000E+02 5.52092E-05
0.56 3.5000E+02 5.00192E-05
0.56 3.7000E+02 4.59051E-05
0.56 3.9000E+02 4.25150E-05
0.56 4.3000E+02 3.64149E-05
0.56 4.7000E+02 2.99266E-05
0.56 5.1000E+02 2.60031E-05 


0.57 2.5600E+01 2.07156E-05
0.57 2.6600E+01 1.03495E-04
0.57 2.7600E+01 3.26020E-04
0.57 2.8600E+01 6.05684E-04
0.57 2.9600E+01 4.33857E-04
0.57 3.0600E+01 5.76832E-04
0.57 3.1600E+01 7.25834E-04
0.57 3.2600E+01 8.51326E-04
0.57 3.3600E+01 7.34038E-04
0.57 3.4600E+01 5.55395E-04
0.57 4.0000E+01 5.91570E-04
0.57 4.5000E+01 6.99071E-04
0.57 5.0000E+01 6.04071E-04
0.57 5.5000E+01 6.11028E-04
0.57 6.0000E+01 4.92232E-04
0.57 6.5000E+01 5.56544E-04
0.57 7.0000E+01 5.94744E-04
0.57 7.5000E+01 4.66050E-04
0.57 8.0000E+01 4.33546E-04
0.57 8.5000E+01 4.34567E-04
0.57 1.0000E+02 3.58463E-04
0.57 1.1000E+02 2.93372E-04
0.57 1.2000E+02 2.83551E-04
0.57 1.3000E+02 2.09788E-04
0.57 1.4000E+02 2.20166E-04
0.57 1.5000E+02 2.04539E-04
0.57 1.6000E+02 1.84037E-04
0.57 1.7000E+02 1.64524E-04
0.57 1.8000E+02 1.50131E-04
0.57 1.9000E+02 1.42149E-04
0.57 2.1000E+02 1.23331E-04
0.57 2.3000E+02 1.01092E-04
0.57 2.5000E+02 9.06116E-05
0.57 2.7000E+02 8.15945E-05
0.57 2.9000E+02 7.23182E-05
0.57 3.1000E+02 6.45413E-05
0.57 3.3000E+02 5.77211E-05
0.57 3.5000E+02 5.19399E-05
0.57 3.7000E+02 4.72928E-05
0.57 3.9000E+02 4.37179E-05
0.57 4.3000E+02 3.77281E-05
0.57 4.7000E+02 3.10589E-05
0.57 5.1000E+02 2.69927E-05 


0.58 2.5600E+01 1.57780E-05
0.58 2.6600E+01 8.69253E-05
0.58 2.7600E+01 3.14211E-04
0.58 2.8600E+01 5.12188E-04
0.58 2.9600E+01 6.07560E-04
0.58 3.0600E+01 4.06892E-04
0.58 3.1600E+01 5.86819E-04
0.58 3.2600E+01 7.01275E-04
0.58 3.3600E+01 7.35217E-04
0.58 3.4600E+01 6.97636E-04
0.58 4.0000E+01 7.16029E-04
0.58 4.5000E+01 8.42288E-04
0.58 5.0000E+01 5.45814E-04
0.58 5.5000E+01 5.89942E-04
0.58 6.0000E+01 5.47700E-04
0.58 6.5000E+01 6.02718E-04
0.58 7.0000E+01 4.55809E-04
0.58 7.5000E+01 5.19346E-04
0.58 8.0000E+01 4.29089E-04
0.58 8.5000E+01 4.50602E-04
0.58 1.0000E+02 3.79358E-04
0.58 1.1000E+02 3.08561E-04
0.58 1.2000E+02 2.86629E-04
0.58 1.3000E+02 2.51271E-04
0.58 1.4000E+02 2.21828E-04
0.58 1.5000E+02 2.10994E-04
0.58 1.6000E+02 1.92628E-04
0.58 1.7000E+02 1.72830E-04
0.58 1.8000E+02 1.55787E-04
0.58 1.9000E+02 1.44219E-04
0.58 2.1000E+02 1.30288E-04
0.58 2.3000E+02 1.03232E-04
0.58 2.5000E+02 9.35623E-05
0.58 2.7000E+02 8.35698E-05
0.58 2.9000E+02 7.49037E-05
0.58 3.1000E+02 6.72127E-05
0.58 3.3000E+02 6.02241E-05
0.58 3.5000E+02 5.41669E-05
0.58 3.7000E+02 4.90892E-05
0.58 3.9000E+02 4.50408E-05
0.58 4.3000E+02 3.88615E-05
0.58 4.7000E+02 3.34650E-05
0.58 5.1000E+02 2.80161E-05 


0.59 2.5600E+01 1.36170E-05
0.59 2.6600E+01 7.19091E-05
0.59 2.7600E+01 2.83504E-04
0.59 2.8600E+01 5.86748E-04
0.59 2.9600E+01 6.49031E-04
0.59 3.0600E+01 5.65687E-04
0.59 3.1600E+01 4.79022E-04
0.59 3.2600E+01 6.83801E-04
0.59 3.3600E+01 7.48184E-04
0.59 3.4600E+01 7.90971E-04
0.59 4.0000E+01 8.79112E-04
0.59 4.5000E+01 8.57781E-04
0.59 5.0000E+01 7.32535E-04
0.59 5.5000E+01 7.01752E-04
0.59 6.0000E+01 6.88790E-04
0.59 6.5000E+01 5.77780E-04
0.59 7.0000E+01 4.97749E-04
0.59 7.5000E+01 5.79237E-04
0.59 8.0000E+01 4.56146E-04
0.59 8.5000E+01 4.39406E-04
0.59 1.0000E+02 3.91275E-04
0.59 1.1000E+02 3.30108E-04
0.59 1.2000E+02 2.86234E-04
0.59 1.3000E+02 2.74258E-04
0.59 1.4000E+02 2.10305E-04
0.59 1.5000E+02 2.15077E-04
0.59 1.6000E+02 2.00556E-04
0.59 1.7000E+02 1.81896E-04
0.59 1.8000E+02 1.63307E-04
0.59 1.9000E+02 1.48359E-04
0.59 2.1000E+02 1.34152E-04
0.59 2.3000E+02 1.10013E-04
0.59 2.5000E+02 9.60174E-05
0.59 2.7000E+02 8.62611E-05
0.59 2.9000E+02 7.75117E-05
0.59 3.1000E+02 6.96728E-05
0.59 3.3000E+02 6.26922E-05
0.59 3.5000E+02 5.64274E-05
0.59 3.7000E+02 5.11170E-05
0.59 3.9000E+02 4.65516E-05
0.59 4.3000E+02 4.01463E-05
0.59 4.7000E+02 3.47771E-05
0.59 5.1000E+02 2.90769E-05 


0.60 2.5600E+01 1.04247E-05
0.60 2.6600E+01 6.12320E-05
0.60 2.7600E+01 2.53831E-04
0.60 2.8600E+01 5.59656E-04
0.60 2.9600E+01 6.30092E-04
0.60 3.0600E+01 6.87842E-04
0.60 3.1600E+01 7.28956E-04
0.60 3.2600E+01 8.21364E-04
0.60 3.3600E+01 9.26579E-04
0.60 3.4600E+01 8.06237E-04
0.60 4.0000E+01 9.32113E-04
0.60 4.5000E+01 6.65901E-04
0.60 5.0000E+01 8.27118E-04
0.60 5.5000E+01 7.63858E-04
0.60 6.0000E+01 7.82069E-04
0.60 6.5000E+01 5.40730E-04
0.60 7.0000E+01 5.85059E-04
0.60 7.5000E+01 5.88976E-04
0.60 8.0000E+01 5.06885E-04
0.60 8.5000E+01 4.32774E-04
0.60 1.0000E+02 3.70441E-04
0.60 1.1000E+02 3.52718E-04
0.60 1.2000E+02 2.92577E-04
0.60 1.3000E+02 2.81473E-04
0.60 1.4000E+02 2.36149E-04
0.60 1.5000E+02 2.16973E-04
0.60 1.6000E+02 2.06073E-04
0.60 1.7000E+02 1.89703E-04
0.60 1.8000E+02 1.71336E-04
0.60 1.9000E+02 1.54900E-04
0.60 2.1000E+02 1.35407E-04
0.60 2.3000E+02 1.20685E-04
0.60 2.5000E+02 9.82495E-05
0.60 2.7000E+02 8.89086E-05
0.60 2.9000E+02 8.00633E-05
0.60 3.1000E+02 7.21000E-05
0.60 3.3000E+02 6.46499E-05
0.60 3.5000E+02 5.88380E-05
0.60 3.7000E+02 5.29114E-05
0.60 3.9000E+02 4.82729E-05
0.60 4.3000E+02 4.11202E-05
0.60 4.7000E+02 3.58621E-05
0.60 5.1000E+02 3.09499E-05 


0.61 2.5600E+01 1.43316E-05
0.61 2.6600E+01 6.23172E-05
0.61 2.7600E+01 2.17668E-04
0.61 2.8600E+01 5.06527E-04
0.61 2.9600E+01 7.36937E-04
0.61 3.0600E+01 5.20508E-04
0.61 3.1600E+01 5.10902E-04
0.61 3.2600E+01 6.79071E-04
0.61 3.3600E+01 7.21849E-04
0.61 3.4600E+01 8.17873E-04
0.61 4.0000E+01 7.18652E-04
0.61 4.5000E+01 7.54079E-04
0.61 5.0000E+01 6.81381E-04
0.61 5.5000E+01 7.12580E-04
0.61 6.0000E+01 6.01348E-04
0.61 6.5000E+01 5.66624E-04
0.61 7.0000E+01 6.21336E-04
0.61 7.5000E+01 4.69893E-04
0.61 8.0000E+01 5.59562E-04
0.61 8.5000E+01 4.54654E-04
0.61 1.0000E+02 3.42375E-04
0.61 1.1000E+02 3.71357E-04
0.61 1.2000E+02 3.07969E-04
0.61 1.3000E+02 2.81139E-04
0.61 1.4000E+02 2.62698E-04
0.61 1.5000E+02 2.10352E-04
0.61 1.6000E+02 2.10112E-04
0.61 1.7000E+02 1.96167E-04
0.61 1.8000E+02 1.79513E-04
0.61 1.9000E+02 1.62265E-04
0.61 2.1000E+02 1.39082E-04
0.61 2.3000E+02 1.21790E-04
0.61 2.5000E+02 9.94622E-05
0.61 2.7000E+02 9.14512E-05
0.61 2.9000E+02 8.23858E-05
0.61 3.1000E+02 7.52589E-05
0.61 3.3000E+02 6.75028E-05
0.61 3.5000E+02 6.10280E-05
0.61 3.7000E+02 5.52702E-05
0.61 3.9000E+02 5.01584E-05
0.61 4.3000E+02 4.23762E-05
0.61 4.7000E+02 3.68926E-05
0.61 5.1000E+02 3.24235E-05 


0.62 2.5600E+01 1.53847E-05
0.62 2.6600E+01 5.24754E-05
0.62 2.7600E+01 1.72811E-04
0.62 2.8600E+01 4.56561E-04
0.62 2.9600E+01 7.15888E-04
0.62 3.0600E+01 7.61854E-04
0.62 3.1600E+01 5.50045E-04
0.62 3.2600E+01 4.99238E-04
0.62 3.3600E+01 7.92877E-04
0.62 3.4600E+01 1.00194E-03
0.62 4.0000E+01 1.00340E-03
0.62 4.5000E+01 9.61770E-04
0.62 5.0000E+01 7.33571E-04
0.62 5.5000E+01 6.23486E-04
0.62 6.0000E+01 6.59986E-04
0.62 6.5000E+01 6.58961E-04
0.62 7.0000E+01 5.97300E-04
0.62 7.5000E+01 5.32535E-04
0.62 8.0000E+01 6.12793E-04
0.62 8.5000E+01 4.95949E-04
0.62 1.0000E+02 3.99412E-04
0.62 1.1000E+02 3.82139E-04
0.62 1.2000E+02 3.27816E-04
0.62 1.3000E+02 2.82998E-04
0.62 1.4000E+02 2.73263E-04
0.62 1.5000E+02 2.23657E-04
0.62 1.6000E+02 2.12120E-04
0.62 1.7000E+02 2.01298E-04
0.62 1.8000E+02 1.86658E-04
0.62 1.9000E+02 1.69780E-04
0.62 2.1000E+02 1.41697E-04
0.62 2.3000E+02 1.27712E-04
0.62 2.5000E+02 1.11215E-04
0.62 2.7000E+02 9.36535E-05
0.62 2.9000E+02 8.48653E-05
0.62 3.1000E+02 7.68201E-05
0.62 3.3000E+02 6.97477E-05
0.62 3.5000E+02 6.32272E-05
0.62 3.7000E+02 5.71590E-05
0.62 3.9000E+02 5.22158E-05
0.62 4.3000E+02 4.38329E-05
0.62 4.7000E+02 3.80521E-05
0.62 5.1000E+02 3.33235E-05 


0.63 2.5600E+01 1.48160E-05
0.63 2.6600E+01 4.51792E-05
0.63 2.7600E+01 1.80026E-04
0.63 2.8600E+01 4.42339E-04
0.63 2.9600E+01 6.52859E-04
0.63 3.0600E+01 7.85581E-04
0.63 3.1600E+01 7.62692E-04
0.63 3.2600E+01 8.43112E-04
0.63 3.3600E+01 9.11860E-04
0.63 3.4600E+01 9.18379E-04
0.63 4.0000E+01 9.90348E-04
0.63 4.5000E+01 7.73476E-04
0.63 5.0000E+01 8.73946E-04
0.63 5.5000E+01 6.04462E-04
0.63 6.0000E+01 7.63325E-04
0.63 6.5000E+01 8.35793E-04
0.63 7.0000E+01 5.60751E-04
0.63 7.5000E+01 6.11791E-04
0.63 8.0000E+01 4.85789E-04
0.63 8.5000E+01 5.45432E-04
0.63 1.0000E+02 4.41350E-04
0.63 1.1000E+02 3.82407E-04
0.63 1.2000E+02 3.47883E-04
0.63 1.3000E+02 2.92333E-04
0.63 1.4000E+02 2.75760E-04
0.63 1.5000E+02 2.52322E-04
0.63 1.6000E+02 2.07842E-04
0.63 1.7000E+02 2.05084E-04
0.63 1.8000E+02 1.92293E-04
0.63 1.9000E+02 1.76942E-04
0.63 2.1000E+02 1.47368E-04
0.63 2.3000E+02 1.29601E-04
0.63 2.5000E+02 1.17295E-04
0.63 2.7000E+02 9.51358E-05
0.63 2.9000E+02 8.72298E-05
0.63 3.1000E+02 7.90686E-05
0.63 3.3000E+02 7.19216E-05
0.63 3.5000E+02 6.54492E-05
0.63 3.7000E+02 5.94949E-05
0.63 3.9000E+02 5.41812E-05
0.63 4.3000E+02 4.53935E-05
0.63 4.7000E+02 3.90189E-05
0.63 5.1000E+02 3.40364E-05 


0.64 2.5600E+01 1.50288E-05
0.64 2.6600E+01 3.85698E-05
0.64 2.7600E+01 1.54879E-04
0.64 2.8600E+01 4.02593E-04
0.64 2.9600E+01 7.17697E-04
0.64 3.0600E+01 7.51954E-04
0.64 3.1600E+01 7.68878E-04
0.64 3.2600E+01 6.19958E-04
0.64 3.3600E+01 6.89933E-04
0.64 3.4600E+01 7.91966E-04
0.64 4.0000E+01 8.06397E-04
0.64 4.5000E+01 7.16319E-04
0.64 5.0000E+01 9.71665E-04
0.64 5.5000E+01 1.01461E-03
0.64 6.0000E+01 8.12919E-04
0.64 6.5000E+01 6.83165E-04
0.64 7.0000E+01 5.79784E-04
0.64 7.5000E+01 6.33859E-04
0.64 8.0000E+01 5.00835E-04
0.64 8.5000E+01 5.96195E-04
0.64 1.0000E+02 4.50906E-04
0.64 1.1000E+02 3.30727E-04
0.64 1.2000E+02 3.64963E-04
0.64 1.3000E+02 3.08238E-04
0.64 1.4000E+02 2.76106E-04
0.64 1.5000E+02 2.65017E-04
0.64 1.6000E+02 2.15214E-04
0.64 1.7000E+02 2.07188E-04
0.64 1.8000E+02 1.96906E-04
0.64 1.9000E+02 1.83829E-04
0.64 2.1000E+02 1.53900E-04
0.64 2.3000E+02 1.31986E-04
0.64 2.5000E+02 1.20437E-04
0.64 2.7000E+02 1.02828E-04
0.64 2.9000E+02 8.94336E-05
0.64 3.1000E+02 8.12738E-05
0.64 3.3000E+02 7.40179E-05
0.64 3.5000E+02 6.75219E-05
0.64 3.7000E+02 6.15972E-05
0.64 3.9000E+02 5.62208E-05
0.64 4.3000E+02 4.70871E-05
0.64 4.7000E+02 4.02015E-05
0.64 5.1000E+02 3.53084E-05 


0.65 2.5600E+01 1.55072E-05
0.65 2.6600E+01 2.94894E-05
0.65 2.7600E+01 1.32995E-04
0.65 2.8600E+01 3.69814E-04
0.65 2.9600E+01 6.92403E-04
0.65 3.0600E+01 8.69740E-04
0.65 3.1600E+01 6.97049E-04
0.65 3.2600E+01 5.80376E-04
0.65 3.3600E+01 6.14502E-04
0.65 3.4600E+01 9.42587E-04
0.65 4.0000E+01 7.93540E-04
0.65 4.5000E+01 8.52996E-04
0.65 5.0000E+01 9.30989E-04
0.65 5.5000E+01 8.52063E-04
0.65 6.0000E+01 7.72956E-04
0.65 6.5000E+01 6.45882E-04
0.65 7.0000E+01 6.59085E-04
0.65 7.5000E+01 6.05455E-04
0.65 8.0000E+01 5.77120E-04
0.65 8.5000E+01 5.88056E-04
0.65 1.0000E+02 4.42716E-04
0.65 1.1000E+02 3.73634E-04
0.65 1.2000E+02 3.75114E-04
0.65 1.3000E+02 3.26687E-04
0.65 1.4000E+02 2.80844E-04
0.65 1.5000E+02 2.68737E-04
0.65 1.6000E+02 2.43145E-04
0.65 1.7000E+02 2.04409E-04
0.65 1.8000E+02 2.00233E-04
0.65 1.9000E+02 1.88926E-04
0.65 2.1000E+02 1.60453E-04
0.65 2.3000E+02 1.35750E-04
0.65 2.5000E+02 1.22450E-04
0.65 2.7000E+02 1.10068E-04
0.65 2.9000E+02 9.14144E-05
0.65 3.1000E+02 8.34916E-05
0.65 3.3000E+02 7.60493E-05
0.65 3.5000E+02 6.94857E-05
0.65 3.7000E+02 6.36033E-05
0.65 3.9000E+02 5.80954E-05
0.65 4.3000E+02 4.88017E-05
0.65 4.7000E+02 4.15815E-05
0.65 5.1000E+02 3.62229E-05 


