0.40 2.5600E+01 1.29668E-04
0.40 2.6600E+01 1.73727E-04
0.40 2.7600E+01 3.02205E-04
0.40 2.8600E+01 3.37403E-04
0.40 2.9600E+01 2.60918E-04
0.40 3.0600E+01 2.05751E-04
0.40 3.1600E+01 3.34485E-04
0.40 3.2600E+01 3.45918E-04
0.40 3.3600E+01 2.11129E-04
0.40 3.4600E+01 2.17493E-04
0.40 4.0000E+01 1.49644E-04
0.40 4.5000E+01 1.51364E-04
0.40 5.0000E+01 1.31860E-04
0.40 5.5000E+01 1.58118E-04
0.40 6.0000E+01 4.59588E-05
0.40 6.5000E+01 4.28066E-05
0.40 7.0000E+01 3.41162E-05
0.40 7.5000E+01 5.21352E-05
0.40 8.0000E+01 6.12302E-05
0.40 8.5000E+01 5.09568E-05
0.40 1.0000E+02 9.25002E-06
0.40 1.1000E+02 1.60253E-05
0.40 1.2000E+02 9.76666E-06
0.40 1.3000E+02 8.48806E-06
0.40 1.4000E+02 8.60990E-06
0.40 1.5000E+02 6.80960E-06
0.40 1.6000E+02 1.10450E-05
0.40 1.7000E+02 4.36265E-06
0.40 1.8000E+02 3.96443E-06
0.40 1.9000E+02 1.59718E-06
0.40 2.1000E+02 2.48050E-06
0.40 2.3000E+02 1.78771E-06
0.40 2.5000E+02 1.47752E-06
0.40 2.7000E+02 1.04461E-06
0.40 2.9000E+02 8.55661E-07
0.40 3.1000E+02 6.23391E-07
0.40 3.3000E+02 5.22947E-07
0.40 3.5000E+02 4.41609E-07
0.40 3.7000E+02 5.41972E-07
0.40 3.9000E+02 2.96622E-07
0.40 4.3000E+02 2.12363E-07
0.40 4.7000E+02 1.66218E-07
0.40 5.1000E+02 1.24482E-07 


0.41 2.5600E+01 1.47271E-04
0.41 2.6600E+01 2.23563E-04
0.41 2.7600E+01 3.26468E-04
0.41 2.8600E+01 2.60196E-04
0.41 2.9600E+01 3.16168E-04
0.41 3.0600E+01 2.94225E-04
0.41 3.1600E+01 2.71298E-04
0.41 3.2600E+01 2.76901E-04
0.41 3.3600E+01 1.64847E-04
0.41 3.4600E+01 2.65964E-04
0.41 4.0000E+01 1.58924E-04
0.41 4.5000E+01 1.92025E-04
0.41 5.0000E+01 1.11143E-04
0.41 5.5000E+01 1.08158E-04
0.41 6.0000E+01 1.24048E-04
0.41 6.5000E+01 4.23967E-05
0.41 7.0000E+01 6.85801E-05
0.41 7.5000E+01 6.40573E-05
0.41 8.0000E+01 6.07234E-05
0.41 8.5000E+01 6.54862E-05
0.41 1.0000E+02 1.94390E-05
0.41 1.1000E+02 1.27573E-05
0.41 1.2000E+02 5.94331E-06
0.41 1.3000E+02 9.80981E-06
0.41 1.4000E+02 1.09571E-05
0.41 1.5000E+02 6.99720E-06
0.41 1.6000E+02 5.72672E-06
0.41 1.7000E+02 4.93523E-06
0.41 1.8000E+02 3.99263E-06
0.41 1.9000E+02 3.95986E-06
0.41 2.1000E+02 4.76124E-06
0.41 2.3000E+02 1.90276E-06
0.41 2.5000E+02 1.40188E-06
0.41 2.7000E+02 2.51606E-06
0.41 2.9000E+02 7.90736E-07
0.41 3.1000E+02 7.31352E-07
0.41 3.3000E+02 5.64125E-07
0.41 3.5000E+02 4.71036E-07
0.41 3.7000E+02 3.48577E-07
0.41 3.9000E+02 3.16963E-07
0.41 4.3000E+02 2.40082E-07
0.41 4.7000E+02 1.72208E-07
0.41 5.1000E+02 1.31443E-07 


0.42 2.5600E+01 1.92378E-04
0.42 2.6600E+01 1.70941E-04
0.42 2.7600E+01 1.96270E-04
0.42 2.8600E+01 2.38609E-04
0.42 2.9600E+01 2.72426E-04
0.42 3.0600E+01 3.00149E-04
0.42 3.1600E+01 2.79372E-04
0.42 3.2600E+01 3.05779E-04
0.42 3.3600E+01 2.59235E-04
0.42 3.4600E+01 3.28751E-04
0.42 4.0000E+01 2.31778E-04
0.42 4.5000E+01 3.14806E-04
0.42 5.0000E+01 5.55337E-05
0.42 5.5000E+01 1.52700E-04
0.42 6.0000E+01 9.06743E-05
0.42 6.5000E+01 5.83110E-05
0.42 7.0000E+01 7.48120E-05
0.42 7.5000E+01 5.43221E-05
0.42 8.0000E+01 4.43605E-05
0.42 8.5000E+01 5.88887E-05
0.42 1.0000E+02 2.65493E-05
0.42 1.1000E+02 1.41210E-05
0.42 1.2000E+02 2.82165E-05
0.42 1.3000E+02 8.30954E-06
0.42 1.4000E+02 7.78963E-06
0.42 1.5000E+02 7.56021E-06
0.42 1.6000E+02 5.64882E-06
0.42 1.7000E+02 5.06846E-06
0.42 1.8000E+02 4.65747E-06
0.42 1.9000E+02 3.82006E-06
0.42 2.1000E+02 2.69434E-06
0.42 2.3000E+02 1.63516E-06
0.42 2.5000E+02 1.42604E-06
0.42 2.7000E+02 1.31507E-06
0.42 2.9000E+02 1.07011E-06
0.42 3.1000E+02 8.04438E-07
0.42 3.3000E+02 6.36122E-07
0.42 3.5000E+02 4.88999E-07
0.42 3.7000E+02 4.16950E-07
0.42 3.9000E+02 8.13995E-07
0.42 4.3000E+02 2.69841E-07
0.42 4.7000E+02 2.11566E-07
0.42 5.1000E+02 1.43242E-07 


0.43 2.5600E+01 1.68226E-04
0.43 2.6600E+01 2.80064E-04
0.43 2.7600E+01 3.10193E-04
0.43 2.8600E+01 2.77740E-04
0.43 2.9600E+01 3.20687E-04
0.43 3.0600E+01 3.37597E-04
0.43 3.1600E+01 3.20306E-04
0.43 3.2600E+01 2.68980E-04
0.43 3.3600E+01 2.80502E-04
0.43 3.4600E+01 1.97709E-04
0.43 4.0000E+01 2.09113E-04
0.43 4.5000E+01 2.51156E-04
0.43 5.0000E+01 9.46083E-05
0.43 5.5000E+01 1.38212E-04
0.43 6.0000E+01 1.03996E-04
0.43 6.5000E+01 4.95014E-05
0.43 7.0000E+01 6.37601E-05
0.43 7.5000E+01 6.11994E-05
0.43 8.0000E+01 5.57671E-05
0.43 8.5000E+01 5.00949E-05
0.43 1.0000E+02 3.37839E-05
0.43 1.1000E+02 1.74981E-05
0.43 1.2000E+02 1.46224E-05
0.43 1.3000E+02 1.19097E-05
0.43 1.4000E+02 1.00896E-05
0.43 1.5000E+02 7.63525E-06
0.43 1.6000E+02 6.07509E-06
0.43 1.7000E+02 5.43836E-06
0.43 1.8000E+02 6.01112E-06
0.43 1.9000E+02 4.17373E-06
0.43 2.1000E+02 2.66375E-06
0.43 2.3000E+02 1.79718E-06
0.43 2.5000E+02 1.45532E-06
0.43 2.7000E+02 1.31749E-06
0.43 2.9000E+02 1.12955E-06
0.43 3.1000E+02 9.96323E-07
0.43 3.3000E+02 6.95441E-07
0.43 3.5000E+02 5.48777E-07
0.43 3.7000E+02 4.52318E-07
0.43 3.9000E+02 3.73610E-07
0.43 4.3000E+02 1.88729E-06
0.43 4.7000E+02 2.07565E-07
0.43 5.1000E+02 1.50954E-07 


0.44 2.5600E+01 1.83391E-04
0.44 2.6600E+01 2.55571E-04
0.44 2.7600E+01 2.78990E-04
0.44 2.8600E+01 3.17581E-04
0.44 2.9600E+01 2.60980E-04
0.44 3.0600E+01 3.49611E-04
0.44 3.1600E+01 3.22302E-04
0.44 3.2600E+01 3.46702E-04
0.44 3.3600E+01 3.54781E-04
0.44 3.4600E+01 4.25672E-04
0.44 4.0000E+01 2.79671E-04
0.44 4.5000E+01 1.94965E-04
0.44 5.0000E+01 1.33073E-04
0.44 5.5000E+01 1.42435E-04
0.44 6.0000E+01 1.65955E-04
0.44 6.5000E+01 7.80625E-05
0.44 7.0000E+01 5.94153E-05
0.44 7.5000E+01 5.58729E-05
0.44 8.0000E+01 5.11521E-05
0.44 8.5000E+01 4.63558E-05
0.44 1.0000E+02 2.65656E-05
0.44 1.1000E+02 2.11122E-05
0.44 1.2000E+02 1.52539E-05
0.44 1.3000E+02 2.57749E-05
0.44 1.4000E+02 1.23454E-05
0.44 1.5000E+02 8.05987E-06
0.44 1.6000E+02 6.83049E-06
0.44 1.7000E+02 5.58846E-06
0.44 1.8000E+02 4.69649E-06
0.44 1.9000E+02 4.19468E-06
0.44 2.1000E+02 3.07965E-06
0.44 2.3000E+02 2.17422E-06
0.44 2.5000E+02 1.64428E-06
0.44 2.7000E+02 1.45937E-06
0.44 2.9000E+02 1.18437E-06
0.44 3.1000E+02 7.44005E-07
0.44 3.3000E+02 7.76032E-07
0.44 3.5000E+02 6.45934E-07
0.44 3.7000E+02 4.59411E-07
0.44 3.9000E+02 4.07349E-07
0.44 4.3000E+02 2.83967E-07
0.44 4.7000E+02 2.13407E-07
0.44 5.1000E+02 1.63087E-07 


0.45 2.5600E+01 2.14427E-04
0.45 2.6600E+01 3.52441E-04
0.45 2.7600E+01 3.61726E-04
0.45 2.8600E+01 3.13581E-04
0.45 2.9600E+01 3.43860E-04
0.45 3.0600E+01 4.15496E-04
0.45 3.1600E+01 3.31732E-04
0.45 3.2600E+01 3.34872E-04
0.45 3.3600E+01 3.12243E-04
0.45 3.4600E+01 3.19190E-04
0.45 4.0000E+01 2.51409E-04
0.45 4.5000E+01 2.25236E-04
0.45 5.0000E+01 1.54889E-04
0.45 5.5000E+01 1.47873E-04
0.45 6.0000E+01 1.24562E-04
0.45 6.5000E+01 7.57932E-05
0.45 7.0000E+01 7.41124E-05
0.45 7.5000E+01 6.31908E-05
0.45 8.0000E+01 4.94260E-05
0.45 8.5000E+01 4.44154E-05
0.45 1.0000E+02 2.73061E-05
0.45 1.1000E+02 2.30469E-05
0.45 1.2000E+02 1.73694E-05
0.45 1.3000E+02 1.48524E-05
0.45 1.4000E+02 1.33002E-05
0.45 1.5000E+02 9.56227E-06
0.45 1.6000E+02 7.85408E-06
0.45 1.7000E+02 1.08467E-05
0.45 1.8000E+02 5.08105E-06
0.45 1.9000E+02 4.24349E-06
0.45 2.1000E+02 3.36161E-06
0.45 2.3000E+02 2.47394E-06
0.45 2.5000E+02 1.82694E-06
0.45 2.7000E+02 4.00997E-06
0.45 2.9000E+02 1.28110E-06
0.45 3.1000E+02 1.08047E-06
0.45 3.3000E+02 8.52852E-07
0.45 3.5000E+02 7.07847E-07
0.45 3.7000E+02 1.03215E-06
0.45 3.9000E+02 4.35827E-07
0.45 4.3000E+02 3.13772E-07
0.45 4.7000E+02 3.06193E-07
0.45 5.1000E+02 8.24874E-08 


0.46 2.5600E+01 2.93990E-04
0.46 2.6600E+01 3.26055E-04
0.46 2.7600E+01 3.00795E-04
0.46 2.8600E+01 4.00144E-04
0.46 2.9600E+01 3.09622E-04
0.46 3.0600E+01 4.20219E-04
0.46 3.1600E+01 3.44170E-04
0.46 3.2600E+01 3.11617E-04
0.46 3.3600E+01 3.95324E-04
0.46 3.4600E+01 3.80378E-04
0.46 4.0000E+01 2.65620E-04
0.46 4.5000E+01 2.40235E-04
0.46 5.0000E+01 1.89412E-04
0.46 5.5000E+01 1.50651E-04
0.46 6.0000E+01 1.09975E-04
0.46 6.5000E+01 9.97151E-05
0.46 7.0000E+01 7.22709E-05
0.46 7.5000E+01 6.87127E-05
0.46 8.0000E+01 5.46167E-05
0.46 8.5000E+01 4.89953E-05
0.46 1.0000E+02 2.78166E-05
0.46 1.1000E+02 2.38554E-05
0.46 1.2000E+02 1.85353E-05
0.46 1.3000E+02 1.36283E-05
0.46 1.4000E+02 2.64595E-05
0.46 1.5000E+02 1.55814E-05
0.46 1.6000E+02 7.81010E-06
0.46 1.7000E+02 6.21901E-06
0.46 1.8000E+02 5.24724E-06
0.46 1.9000E+02 3.16226E-06
0.46 2.1000E+02 3.64419E-06
0.46 2.3000E+02 2.71068E-06
0.46 2.5000E+02 2.26524E-06
0.46 2.7000E+02 1.27956E-06
0.46 2.9000E+02 1.12460E-06
0.46 3.1000E+02 1.61552E-06
0.46 3.3000E+02 8.94714E-07
0.46 3.5000E+02 7.30044E-07
0.46 3.7000E+02 2.56259E-06
0.46 3.9000E+02 4.90494E-07
0.46 4.3000E+02 3.38791E-07
0.46 4.7000E+02 2.49536E-07
0.46 5.1000E+02 1.88185E-07 


0.47 2.5600E+01 1.46774E-04
0.47 2.6600E+01 3.71716E-04
0.47 2.7600E+01 3.33106E-04
0.47 2.8600E+01 4.59854E-04
0.47 2.9600E+01 3.85182E-04
0.47 3.0600E+01 4.40374E-04
0.47 3.1600E+01 4.05403E-04
0.47 3.2600E+01 4.18221E-04
0.47 3.3600E+01 3.87487E-04
0.47 3.4600E+01 3.47960E-04
0.47 4.0000E+01 3.25803E-04
0.47 4.5000E+01 1.98925E-04
0.47 5.0000E+01 1.84495E-04
0.47 5.5000E+01 1.38163E-04
0.47 6.0000E+01 1.18380E-04
0.47 6.5000E+01 1.06147E-04
0.47 7.0000E+01 7.30873E-05
0.47 7.5000E+01 7.07120E-05
0.47 8.0000E+01 6.11242E-05
0.47 8.5000E+01 4.88590E-05
0.47 1.0000E+02 3.14029E-05
0.47 1.1000E+02 2.32503E-05
0.47 1.2000E+02 2.00182E-05
0.47 1.3000E+02 1.51601E-05
0.47 1.4000E+02 1.23489E-05
0.47 1.5000E+02 1.11841E-05
0.47 1.6000E+02 9.18949E-06
0.47 1.7000E+02 9.27349E-06
0.47 1.8000E+02 6.22601E-06
0.47 1.9000E+02 4.73445E-06
0.47 2.1000E+02 3.65664E-06
0.47 2.3000E+02 2.84500E-06
0.47 2.5000E+02 2.12600E-06
0.47 2.7000E+02 1.59352E-06
0.47 2.9000E+02 1.30593E-06
0.47 3.1000E+02 1.09986E-06
0.47 3.3000E+02 1.03364E-06
0.47 3.5000E+02 7.97290E-07
0.47 3.7000E+02 6.55931E-07
0.47 3.9000E+02 5.31940E-07
0.47 4.3000E+02 3.70966E-07
0.47 4.7000E+02 2.55189E-07
0.47 5.1000E+02 1.59225E-07 


0.48 2.5600E+01 2.35547E-04
0.48 2.6600E+01 3.77018E-04
0.48 2.7600E+01 5.69134E-04
0.48 2.8600E+01 3.62121E-04
0.48 2.9600E+01 4.66539E-04
0.48 3.0600E+01 4.35234E-04
0.48 3.1600E+01 4.77040E-04
0.48 3.2600E+01 3.95626E-04
0.48 3.3600E+01 3.67177E-04
0.48 3.4600E+01 4.33622E-04
0.48 4.0000E+01 3.69588E-04
0.48 4.5000E+01 2.09769E-04
0.48 5.0000E+01 1.92435E-04
0.48 5.5000E+01 1.39669E-04
0.48 6.0000E+01 1.38699E-04
0.48 6.5000E+01 1.04829E-04
0.48 7.0000E+01 9.33615E-05
0.48 7.5000E+01 6.73458E-05
0.48 8.0000E+01 6.56668E-05
0.48 8.5000E+01 5.30858E-05
0.48 1.0000E+02 3.59447E-05
0.48 1.1000E+02 2.41910E-05
0.48 1.2000E+02 2.03441E-05
0.48 1.3000E+02 1.67061E-05
0.48 1.4000E+02 1.28230E-05
0.48 1.5000E+02 1.08562E-05
0.48 1.6000E+02 1.77300E-06
0.48 1.7000E+02 7.82510E-06
0.48 1.8000E+02 3.18424E-06
0.48 1.9000E+02 4.99187E-06
0.48 2.1000E+02 3.89580E-06
0.48 2.3000E+02 2.90424E-06
0.48 2.5000E+02 2.31228E-06
0.48 2.7000E+02 1.91940E-06
0.48 2.9000E+02 1.34373E-06
0.48 3.1000E+02 1.06733E-06
0.48 3.3000E+02 1.15679E-06
0.48 3.5000E+02 8.27513E-07
0.48 3.7000E+02 6.88298E-07
0.48 3.9000E+02 5.78347E-07
0.48 4.3000E+02 3.99270E-07
0.48 4.7000E+02 2.79210E-07
0.48 5.1000E+02 2.10130E-07 


0.49 2.5600E+01 3.34817E-04
0.49 2.6600E+01 2.89806E-04
0.49 2.7600E+01 3.40347E-04
0.49 2.8600E+01 4.72135E-04
0.49 2.9600E+01 4.04060E-04
0.49 3.0600E+01 3.80629E-04
0.49 3.1600E+01 3.56595E-04
0.49 3.2600E+01 4.05120E-04
0.49 3.3600E+01 4.63776E-04
0.49 3.4600E+01 4.10203E-04
0.49 4.0000E+01 3.15653E-04
0.49 4.5000E+01 2.76945E-04
0.49 5.0000E+01 2.22664E-04
0.49 5.5000E+01 1.90867E-04
0.49 6.0000E+01 1.38485E-04
0.49 6.5000E+01 1.08010E-04
0.49 7.0000E+01 9.80118E-05
0.49 7.5000E+01 6.90470E-05
0.49 8.0000E+01 6.66762E-05
0.49 8.5000E+01 6.09472E-05
0.49 1.0000E+02 4.10569E-05
0.49 1.1000E+02 2.58657E-05
0.49 1.2000E+02 2.17577E-05
0.49 1.3000E+02 1.79702E-05
0.49 1.4000E+02 1.40097E-05
0.49 1.5000E+02 1.29149E-05
0.49 1.6000E+02 1.07501E-05
0.49 1.7000E+02 9.10306E-06
0.49 1.8000E+02 7.10097E-06
0.49 1.9000E+02 5.46034E-06
0.49 2.1000E+02 3.80076E-06
0.49 2.3000E+02 3.27394E-06
0.49 2.5000E+02 2.63776E-06
0.49 2.7000E+02 1.90212E-06
0.49 2.9000E+02 1.38613E-06
0.49 3.1000E+02 1.14082E-06
0.49 3.3000E+02 8.71931E-07
0.49 3.5000E+02 1.17086E-06
0.49 3.7000E+02 7.86484E-07
0.49 3.9000E+02 8.47327E-06
0.49 4.3000E+02 4.20437E-07
0.49 4.7000E+02 3.04677E-07
0.49 5.1000E+02 4.21027E-07 


0.50 2.5600E+01 2.14629E-04
0.50 2.6600E+01 3.71516E-04
0.50 2.7600E+01 4.94042E-04
0.50 2.8600E+01 4.42389E-04
0.50 2.9600E+01 5.48969E-04
0.50 3.0600E+01 4.57681E-04
0.50 3.1600E+01 5.10459E-04
0.50 3.2600E+01 5.27693E-04
0.50 3.3600E+01 4.53773E-04
0.50 3.4600E+01 3.75152E-04
0.50 4.0000E+01 3.74388E-04
0.50 4.5000E+01 2.22713E-04
0.50 5.0000E+01 2.50535E-04
0.50 5.5000E+01 1.94656E-04
0.50 6.0000E+01 1.23865E-04
0.50 6.5000E+01 1.23108E-04
0.50 7.0000E+01 9.54733E-05
0.50 7.5000E+01 8.06185E-05
0.50 8.0000E+01 6.35091E-05
0.50 8.5000E+01 6.22498E-05
0.50 1.0000E+02 3.83442E-05
0.50 1.1000E+02 2.83439E-05
0.50 1.2000E+02 2.13692E-05
0.50 1.3000E+02 1.88265E-05
0.50 1.4000E+02 1.49115E-05
0.50 1.5000E+02 1.10308E-05
0.50 1.6000E+02 9.50110E-06
0.50 1.7000E+02 9.34503E-06
0.50 1.8000E+02 8.36129E-06
0.50 1.9000E+02 6.05626E-06
0.50 2.1000E+02 4.04958E-06
0.50 2.3000E+02 3.52023E-06
0.50 2.5000E+02 2.48648E-06
0.50 2.7000E+02 1.96610E-06
0.50 2.9000E+02 1.62166E-06
0.50 3.1000E+02 9.47828E-07
0.50 3.3000E+02 9.14038E-07
0.50 3.5000E+02 8.51619E-07
0.50 3.7000E+02 7.64129E-07
0.50 3.9000E+02 6.46751E-07
0.50 4.3000E+02 4.59719E-07
0.50 4.7000E+02 3.26182E-07
0.50 5.1000E+02 2.33464E-07 


0.51 2.5600E+01 4.47572E-04
0.51 2.6600E+01 4.17884E-04
0.51 2.7600E+01 5.68613E-04
0.51 2.8600E+01 3.96930E-04
0.51 2.9600E+01 5.54608E-04
0.51 3.0600E+01 5.70940E-04
0.51 3.1600E+01 4.95545E-04
0.51 3.2600E+01 5.67437E-04
0.51 3.3600E+01 3.93259E-04
0.51 3.4600E+01 5.06714E-04
0.51 4.0000E+01 3.67227E-04
0.51 4.5000E+01 2.72546E-04
0.51 5.0000E+01 2.27190E-04
0.51 5.5000E+01 1.81236E-04
0.51 6.0000E+01 1.32086E-04
0.51 6.5000E+01 1.35288E-04
0.51 7.0000E+01 9.91634E-05
0.51 7.5000E+01 1.04278E-04
0.51 8.0000E+01 6.44754E-05
0.51 8.5000E+01 6.18498E-05
0.51 1.0000E+02 3.86234E-05
0.51 1.1000E+02 3.44171E-05
0.51 1.2000E+02 2.22362E-05
0.51 1.3000E+02 1.91001E-05
0.51 1.4000E+02 1.62573E-05
0.51 1.5000E+02 1.28531E-05
0.51 1.6000E+02 1.00205E-05
0.51 1.7000E+02 8.65746E-06
0.51 1.8000E+02 8.78050E-06
0.51 1.9000E+02 6.88702E-06
0.51 2.1000E+02 4.46436E-06
0.51 2.3000E+02 3.35115E-06
0.51 2.5000E+02 2.62049E-06
0.51 2.7000E+02 2.09474E-06
0.51 2.9000E+02 1.66831E-06
0.51 3.1000E+02 1.28096E-06
0.51 3.3000E+02 9.41164E-07
0.51 3.5000E+02 8.07708E-07
0.51 3.7000E+02 7.90724E-07
0.51 3.9000E+02 6.96991E-07
0.51 4.3000E+02 4.88713E-07
0.51 4.7000E+02 3.52884E-07
0.51 5.1000E+02 2.55130E-07 


0.52 2.5600E+01 3.26419E-04
0.52 2.6600E+01 3.58632E-04
0.52 2.7600E+01 3.63052E-04
0.52 2.8600E+01 5.46742E-04
0.52 2.9600E+01 4.86572E-04
0.52 3.0600E+01 4.57800E-04
0.52 3.1600E+01 4.29795E-04
0.52 3.2600E+01 5.27304E-04
0.52 3.3600E+01 5.51996E-04
0.52 3.4600E+01 4.56470E-04
0.52 4.0000E+01 3.36564E-04
0.52 4.5000E+01 3.23469E-04
0.52 5.0000E+01 1.85851E-04
0.52 5.5000E+01 1.97202E-04
0.52 6.0000E+01 1.67139E-04
0.52 6.5000E+01 1.34868E-04
0.52 7.0000E+01 1.09836E-04
0.52 7.5000E+01 9.29155E-05
0.52 8.0000E+01 7.75190E-05
0.52 8.5000E+01 5.92640E-05
0.52 1.0000E+02 4.18781E-05
0.52 1.1000E+02 3.73108E-05
0.52 1.2000E+02 2.45215E-05
0.52 1.3000E+02 1.91181E-05
0.52 1.4000E+02 1.68104E-05
0.52 1.5000E+02 1.37803E-05
0.52 1.6000E+02 1.07020E-05
0.52 1.7000E+02 8.69073E-06
0.52 1.8000E+02 8.72540E-06
0.52 1.9000E+02 7.34697E-06
0.52 2.1000E+02 4.92132E-06
0.52 2.3000E+02 3.36315E-06
0.52 2.5000E+02 3.21154E-06
0.52 2.7000E+02 2.24553E-06
0.52 2.9000E+02 1.76528E-06
0.52 3.1000E+02 1.41525E-06
0.52 3.3000E+02 1.12925E-06
0.52 3.5000E+02 8.86636E-07
0.52 3.7000E+02 7.03084E-07
0.52 3.9000E+02 7.03025E-07
0.52 4.3000E+02 5.23277E-07
0.52 4.7000E+02 3.64449E-07
0.52 5.1000E+02 2.87339E-07 


0.53 2.5600E+01 2.67515E-04
0.53 2.6600E+01 4.89519E-04
0.53 2.7600E+01 5.39119E-04
0.53 2.8600E+01 5.77083E-04
0.53 2.9600E+01 6.31851E-04
0.53 3.0600E+01 5.91766E-04
0.53 3.1600E+01 5.38460E-04
0.53 3.2600E+01 5.94885E-04
0.53 3.3600E+01 5.92084E-04
0.53 3.4600E+01 4.54606E-04
0.53 4.0000E+01 3.96475E-04
0.53 4.5000E+01 3.60817E-04
0.53 5.0000E+01 2.81506E-04
0.53 5.5000E+01 2.27277E-04
0.53 6.0000E+01 1.71962E-04
0.53 6.5000E+01 1.22590E-04
0.53 7.0000E+01 1.22051E-04
0.53 7.5000E+01 9.13239E-05
0.53 8.0000E+01 9.77583E-05
0.53 8.5000E+01 6.09338E-05
0.53 1.0000E+02 4.57025E-05
0.53 1.1000E+02 3.39362E-05
0.53 1.2000E+02 2.84930E-05
0.53 1.3000E+02 1.94216E-05
0.53 1.4000E+02 1.70224E-05
0.53 1.5000E+02 1.45356E-05
0.53 1.6000E+02 1.15613E-05
0.53 1.7000E+02 9.18032E-06
0.53 1.8000E+02 7.71722E-06
0.53 1.9000E+02 7.91338E-06
0.53 2.1000E+02 5.35216E-06
0.53 2.3000E+02 3.52116E-06
0.53 2.5000E+02 2.78335E-06
0.53 2.7000E+02 2.33039E-06
0.53 2.9000E+02 1.81409E-06
0.53 3.1000E+02 1.46035E-06
0.53 3.3000E+02 1.16018E-06
0.53 3.5000E+02 9.76669E-07
0.53 3.7000E+02 7.33635E-07
0.53 3.9000E+02 6.09963E-07
0.53 4.3000E+02 5.48799E-07
0.53 4.7000E+02 4.01517E-07
0.53 5.1000E+02 2.85126E-07 


0.54 2.5600E+01 3.60158E-04
0.54 2.6600E+01 6.29654E-04
0.54 2.7600E+01 5.45024E-04
0.54 2.8600E+01 4.83327E-04
0.54 2.9600E+01 5.39729E-04
0.54 3.0600E+01 7.15160E-04
0.54 3.1600E+01 6.43407E-04
0.54 3.2600E+01 5.21225E-04
0.54 3.3600E+01 4.23672E-04
0.54 3.4600E+01 5.68934E-04
0.54 4.0000E+01 4.83239E-04
0.54 4.5000E+01 3.12660E-04
0.54 5.0000E+01 2.82199E-04
0.54 5.5000E+01 2.45716E-04
0.54 6.0000E+01 1.67190E-04
0.54 6.5000E+01 1.27780E-04
0.54 7.0000E+01 1.27919E-04
0.54 7.5000E+01 9.97033E-05
0.54 8.0000E+01 8.77653E-05
0.54 8.5000E+01 7.22158E-05
0.54 1.0000E+02 4.95766E-05
0.54 1.1000E+02 3.43649E-05
0.54 1.2000E+02 3.27950E-05
0.54 1.3000E+02 2.12291E-05
0.54 1.4000E+02 1.70147E-05
0.54 1.5000E+02 1.53381E-05
0.54 1.6000E+02 1.19967E-05
0.54 1.7000E+02 1.01688E-05
0.54 1.8000E+02 8.12985E-06
0.54 1.9000E+02 6.95664E-06
0.54 2.1000E+02 5.94361E-06
0.54 2.3000E+02 3.93664E-06
0.54 2.5000E+02 2.89700E-06
0.54 2.7000E+02 2.36156E-06
0.54 2.9000E+02 2.13280E-06
0.54 3.1000E+02 1.58205E-06
0.54 3.3000E+02 1.26163E-06
0.54 3.5000E+02 1.17657E-06
0.54 3.7000E+02 8.26439E-07
0.54 3.9000E+02 6.55356E-07
0.54 4.3000E+02 5.67121E-07
0.54 4.7000E+02 4.25032E-07
0.54 5.1000E+02 3.08886E-07 


0.55 2.5600E+01 3.82131E-04
0.55 2.6600E+01 3.60302E-04
0.55 2.7600E+01 4.36287E-04
0.55 2.8600E+01 6.98835E-04
0.55 2.9600E+01 4.90810E-04
0.55 3.0600E+01 5.30959E-04
0.55 3.1600E+01 5.58268E-04
0.55 3.2600E+01 4.83428E-04
0.55 3.3600E+01 6.24877E-04
0.55 3.4600E+01 6.79887E-04
0.55 4.0000E+01 4.18179E-04
0.55 4.5000E+01 3.27898E-04
0.55 5.0000E+01 2.61130E-04
0.55 5.5000E+01 2.24914E-04
0.55 6.0000E+01 1.73072E-04
0.55 6.5000E+01 1.69386E-04
0.55 7.0000E+01 1.23499E-04
0.55 7.5000E+01 1.11309E-04
0.55 8.0000E+01 8.56359E-05
0.55 8.5000E+01 9.28263E-05
0.55 1.0000E+02 5.16589E-05
0.55 1.1000E+02 3.73553E-05
0.55 1.2000E+02 3.24280E-05
0.55 1.3000E+02 2.41779E-05
0.55 1.4000E+02 1.73050E-05
0.55 1.5000E+02 1.52676E-05
0.55 1.6000E+02 1.39123E-05
0.55 1.7000E+02 1.08344E-05
0.55 1.8000E+02 8.51810E-06
0.55 1.9000E+02 1.41015E-05
0.55 2.1000E+02 6.44476E-06
0.55 2.3000E+02 4.35303E-06
0.55 2.5000E+02 3.04837E-06
0.55 2.7000E+02 2.40732E-06
0.55 2.9000E+02 1.97609E-06
0.55 3.1000E+02 1.72279E-06
0.55 3.3000E+02 1.34203E-06
0.55 3.5000E+02 1.03135E-06
0.55 3.7000E+02 8.47249E-07
0.55 3.9000E+02 7.25517E-07
0.55 4.3000E+02 6.06021E-07
0.55 4.7000E+02 4.44647E-07
0.55 5.1000E+02 3.33119E-07 


0.56 2.5600E+01 3.09144E-04
0.56 2.6600E+01 6.00576E-04
0.56 2.7600E+01 5.08302E-04
0.56 2.8600E+01 7.43519E-04
0.56 2.9600E+01 6.71324E-04
0.56 3.0600E+01 6.54754E-04
0.56 3.1600E+01 6.58220E-04
0.56 3.2600E+01 6.58711E-04
0.56 3.3600E+01 6.20258E-04
0.56 3.4600E+01 4.58832E-04
0.56 4.0000E+01 4.54146E-04
0.56 4.5000E+01 4.09792E-04
0.56 5.0000E+01 2.82602E-04
0.56 5.5000E+01 1.87653E-04
0.56 6.0000E+01 1.98649E-04
0.56 6.5000E+01 1.72014E-04
0.56 7.0000E+01 1.14285E-04
0.56 7.5000E+01 1.19612E-04
0.56 8.0000E+01 9.16278E-05
0.56 8.5000E+01 8.31815E-05
0.56 1.0000E+02 5.12596E-05
0.56 1.1000E+02 4.08284E-05
0.56 1.2000E+02 2.96240E-05
0.56 1.3000E+02 2.81062E-05
0.56 1.4000E+02 1.86115E-05
0.56 1.5000E+02 1.52485E-05
0.56 1.6000E+02 1.34378E-05
0.56 1.7000E+02 1.14780E-05
0.56 1.8000E+02 9.57919E-06
0.56 1.9000E+02 7.58021E-06
0.56 2.1000E+02 6.77186E-06
0.56 2.3000E+02 4.76274E-06
0.56 2.5000E+02 3.28353E-06
0.56 2.7000E+02 2.51112E-06
0.56 2.9000E+02 2.04698E-06
0.56 3.1000E+02 1.74625E-06
0.56 3.3000E+02 1.38037E-06
0.56 3.5000E+02 1.15183E-06
0.56 3.7000E+02 9.43767E-07
0.56 3.9000E+02 7.76712E-07
0.56 4.3000E+02 4.98190E-07
0.56 4.7000E+02 4.67323E-07
0.56 5.1000E+02 3.46581E-07 


0.57 2.5600E+01 4.20639E-04
0.57 2.6600E+01 7.06043E-04
0.57 2.7600E+01 7.35525E-04
0.57 2.8600E+01 5.15676E-04
0.57 2.9600E+01 7.81629E-04
0.57 3.0600E+01 7.36820E-04
0.57 3.1600E+01 8.13492E-04
0.57 3.2600E+01 6.85379E-04
0.57 3.3600E+01 5.24473E-04
0.57 3.4600E+01 6.22680E-04
0.57 4.0000E+01 5.56622E-04
0.57 4.5000E+01 3.93565E-04
0.57 5.0000E+01 3.35389E-04
0.57 5.5000E+01 2.72576E-04
0.57 6.0000E+01 2.28642E-04
0.57 6.5000E+01 1.61631E-04
0.57 7.0000E+01 1.21417E-04
0.57 7.5000E+01 1.20224E-04
0.57 8.0000E+01 1.01415E-04
0.57 8.5000E+01 7.95548E-05
0.57 1.0000E+02 4.93843E-05
0.57 1.1000E+02 4.37973E-05
0.57 1.2000E+02 3.14023E-05
0.57 1.3000E+02 3.11823E-05
0.57 1.4000E+02 2.10388E-05
0.57 1.5000E+02 1.55322E-05
0.57 1.6000E+02 1.36355E-05
0.57 1.7000E+02 1.20360E-05
0.57 1.8000E+02 1.00976E-05
0.57 1.9000E+02 8.23752E-06
0.57 2.1000E+02 5.75642E-06
0.57 2.3000E+02 5.21126E-06
0.57 2.5000E+02 3.64716E-06
0.57 2.7000E+02 2.42253E-06
0.57 2.9000E+02 1.90913E-06
0.57 3.1000E+02 1.89439E-06
0.57 3.3000E+02 1.40214E-06
0.57 3.5000E+02 1.26917E-06
0.57 3.7000E+02 1.04659E-06
0.57 3.9000E+02 8.30076E-07
0.57 4.3000E+02 5.42040E-07
0.57 4.7000E+02 4.68850E-07
0.57 5.1000E+02 3.75109E-07 


0.58 2.5600E+01 4.18168E-04
0.58 2.6600E+01 5.32461E-04
0.58 2.7600E+01 5.21306E-04
0.58 2.8600E+01 7.74178E-04
0.58 2.9600E+01 5.61358E-04
0.58 3.0600E+01 5.99216E-04
0.58 3.1600E+01 6.33992E-04
0.58 3.2600E+01 5.89173E-04
0.58 3.3600E+01 5.78882E-04
0.58 3.4600E+01 6.99714E-04
0.58 4.0000E+01 5.41119E-04
0.58 4.5000E+01 3.53347E-04
0.58 5.0000E+01 3.87837E-04
0.58 5.5000E+01 2.81142E-04
0.58 6.0000E+01 2.30100E-04
0.58 6.5000E+01 1.66285E-04
0.58 7.0000E+01 1.68047E-04
0.58 7.5000E+01 1.12016E-04
0.58 8.0000E+01 1.10846E-04
0.58 8.5000E+01 8.52081E-05
0.58 1.0000E+02 4.93184E-05
0.58 1.1000E+02 4.51792E-05
0.58 1.2000E+02 3.37793E-05
0.58 1.3000E+02 2.67722E-05
0.58 1.4000E+02 2.42019E-05
0.58 1.5000E+02 1.65391E-05
0.58 1.6000E+02 1.37027E-05
0.58 1.7000E+02 1.22187E-05
0.58 1.8000E+02 1.06733E-05
0.58 1.9000E+02 9.06906E-06
0.58 2.1000E+02 5.92617E-06
0.58 2.3000E+02 5.70665E-06
0.58 2.5000E+02 3.94995E-06
0.58 2.7000E+02 2.73479E-06
0.58 2.9000E+02 2.22126E-06
0.58 3.1000E+02 1.77445E-06
0.58 3.3000E+02 1.50941E-06
0.58 3.5000E+02 1.24146E-06
0.58 3.7000E+02 1.04120E-06
0.58 3.9000E+02 8.77210E-07
0.58 4.3000E+02 6.10250E-07
0.58 4.7000E+02 4.10622E-07
0.58 5.1000E+02 3.95900E-07 


0.59 2.5600E+01 4.16492E-04
0.59 2.6600E+01 4.62587E-04
0.59 2.7600E+01 5.84938E-04
0.59 2.8600E+01 7.76200E-04
0.59 2.9600E+01 7.79195E-04
0.59 3.0600E+01 6.01464E-04
0.59 3.1600E+01 6.17225E-04
0.59 3.2600E+01 7.50603E-04
0.59 3.3600E+01 8.32509E-04
0.59 3.4600E+01 5.87314E-04
0.59 4.0000E+01 4.35711E-04
0.59 4.5000E+01 3.88343E-04
0.59 5.0000E+01 3.51123E-04
0.59 5.5000E+01 2.56452E-04
0.59 6.0000E+01 1.84817E-04
0.59 6.5000E+01 1.86003E-04
0.59 7.0000E+01 1.60869E-04
0.59 7.5000E+01 1.03087E-04
0.59 8.0000E+01 1.13541E-04
0.59 8.5000E+01 9.39632E-05
0.59 1.0000E+02 5.50571E-05
0.59 1.1000E+02 4.52388E-05
0.59 1.2000E+02 3.67580E-05
0.59 1.3000E+02 2.65714E-05
0.59 1.4000E+02 2.73435E-05
0.59 1.5000E+02 1.85126E-05
0.59 1.6000E+02 1.39673E-05
0.59 1.7000E+02 1.20824E-05
0.59 1.8000E+02 1.09468E-05
0.59 1.9000E+02 9.19110E-06
0.59 2.1000E+02 6.38764E-06
0.59 2.3000E+02 5.27419E-06
0.59 2.5000E+02 4.31216E-06
0.59 2.7000E+02 3.08330E-06
0.59 2.9000E+02 2.30206E-06
0.59 3.1000E+02 1.85487E-06
0.59 3.3000E+02 1.53661E-06
0.59 3.5000E+02 1.31503E-06
0.59 3.7000E+02 1.10453E-06
0.59 3.9000E+02 9.42080E-07
0.59 4.3000E+02 6.12187E-07
0.59 4.7000E+02 4.40334E-07
0.59 5.1000E+02 3.91928E-07 


0.60 2.5600E+01 4.82456E-04
0.60 2.6600E+01 7.36475E-04
0.60 2.7600E+01 8.21763E-04
0.60 2.8600E+01 5.77770E-04
0.60 2.9600E+01 9.58457E-04
0.60 3.0600E+01 8.48971E-04
0.60 3.1600E+01 8.74153E-04
0.60 3.2600E+01 9.09941E-04
0.60 3.3600E+01 6.77697E-04
0.60 3.4600E+01 5.67046E-04
0.60 4.0000E+01 5.01032E-04
0.60 4.5000E+01 5.04257E-04
0.60 5.0000E+01 3.09273E-04
0.60 5.5000E+01 2.62209E-04
0.60 6.0000E+01 1.92407E-04
0.60 6.5000E+01 2.11803E-04
0.60 7.0000E+01 1.47827E-04
0.60 7.5000E+01 1.23298E-04
0.60 8.0000E+01 1.09013E-04
0.60 8.5000E+01 1.02284E-04
0.60 1.0000E+02 6.70623E-05
0.60 1.1000E+02 4.38958E-05
0.60 1.2000E+02 3.91561E-05
0.60 1.3000E+02 2.84315E-05
0.60 1.4000E+02 2.44327E-05
0.60 1.5000E+02 2.11318E-05
0.60 1.6000E+02 1.49315E-05
0.60 1.7000E+02 1.23639E-05
0.60 1.8000E+02 1.10420E-05
0.60 1.9000E+02 9.84008E-06
0.60 2.1000E+02 6.91999E-06
0.60 2.3000E+02 4.78612E-06
0.60 2.5000E+02 4.64136E-06
0.60 2.7000E+02 3.35672E-06
0.60 2.9000E+02 2.42830E-06
0.60 3.1000E+02 1.89988E-06
0.60 3.3000E+02 1.73850E-06
0.60 3.5000E+02 1.35089E-06
0.60 3.7000E+02 1.15849E-06
0.60 3.9000E+02 9.54001E-07
0.60 4.3000E+02 6.85346E-07
0.60 4.7000E+02 4.81180E-07
0.60 5.1000E+02 3.37722E-07 


0.61 2.5600E+01 5.67986E-04
0.61 2.6600E+01 6.09393E-04
0.61 2.7600E+01 8.89165E-04
0.61 2.8600E+01 6.08098E-04
0.61 2.9600E+01 7.82416E-04
0.61 3.0600E+01 8.59244E-04
0.61 3.1600E+01 7.23599E-04
0.61 3.2600E+01 7.03793E-04
0.61 3.3600E+01 6.75966E-04
0.61 3.4600E+01 7.73702E-04
0.61 4.0000E+01 6.57586E-04
0.61 4.5000E+01 5.16304E-04
0.61 5.0000E+01 3.95246E-04
0.61 5.5000E+01 3.02875E-04
0.61 6.0000E+01 2.63604E-04
0.61 6.5000E+01 2.22209E-04
0.61 7.0000E+01 1.56322E-04
0.61 7.5000E+01 1.59589E-04
0.61 8.0000E+01 9.98405E-05
0.61 8.5000E+01 1.06712E-04
0.61 1.0000E+02 7.51804E-05
0.61 1.1000E+02 4.31844E-05
0.61 1.2000E+02 4.01920E-05
0.61 1.3000E+02 3.11857E-05
0.61 1.4000E+02 2.31571E-05
0.61 1.5000E+02 2.42272E-05
0.61 1.6000E+02 1.65983E-05
0.61 1.7000E+02 1.27009E-05
0.61 1.8000E+02 1.11390E-05
0.61 1.9000E+02 1.00136E-05
0.61 2.1000E+02 7.47344E-06
0.61 2.3000E+02 5.12284E-06
0.61 2.5000E+02 4.91840E-06
0.61 2.7000E+02 3.60959E-06
0.61 2.9000E+02 2.63737E-06
0.61 3.1000E+02 2.02195E-06
0.61 3.3000E+02 1.48977E-06
0.61 3.5000E+02 1.37403E-06
0.61 3.7000E+02 1.17873E-06
0.61 3.9000E+02 9.88124E-07
0.61 4.3000E+02 7.05752E-07
0.61 4.7000E+02 5.09236E-07
0.61 5.1000E+02 3.48603E-07 


0.62 2.5600E+01 5.18882E-04
0.62 2.6600E+01 4.91511E-04
0.62 2.7600E+01 6.08885E-04
0.62 2.8600E+01 8.36216E-04
0.62 2.9600E+01 5.56113E-04
0.62 3.0600E+01 6.84487E-04
0.62 3.1600E+01 6.47812E-04
0.62 3.2600E+01 6.34405E-04
0.62 3.3600E+01 8.95683E-04
0.62 3.4600E+01 8.36826E-04
0.62 4.0000E+01 5.64967E-04
0.62 4.5000E+01 4.38652E-04
0.62 5.0000E+01 4.16107E-04
0.62 5.5000E+01 3.57027E-04
0.62 6.0000E+01 2.53445E-04
0.62 6.5000E+01 2.03095E-04
0.62 7.0000E+01 1.76136E-04
0.62 7.5000E+01 1.48428E-04
0.62 8.0000E+01 1.03954E-04
0.62 8.5000E+01 1.03911E-04
0.62 1.0000E+02 6.71621E-05
0.62 1.1000E+02 4.61734E-05
0.62 1.2000E+02 3.97375E-05
0.62 1.3000E+02 3.34469E-05
0.62 1.4000E+02 2.46547E-05
0.62 1.5000E+02 2.29301E-05
0.62 1.6000E+02 1.87175E-05
0.62 1.7000E+02 1.36134E-05
0.62 1.8000E+02 1.11803E-05
0.62 1.9000E+02 1.01142E-05
0.62 2.1000E+02 7.85835E-06
0.62 2.3000E+02 5.49122E-06
0.62 2.5000E+02 4.10770E-06
0.62 2.7000E+02 3.91335E-06
0.62 2.9000E+02 2.87889E-06
0.62 3.1000E+02 2.14753E-06
0.62 3.3000E+02 1.67502E-06
0.62 3.5000E+02 1.39263E-06
0.62 3.7000E+02 1.22346E-06
0.62 3.9000E+02 1.03656E-06
0.62 4.3000E+02 7.47436E-07
0.62 4.7000E+02 5.42369E-07
0.62 5.1000E+02 3.89242E-07 


0.63 2.5600E+01 5.43300E-04
0.63 2.6600E+01 6.26989E-04
0.63 2.7600E+01 9.18158E-04
0.63 2.8600E+01 8.08784E-04
0.63 2.9600E+01 1.03098E-03
0.63 3.0600E+01 9.28041E-04
0.63 3.1600E+01 7.99403E-04
0.63 3.2600E+01 9.70556E-04
0.63 3.3600E+01 9.79669E-04
0.63 3.4600E+01 6.85623E-04
0.63 4.0000E+01 5.65577E-04
0.63 4.5000E+01 5.00044E-04
0.63 5.0000E+01 3.71068E-04
0.63 5.5000E+01 3.71403E-04
0.63 6.0000E+01 2.33260E-04
0.63 6.5000E+01 1.73321E-04
0.63 7.0000E+01 1.97123E-04
0.63 7.5000E+01 1.39016E-04
0.63 8.0000E+01 1.45184E-04
0.63 8.5000E+01 9.57546E-05
0.63 1.0000E+02 6.55663E-05
0.63 1.1000E+02 5.58281E-05
0.63 1.2000E+02 3.84190E-05
0.63 1.3000E+02 3.49622E-05
0.63 1.4000E+02 2.67529E-05
0.63 1.5000E+02 2.05366E-05
0.63 1.6000E+02 2.14640E-05
0.63 1.7000E+02 1.50531E-05
0.63 1.8000E+02 1.15939E-05
0.63 1.9000E+02 1.00479E-05
0.63 2.1000E+02 8.10413E-06
0.63 2.3000E+02 5.96426E-06
0.63 2.5000E+02 4.15308E-06
0.63 2.7000E+02 4.19256E-06
0.63 2.9000E+02 3.08802E-06
0.63 3.1000E+02 2.31286E-06
0.63 3.3000E+02 1.76357E-06
0.63 3.5000E+02 1.43064E-06
0.63 3.7000E+02 1.22595E-06
0.63 3.9000E+02 1.05837E-06
0.63 4.3000E+02 7.72852E-07
0.63 4.7000E+02 5.73183E-07
0.63 5.1000E+02 4.02821E-07 


0.64 2.5600E+01 6.24794E-04
0.64 2.6600E+01 6.65455E-04
0.64 2.7600E+01 1.05519E-03
0.64 2.8600E+01 6.79142E-04
0.64 2.9600E+01 8.54698E-04
0.64 3.0600E+01 1.12253E-03
0.64 3.1600E+01 1.04502E-03
0.64 3.2600E+01 8.27224E-04
0.64 3.3600E+01 7.23952E-04
0.64 3.4600E+01 8.18826E-04
0.64 4.0000E+01 6.85444E-04
0.64 4.5000E+01 5.95119E-04
0.64 5.0000E+01 3.53822E-04
0.64 5.5000E+01 2.90565E-04
0.64 6.0000E+01 2.43688E-04
0.64 6.5000E+01 2.23728E-04
0.64 7.0000E+01 2.05961E-04
0.64 7.5000E+01 1.48583E-04
0.64 8.0000E+01 1.46457E-04
0.64 8.5000E+01 9.00877E-05
0.64 1.0000E+02 7.06737E-05
0.64 1.1000E+02 6.85861E-05
0.64 1.2000E+02 3.80276E-05
0.64 1.3000E+02 3.54730E-05
0.64 1.4000E+02 2.89002E-05
0.64 1.5000E+02 2.13697E-05
0.64 1.6000E+02 2.12396E-05
0.64 1.7000E+02 1.69878E-05
0.64 1.8000E+02 1.25050E-05
0.64 1.9000E+02 1.01886E-05
0.64 2.1000E+02 8.27671E-06
0.64 2.3000E+02 6.36703E-06
0.64 2.5000E+02 4.47112E-06
0.64 2.7000E+02 3.63763E-06
0.64 2.9000E+02 3.33478E-06
0.64 3.1000E+02 2.50031E-06
0.64 3.3000E+02 1.89968E-06
0.64 3.5000E+02 1.49449E-06
0.64 3.7000E+02 1.25899E-06
0.64 3.9000E+02 1.07758E-06
0.64 4.3000E+02 8.07591E-07
0.64 4.7000E+02 5.97537E-07
0.64 5.1000E+02 4.48006E-07 


0.65 2.5600E+01 6.80360E-04
0.65 2.6600E+01 5.87483E-04
0.65 2.7600E+01 8.20320E-04
0.65 2.8600E+01 8.73139E-04
0.65 2.9600E+01 6.98441E-04
0.65 3.0600E+01 9.58857E-04
0.65 3.1600E+01 8.21272E-04
0.65 3.2600E+01 7.11294E-04
0.65 3.3600E+01 7.54990E-04
0.65 3.4600E+01 1.03092E-03
0.65 4.0000E+01 8.24683E-04
0.65 4.5000E+01 5.90964E-04
0.65 5.0000E+01 4.17463E-04
0.65 5.5000E+01 3.16303E-04
0.65 6.0000E+01 2.76540E-04
0.65 6.5000E+01 2.55457E-04
0.65 7.0000E+01 1.94552E-04
0.65 7.5000E+01 1.68879E-04
0.65 8.0000E+01 1.33165E-04
0.65 8.5000E+01 1.12015E-04
0.65 1.0000E+02 7.77191E-05
0.65 1.1000E+02 6.17043E-05
0.65 1.2000E+02 4.04640E-05
0.65 1.3000E+02 3.49352E-05
0.65 1.4000E+02 3.05658E-05
0.65 1.5000E+02 2.32826E-05
0.65 1.6000E+02 1.85260E-05
0.65 1.7000E+02 1.95186E-05
0.65 1.8000E+02 1.38443E-05
0.65 1.9000E+02 1.06719E-05
0.65 2.1000E+02 8.33309E-06
0.65 2.3000E+02 6.64324E-06
0.65 2.5000E+02 4.82097E-06
0.65 2.7000E+02 3.48042E-06
0.65 2.9000E+02 3.59186E-06
0.65 3.1000E+02 2.68696E-06
0.65 3.3000E+02 2.04310E-06
0.65 3.5000E+02 1.57730E-06
0.65 3.7000E+02 1.29092E-06
0.65 3.9000E+02 1.06590E-06
0.65 4.3000E+02 8.55662E-07
0.65 4.7000E+02 6.21013E-07
0.65 5.1000E+02 4.71561E-07 


