0.40 2.5600E+01   NaN
0.40 2.6600E+01   NaN
0.40 2.7600E+01   NaN
0.40 2.8600E+01   NaN
0.40 2.9600E+01   NaN
0.40 3.0600E+01   NaN
0.40 3.1600E+01   NaN
0.40 3.2600E+01   NaN
0.40 3.3600E+01   NaN
0.40 3.4600E+01   NaN
0.40 4.0000E+01   NaN
0.40 4.5000E+01   NaN
0.40 5.0000E+01   NaN
0.40 5.5000E+01   NaN
0.40 6.0000E+01   NaN
0.40 6.5000E+01 1.41710E-05
0.40 7.0000E+01 9.14245E-06
0.40 7.5000E+01 1.57217E-06
0.40 8.0000E+01 2.30156E-06
0.40 8.5000E+01 1.79395E-06
0.40 1.0000E+02 2.88323E-06
0.40 1.1000E+02 7.10225E-08
0.40 1.2000E+02 9.76306E-07
0.40 1.3000E+02 9.20327E-07
0.40 1.4000E+02 2.23159E-08
0.40 1.5000E+02 8.06705E-07
0.40 1.6000E+02 3.62340E-07
0.40 1.7000E+02 9.93565E-08
0.40 1.8000E+02 1.06527E-06
0.40 1.9000E+02 8.70010E-08
0.40 2.1000E+02 1.60007E-07
0.40 2.3000E+02 1.46081E-08
0.40 2.5000E+02 1.67688E-08
0.40 2.7000E+02 1.76223E-08
0.40 2.9000E+02 1.99625E-08
0.40 3.1000E+02 1.11451E-08
0.40 3.3000E+02 1.64687E-08
0.40 3.5000E+02 1.26147E-08
0.40 3.7000E+02 2.51509E-08
0.40 3.9000E+02 6.34133E-09
0.40 4.3000E+02 3.83745E-09
0.40 4.7000E+02 1.68250E-09
0.40 5.1000E+02 2.26970E-09 


0.41 2.5600E+01   NaN
0.41 2.6600E+01   NaN
0.41 2.7600E+01   NaN
0.41 2.8600E+01   NaN
0.41 2.9600E+01   NaN
0.41 3.0600E+01   NaN
0.41 3.1600E+01   NaN
0.41 3.2600E+01   NaN
0.41 3.3600E+01   NaN
0.41 3.4600E+01   NaN
0.41 4.0000E+01   NaN
0.41 4.5000E+01   NaN
0.41 5.0000E+01   NaN
0.41 5.5000E+01   NaN
0.41 6.0000E+01   NaN
0.41 6.5000E+01 4.80386E-05
0.41 7.0000E+01 5.04185E-06
0.41 7.5000E+01 1.68567E-05
0.41 8.0000E+01 1.89866E-06
0.41 8.5000E+01 1.34043E-06
0.41 1.0000E+02 3.95683E-07
0.41 1.1000E+02 3.71217E-06
0.41 1.2000E+02 5.92466E-06
0.41 1.3000E+02 5.99697E-07
0.41 1.4000E+02 1.56984E-06
0.41 1.5000E+02 8.76480E-08
0.41 1.6000E+02 8.98503E-08
0.41 1.7000E+02 2.41441E-07
0.41 1.8000E+02 1.47148E-07
0.41 1.9000E+02 2.72173E-06
0.41 2.1000E+02 6.74955E-07
0.41 2.3000E+02 4.14110E-07
0.41 2.5000E+02 1.84082E-08
0.41 2.7000E+02 1.64366E-08
0.41 2.9000E+02 1.79729E-08
0.41 3.1000E+02 1.32008E-08
0.41 3.3000E+02 1.07242E-08
0.41 3.5000E+02 3.94039E-09
0.41 3.7000E+02 6.79324E-09
0.41 3.9000E+02 5.78388E-09
0.41 4.3000E+02 3.61401E-09
0.41 4.7000E+02 2.70751E-09
0.41 5.1000E+02 1.80391E-09 


0.42 2.5600E+01   NaN
0.42 2.6600E+01   NaN
0.42 2.7600E+01   NaN
0.42 2.8600E+01   NaN
0.42 2.9600E+01   NaN
0.42 3.0600E+01   NaN
0.42 3.1600E+01   NaN
0.42 3.2600E+01   NaN
0.42 3.3600E+01   NaN
0.42 3.4600E+01   NaN
0.42 4.0000E+01   NaN
0.42 4.5000E+01   NaN
0.42 5.0000E+01   NaN
0.42 5.5000E+01   NaN
0.42 6.0000E+01   NaN
0.42 6.5000E+01 7.12556E-06
0.42 7.0000E+01 2.69980E-05
0.42 7.5000E+01 3.29987E-06
0.42 8.0000E+01 5.51672E-07
0.42 8.5000E+01 9.25777E-07
0.42 1.0000E+02 4.31941E-08
0.42 1.1000E+02 4.63411E-07
0.42 1.2000E+02 6.19292E-07
0.42 1.3000E+02 1.32083E-07
0.42 1.4000E+02 1.03186E-07
0.42 1.5000E+02 8.43277E-08
0.42 1.6000E+02 5.90829E-08
0.42 1.7000E+02 6.53993E-08
0.42 1.8000E+02 9.17807E-08
0.42 1.9000E+02 5.29347E-08
0.42 2.1000E+02 2.32116E-09
0.42 2.3000E+02 1.65340E-07
0.42 2.5000E+02 1.05733E-07
0.42 2.7000E+02 1.61654E-08
0.42 2.9000E+02 6.72220E-09
0.42 3.1000E+02 1.42455E-08
0.42 3.3000E+02 9.68470E-09
0.42 3.5000E+02 1.09413E-08
0.42 3.7000E+02 1.01632E-08
0.42 3.9000E+02 6.70000E-08
0.42 4.3000E+02 3.91229E-09
0.42 4.7000E+02 2.22654E-09
0.42 5.1000E+02 2.18032E-09 


0.43 2.5600E+01   NaN
0.43 2.6600E+01   NaN
0.43 2.7600E+01   NaN
0.43 2.8600E+01   NaN
0.43 2.9600E+01   NaN
0.43 3.0600E+01   NaN
0.43 3.1600E+01   NaN
0.43 3.2600E+01   NaN
0.43 3.3600E+01   NaN
0.43 3.4600E+01   NaN
0.43 4.0000E+01   NaN
0.43 4.5000E+01   NaN
0.43 5.0000E+01   NaN
0.43 5.5000E+01   NaN
0.43 6.0000E+01   NaN
0.43 6.5000E+01   NaN
0.43 7.0000E+01 6.77182E-07
0.43 7.5000E+01 4.30316E-07
0.43 8.0000E+01 9.96332E-06
0.43 8.5000E+01 5.19961E-07
0.43 1.0000E+02 9.80307E-07
0.43 1.1000E+02 5.16269E-07
0.43 1.2000E+02 3.07202E-07
0.43 1.3000E+02 2.07053E-07
0.43 1.4000E+02 1.48863E-07
0.43 1.5000E+02 5.56573E-07
0.43 1.6000E+02 1.50460E-08
0.43 1.7000E+02 5.13821E-08
0.43 1.8000E+02 4.56476E-08
0.43 1.9000E+02 4.19405E-08
0.43 2.1000E+02 4.05790E-08
0.43 2.3000E+02 8.12830E-09
0.43 2.5000E+02 5.87494E-08
0.43 2.7000E+02 2.02202E-08
0.43 2.9000E+02 1.02774E-08
0.43 3.1000E+02 1.25279E-08
0.43 3.3000E+02 9.36539E-09
0.43 3.5000E+02 1.65282E-08
0.43 3.7000E+02 7.79556E-09
0.43 3.9000E+02 6.74742E-09
0.43 4.3000E+02 4.98802E-07
0.43 4.7000E+02 2.90481E-09
0.43 5.1000E+02 8.95049E-10 


0.44 2.5600E+01   NaN
0.44 2.6600E+01   NaN
0.44 2.7600E+01   NaN
0.44 2.8600E+01   NaN
0.44 2.9600E+01   NaN
0.44 3.0600E+01   NaN
0.44 3.1600E+01   NaN
0.44 3.2600E+01   NaN
0.44 3.3600E+01   NaN
0.44 3.4600E+01   NaN
0.44 4.0000E+01   NaN
0.44 4.5000E+01   NaN
0.44 5.0000E+01   NaN
0.44 5.5000E+01   NaN
0.44 6.0000E+01   NaN
0.44 6.5000E+01   NaN
0.44 7.0000E+01 1.97095E-06
0.44 7.5000E+01 9.18774E-07
0.44 8.0000E+01 3.60382E-06
0.44 8.5000E+01 2.93910E-07
0.44 1.0000E+02 1.98460E-07
0.44 1.1000E+02 1.97515E-07
0.44 1.2000E+02 1.09347E-07
0.44 1.3000E+02 9.56001E-06
0.44 1.4000E+02 4.29906E-08
0.44 1.5000E+02 1.19929E-07
0.44 1.6000E+02 8.93331E-08
0.44 1.7000E+02 2.99785E-08
0.44 1.8000E+02 4.47170E-08
0.44 1.9000E+02 4.75359E-08
0.44 2.1000E+02 3.29544E-08
0.44 2.3000E+02 5.29776E-09
0.44 2.5000E+02 1.59191E-08
0.44 2.7000E+02 1.02287E-08
0.44 2.9000E+02 1.24414E-08
0.44 3.1000E+02 1.90726E-08
0.44 3.3000E+02 8.94389E-09
0.44 3.5000E+02 1.11626E-08
0.44 3.7000E+02 8.56723E-09
0.44 3.9000E+02 6.23652E-09
0.44 4.3000E+02 1.09565E-08
0.44 4.7000E+02 3.12937E-09
0.44 5.1000E+02 1.93846E-09 


0.45 2.5600E+01   NaN
0.45 2.6600E+01   NaN
0.45 2.7600E+01   NaN
0.45 2.8600E+01   NaN
0.45 2.9600E+01   NaN
0.45 3.0600E+01   NaN
0.45 3.1600E+01   NaN
0.45 3.2600E+01   NaN
0.45 3.3600E+01   NaN
0.45 3.4600E+01   NaN
0.45 4.0000E+01   NaN
0.45 4.5000E+01   NaN
0.45 5.0000E+01   NaN
0.45 5.5000E+01   NaN
0.45 6.0000E+01   NaN
0.45 6.5000E+01   NaN
0.45 7.0000E+01 2.09456E-06
0.45 7.5000E+01 8.99428E-07
0.45 8.0000E+01 4.31567E-07
0.45 8.5000E+01 8.25827E-07
0.45 1.0000E+02 1.29559E-09
0.45 1.1000E+02 1.25309E-07
0.45 1.2000E+02 2.04109E-07
0.45 1.3000E+02 2.07525E-07
0.45 1.4000E+02 4.87360E-08
0.45 1.5000E+02 6.59868E-08
0.45 1.6000E+02 9.81581E-08
0.45 1.7000E+02 9.58408E-09
0.45 1.8000E+02 3.08643E-08
0.45 1.9000E+02 3.40855E-08
0.45 2.1000E+02 2.63765E-08
0.45 2.3000E+02 1.66692E-08
0.45 2.5000E+02 3.44909E-08
0.45 2.7000E+02 1.91719E-06
0.45 2.9000E+02 3.13006E-09
0.45 3.1000E+02 1.14938E-08
0.45 3.3000E+02 1.02302E-08
0.45 3.5000E+02 5.43277E-09
0.45 3.7000E+02 1.14253E-08
0.45 3.9000E+02 6.55885E-09
0.45 4.3000E+02 1.84796E-09
0.45 4.7000E+02 6.03859E-09
0.45 5.1000E+02 1.39278E-08 


0.46 2.5600E+01   NaN
0.46 2.6600E+01   NaN
0.46 2.7600E+01   NaN
0.46 2.8600E+01   NaN
0.46 2.9600E+01   NaN
0.46 3.0600E+01   NaN
0.46 3.1600E+01   NaN
0.46 3.2600E+01   NaN
0.46 3.3600E+01   NaN
0.46 3.4600E+01   NaN
0.46 4.0000E+01   NaN
0.46 4.5000E+01   NaN
0.46 5.0000E+01   NaN
0.46 5.5000E+01   NaN
0.46 6.0000E+01   NaN
0.46 6.5000E+01   NaN
0.46 7.0000E+01 4.36967E-07
0.46 7.5000E+01 1.23697E-06
0.46 8.0000E+01 9.90007E-07
0.46 8.5000E+01 1.17621E-06
0.46 1.0000E+02 2.24220E-07
0.46 1.1000E+02 1.22293E-07
0.46 1.2000E+02 1.87440E-07
0.46 1.3000E+02 9.06733E-08
0.46 1.4000E+02 2.99479E-07
0.46 1.5000E+02 1.59879E-07
0.46 1.6000E+02 4.96383E-08
0.46 1.7000E+02 9.61646E-08
0.46 1.8000E+02 2.48825E-09
0.46 1.9000E+02 1.42130E-07
0.46 2.1000E+02 4.74303E-10
0.46 2.3000E+02 5.63689E-10
0.46 2.5000E+02 4.54243E-09
0.46 2.7000E+02 1.00545E-08
0.46 2.9000E+02 9.12135E-08
0.46 3.1000E+02 4.46475E-07
0.46 3.3000E+02 3.68831E-10
0.46 3.5000E+02 6.96931E-10
0.46 3.7000E+02 7.18746E-09
0.46 3.9000E+02 6.64599E-10
0.46 4.3000E+02 4.53185E-10
0.46 4.7000E+02 1.43680E-09
0.46 5.1000E+02 4.66419E-10 


0.47 2.5600E+01   NaN
0.47 2.6600E+01   NaN
0.47 2.7600E+01   NaN
0.47 2.8600E+01   NaN
0.47 2.9600E+01   NaN
0.47 3.0600E+01   NaN
0.47 3.1600E+01   NaN
0.47 3.2600E+01   NaN
0.47 3.3600E+01   NaN
0.47 3.4600E+01   NaN
0.47 4.0000E+01   NaN
0.47 4.5000E+01   NaN
0.47 5.0000E+01   NaN
0.47 5.5000E+01   NaN
0.47 6.0000E+01   NaN
0.47 6.5000E+01   NaN
0.47 7.0000E+01 5.93747E-06
0.47 7.5000E+01 1.22975E-06
0.47 8.0000E+01 2.59378E-07
0.47 8.5000E+01 7.59810E-07
0.47 1.0000E+02 3.28624E-07
0.47 1.1000E+02 6.09848E-07
0.47 1.2000E+02 3.19587E-07
0.47 1.3000E+02 3.14371E-07
0.47 1.4000E+02 2.72202E-07
0.47 1.5000E+02 4.08718E-07
0.47 1.6000E+02 2.05277E-07
0.47 1.7000E+02 1.03884E-07
0.47 1.8000E+02 7.83615E-07
0.47 1.9000E+02 2.20635E-07
0.47 2.1000E+02 1.16513E-07
0.47 2.3000E+02 8.55919E-08
0.47 2.5000E+02 6.97011E-08
0.47 2.7000E+02 4.59520E-08
0.47 2.9000E+02 4.25003E-08
0.47 3.1000E+02 7.10642E-08
0.47 3.3000E+02 3.08596E-08
0.47 3.5000E+02 2.54753E-08
0.47 3.7000E+02 1.92462E-08
0.47 3.9000E+02 1.34047E-08
0.47 4.3000E+02 8.73843E-09
0.47 4.7000E+02 2.18055E-08
0.47 5.1000E+02 5.77484E-09 


0.48 2.5600E+01   NaN
0.48 2.6600E+01   NaN
0.48 2.7600E+01   NaN
0.48 2.8600E+01   NaN
0.48 2.9600E+01   NaN
0.48 3.0600E+01   NaN
0.48 3.1600E+01   NaN
0.48 3.2600E+01   NaN
0.48 3.3600E+01   NaN
0.48 3.4600E+01   NaN
0.48 4.0000E+01   NaN
0.48 4.5000E+01   NaN
0.48 5.0000E+01   NaN
0.48 5.5000E+01   NaN
0.48 6.0000E+01   NaN
0.48 6.5000E+01   NaN
0.48 7.0000E+01 2.53971E-06
0.48 7.5000E+01 1.37609E-06
0.48 8.0000E+01 3.46481E-07
0.48 8.5000E+01 2.55725E-07
0.48 1.0000E+02 3.90286E-07
0.48 1.1000E+02 2.43229E-07
0.48 1.2000E+02 1.51235E-06
0.48 1.3000E+02 1.73953E-07
0.48 1.4000E+02 7.61565E-08
0.48 1.5000E+02 2.44721E-07
0.48 1.6000E+02 5.29769E-07
0.48 1.7000E+02 1.06060E-07
0.48 1.8000E+02 6.45992E-07
0.48 1.9000E+02 1.75622E-07
0.48 2.1000E+02 6.83950E-08
0.48 2.3000E+02 5.03915E-08
0.48 2.5000E+02 4.73310E-08
0.48 2.7000E+02 3.41852E-08
0.48 2.9000E+02 1.52897E-08
0.48 3.1000E+02 2.38285E-08
0.48 3.3000E+02 2.08110E-08
0.48 3.5000E+02 2.42750E-08
0.48 3.7000E+02 2.25427E-08
0.48 3.9000E+02 1.85069E-08
0.48 4.3000E+02 5.86072E-10
0.48 4.7000E+02 3.27557E-09
0.48 5.1000E+02 4.31731E-09 


0.49 2.5600E+01   NaN
0.49 2.6600E+01   NaN
0.49 2.7600E+01   NaN
0.49 2.8600E+01   NaN
0.49 2.9600E+01   NaN
0.49 3.0600E+01   NaN
0.49 3.1600E+01   NaN
0.49 3.2600E+01   NaN
0.49 3.3600E+01   NaN
0.49 3.4600E+01   NaN
0.49 4.0000E+01   NaN
0.49 4.5000E+01   NaN
0.49 5.0000E+01   NaN
0.49 5.5000E+01   NaN
0.49 6.0000E+01   NaN
0.49 6.5000E+01   NaN
0.49 7.0000E+01 1.97090E-06
0.49 7.5000E+01 2.99348E-06
0.49 8.0000E+01 1.15925E-06
0.49 8.5000E+01 9.87163E-07
0.49 1.0000E+02 5.87680E-07
0.49 1.1000E+02 2.52630E-07
0.49 1.2000E+02 4.28996E-07
0.49 1.3000E+02 1.78054E-07
0.49 1.4000E+02 9.42877E-08
0.49 1.5000E+02 1.19389E-07
0.49 1.6000E+02 2.74540E-07
0.49 1.7000E+02 8.93248E-08
0.49 1.8000E+02 5.18621E-08
0.49 1.9000E+02 1.29062E-07
0.49 2.1000E+02 6.69071E-08
0.49 2.3000E+02 4.32771E-08
0.49 2.5000E+02 6.35159E-08
0.49 2.7000E+02 3.08986E-08
0.49 2.9000E+02 1.80433E-08
0.49 3.1000E+02 2.70014E-08
0.49 3.3000E+02 2.23637E-08
0.49 3.5000E+02 6.08435E-08
0.49 3.7000E+02 1.31600E-08
0.49 3.9000E+02 1.70390E-07
0.49 4.3000E+02 7.93716E-09
0.49 4.7000E+02 5.05139E-09
0.49 5.1000E+02 4.54883E-09 


0.50 2.5600E+01   NaN
0.50 2.6600E+01   NaN
0.50 2.7600E+01   NaN
0.50 2.8600E+01   NaN
0.50 2.9600E+01   NaN
0.50 3.0600E+01   NaN
0.50 3.1600E+01   NaN
0.50 3.2600E+01   NaN
0.50 3.3600E+01   NaN
0.50 3.4600E+01   NaN
0.50 4.0000E+01   NaN
0.50 4.5000E+01   NaN
0.50 5.0000E+01   NaN
0.50 5.5000E+01   NaN
0.50 6.0000E+01   NaN
0.50 6.5000E+01   NaN
0.50 7.0000E+01 1.08879E-06
0.50 7.5000E+01 9.80868E-07
0.50 8.0000E+01 1.55946E-06
0.50 8.5000E+01 5.22583E-07
0.50 1.0000E+02 5.41919E-07
0.50 1.1000E+02 4.02184E-07
0.50 1.2000E+02 3.74722E-07
0.50 1.3000E+02 2.09892E-07
0.50 1.4000E+02 2.24348E-07
0.50 1.5000E+02 6.20468E-08
0.50 1.6000E+02 1.79476E-07
0.50 1.7000E+02 1.56588E-07
0.50 1.8000E+02 4.88266E-08
0.50 1.9000E+02 5.56252E-08
0.50 2.1000E+02 8.33270E-08
0.50 2.3000E+02 1.67857E-07
0.50 2.5000E+02 3.57416E-08
0.50 2.7000E+02 3.40106E-08
0.50 2.9000E+02 1.54471E-08
0.50 3.1000E+02 3.37340E-08
0.50 3.3000E+02 1.57107E-08
0.50 3.5000E+02 2.80178E-08
0.50 3.7000E+02 2.36376E-08
0.50 3.9000E+02 1.51278E-08
0.50 4.3000E+02 7.86952E-09
0.50 4.7000E+02 4.47745E-09
0.50 5.1000E+02 3.06126E-09 


0.51 2.5600E+01   NaN
0.51 2.6600E+01   NaN
0.51 2.7600E+01   NaN
0.51 2.8600E+01   NaN
0.51 2.9600E+01   NaN
0.51 3.0600E+01   NaN
0.51 3.1600E+01   NaN
0.51 3.2600E+01   NaN
0.51 3.3600E+01   NaN
0.51 3.4600E+01   NaN
0.51 4.0000E+01   NaN
0.51 4.5000E+01   NaN
0.51 5.0000E+01   NaN
0.51 5.5000E+01   NaN
0.51 6.0000E+01   NaN
0.51 6.5000E+01   NaN
0.51 7.0000E+01 9.04408E-07
0.51 7.5000E+01 4.89360E-07
0.51 8.0000E+01 9.03145E-07
0.51 8.5000E+01 9.79038E-07
0.51 1.0000E+02 6.70144E-07
0.51 1.1000E+02 2.70356E-07
0.51 1.2000E+02 2.15143E-07
0.51 1.3000E+02 2.79902E-07
0.51 1.4000E+02 5.34594E-07
0.51 1.5000E+02 5.22660E-08
0.51 1.6000E+02 1.08370E-07
0.51 1.7000E+02 1.67256E-07
0.51 1.8000E+02 9.84432E-08
0.51 1.9000E+02 4.61558E-08
0.51 2.1000E+02 1.07405E-07
0.51 2.3000E+02 4.47350E-08
0.51 2.5000E+02 3.08573E-08
0.51 2.7000E+02 3.21835E-08
0.51 2.9000E+02 2.58241E-08
0.51 3.1000E+02 2.03133E-08
0.51 3.3000E+02 7.38737E-09
0.51 3.5000E+02 1.24273E-08
0.51 3.7000E+02 2.43331E-08
0.51 3.9000E+02 1.91834E-08
0.51 4.3000E+02 5.95924E-09
0.51 4.7000E+02 5.19767E-09
0.51 5.1000E+02 4.02976E-09 


0.52 2.5600E+01   NaN
0.52 2.6600E+01   NaN
0.52 2.7600E+01   NaN
0.52 2.8600E+01   NaN
0.52 2.9600E+01   NaN
0.52 3.0600E+01   NaN
0.52 3.1600E+01   NaN
0.52 3.2600E+01   NaN
0.52 3.3600E+01   NaN
0.52 3.4600E+01   NaN
0.52 4.0000E+01   NaN
0.52 4.5000E+01   NaN
0.52 5.0000E+01   NaN
0.52 5.5000E+01   NaN
0.52 6.0000E+01   NaN
0.52 6.5000E+01   NaN
0.52 7.0000E+01 7.96708E-07
0.52 7.5000E+01 1.56512E-06
0.52 8.0000E+01 2.71817E-07
0.52 8.5000E+01 1.38381E-06
0.52 1.0000E+02 1.00226E-07
0.52 1.1000E+02 1.42881E-06
0.52 1.2000E+02 9.48183E-08
0.52 1.3000E+02 3.13944E-07
0.52 1.4000E+02 1.81061E-07
0.52 1.5000E+02 1.13864E-07
0.52 1.6000E+02 5.52410E-08
0.52 1.7000E+02 1.32306E-07
0.52 1.8000E+02 1.86413E-07
0.52 1.9000E+02 6.45199E-08
0.52 2.1000E+02 1.23877E-07
0.52 2.3000E+02 4.51799E-08
0.52 2.5000E+02 3.11318E-08
0.52 2.7000E+02 2.78502E-08
0.52 2.9000E+02 2.73797E-08
0.52 3.1000E+02 1.73148E-08
0.52 3.3000E+02 1.25264E-08
0.52 3.5000E+02 9.62802E-09
0.52 3.7000E+02 1.06786E-08
0.52 3.9000E+02 2.11973E-08
0.52 4.3000E+02 9.90936E-09
0.52 4.7000E+02 4.96990E-09
0.52 5.1000E+02 2.45945E-09 


0.53 2.5600E+01   NaN
0.53 2.6600E+01   NaN
0.53 2.7600E+01   NaN
0.53 2.8600E+01   NaN
0.53 2.9600E+01   NaN
0.53 3.0600E+01   NaN
0.53 3.1600E+01   NaN
0.53 3.2600E+01   NaN
0.53 3.3600E+01   NaN
0.53 3.4600E+01   NaN
0.53 4.0000E+01   NaN
0.53 4.5000E+01   NaN
0.53 5.0000E+01   NaN
0.53 5.5000E+01   NaN
0.53 6.0000E+01   NaN
0.53 6.5000E+01   NaN
0.53 7.0000E+01 5.65097E-07
0.53 7.5000E+01 1.95764E-06
0.53 8.0000E+01 4.32895E-07
0.53 8.5000E+01 2.19632E-06
0.53 1.0000E+02 4.33892E-07
0.53 1.1000E+02 6.05338E-07
0.53 1.2000E+02 3.77285E-08
0.53 1.3000E+02 2.81735E-07
0.53 1.4000E+02 1.69616E-07
0.53 1.5000E+02 3.90824E-07
0.53 1.6000E+02 2.95378E-08
0.53 1.7000E+02 7.09239E-08
0.53 1.8000E+02 1.27421E-07
0.53 1.9000E+02 1.09850E-07
0.53 2.1000E+02 3.75390E-08
0.53 2.3000E+02 5.55865E-08
0.53 2.5000E+02 2.95092E-08
0.53 2.7000E+02 3.03855E-08
0.53 2.9000E+02 2.55132E-08
0.53 3.1000E+02 2.15128E-08
0.53 3.3000E+02 1.23973E-08
0.53 3.5000E+02 8.54169E-09
0.53 3.7000E+02 1.00661E-08
0.53 3.9000E+02 1.43755E-08
0.53 4.3000E+02 1.08488E-08
0.53 4.7000E+02 6.24221E-09
0.53 5.1000E+02 3.24166E-09 


0.54 2.5600E+01   NaN
0.54 2.6600E+01   NaN
0.54 2.7600E+01   NaN
0.54 2.8600E+01   NaN
0.54 2.9600E+01   NaN
0.54 3.0600E+01   NaN
0.54 3.1600E+01   NaN
0.54 3.2600E+01   NaN
0.54 3.3600E+01   NaN
0.54 3.4600E+01   NaN
0.54 4.0000E+01   NaN
0.54 4.5000E+01   NaN
0.54 5.0000E+01   NaN
0.54 5.5000E+01   NaN
0.54 6.0000E+01   NaN
0.54 6.5000E+01   NaN
0.54 7.0000E+01 3.53245E-07
0.54 7.5000E+01 1.29427E-06
0.54 8.0000E+01 2.24028E-06
0.54 8.5000E+01 1.60591E-07
0.54 1.0000E+02 3.62726E-07
0.54 1.1000E+02 4.66867E-07
0.54 1.2000E+02 9.65578E-07
0.54 1.3000E+02 1.39962E-07
0.54 1.4000E+02 1.61853E-07
0.54 1.5000E+02 2.22603E-07
0.54 1.6000E+02 5.77190E-08
0.54 1.7000E+02 1.70170E-08
0.54 1.8000E+02 6.01783E-08
0.54 1.9000E+02 1.07183E-07
0.54 2.1000E+02 1.83593E-08
0.54 2.3000E+02 5.87611E-08
0.54 2.5000E+02 2.57463E-08
0.54 2.7000E+02 1.52637E-08
0.54 2.9000E+02 1.69154E-08
0.54 3.1000E+02 1.65854E-08
0.54 3.3000E+02 1.17996E-08
0.54 3.5000E+02 3.35392E-09
0.54 3.7000E+02 6.12635E-09
0.54 3.9000E+02 5.42189E-09
0.54 4.3000E+02 1.61606E-08
0.54 4.7000E+02 5.74204E-09
0.54 5.1000E+02 3.42228E-09 


0.55 2.5600E+01   NaN
0.55 2.6600E+01   NaN
0.55 2.7600E+01   NaN
0.55 2.8600E+01   NaN
0.55 2.9600E+01   NaN
0.55 3.0600E+01   NaN
0.55 3.1600E+01   NaN
0.55 3.2600E+01   NaN
0.55 3.3600E+01   NaN
0.55 3.4600E+01   NaN
0.55 4.0000E+01   NaN
0.55 4.5000E+01   NaN
0.55 5.0000E+01   NaN
0.55 5.5000E+01   NaN
0.55 6.0000E+01   NaN
0.55 6.5000E+01   NaN
0.55 7.0000E+01 7.11234E-07
0.55 7.5000E+01 9.98653E-07
0.55 8.0000E+01 1.45432E-06
0.55 8.5000E+01 2.19007E-06
0.55 1.0000E+02 1.38895E-07
0.55 1.1000E+02 1.43933E-07
0.55 1.2000E+02 4.26792E-07
0.55 1.3000E+02 4.06960E-07
0.55 1.4000E+02 5.58429E-07
0.55 1.5000E+02 3.65619E-07
0.55 1.6000E+02 6.69625E-07
0.55 1.7000E+02 5.36740E-07
0.55 1.8000E+02 2.88325E-07
0.55 1.9000E+02 1.49197E-08
0.55 2.1000E+02 1.67146E-07
0.55 2.3000E+02 2.79329E-08
0.55 2.5000E+02 1.31280E-08
0.55 2.7000E+02 8.71528E-09
0.55 2.9000E+02 7.11529E-09
0.55 3.1000E+02 1.07638E-08
0.55 3.3000E+02 1.06412E-08
0.55 3.5000E+02 1.80871E-08
0.55 3.7000E+02 7.38297E-09
0.55 3.9000E+02 2.41851E-09
0.55 4.3000E+02 3.01427E-09
0.55 4.7000E+02 3.80147E-09
0.55 5.1000E+02 3.01949E-09 


0.56 2.5600E+01   NaN
0.56 2.6600E+01   NaN
0.56 2.7600E+01   NaN
0.56 2.8600E+01   NaN
0.56 2.9600E+01   NaN
0.56 3.0600E+01   NaN
0.56 3.1600E+01   NaN
0.56 3.2600E+01   NaN
0.56 3.3600E+01   NaN
0.56 3.4600E+01   NaN
0.56 4.0000E+01   NaN
0.56 4.5000E+01   NaN
0.56 5.0000E+01   NaN
0.56 5.5000E+01   NaN
0.56 6.0000E+01   NaN
0.56 6.5000E+01   NaN
0.56 7.0000E+01 1.04434E-07
0.56 7.5000E+01 1.63777E-06
0.56 8.0000E+01 1.14826E-06
0.56 8.5000E+01 1.48137E-07
0.56 1.0000E+02 1.14891E-06
0.56 1.1000E+02 1.42590E-06
0.56 1.2000E+02 7.54947E-07
0.56 1.3000E+02 1.60261E-06
0.56 1.4000E+02 5.25873E-07
0.56 1.5000E+02 6.90131E-07
0.56 1.6000E+02 2.09972E-07
0.56 1.7000E+02 7.99320E-07
0.56 1.8000E+02 7.60341E-07
0.56 1.9000E+02 4.33285E-07
0.56 2.1000E+02 2.82480E-07
0.56 2.3000E+02 2.66939E-07
0.56 2.5000E+02 1.40004E-07
0.56 2.7000E+02 1.27707E-07
0.56 2.9000E+02 9.92158E-08
0.56 3.1000E+02 7.63878E-08
0.56 3.3000E+02 5.82205E-08
0.56 3.5000E+02 4.99608E-08
0.56 3.7000E+02 5.08162E-08
0.56 3.9000E+02 4.68955E-08
0.56 4.3000E+02 2.52040E-08
0.56 4.7000E+02 1.51379E-08
0.56 5.1000E+02 1.49429E-08 


0.57 2.5600E+01   NaN
0.57 2.6600E+01   NaN
0.57 2.7600E+01   NaN
0.57 2.8600E+01   NaN
0.57 2.9600E+01   NaN
0.57 3.0600E+01   NaN
0.57 3.1600E+01   NaN
0.57 3.2600E+01   NaN
0.57 3.3600E+01   NaN
0.57 3.4600E+01   NaN
0.57 4.0000E+01   NaN
0.57 4.5000E+01   NaN
0.57 5.0000E+01   NaN
0.57 5.5000E+01   NaN
0.57 6.0000E+01   NaN
0.57 6.5000E+01   NaN
0.57 7.0000E+01 9.78177E-07
0.57 7.5000E+01 1.32950E-06
0.57 8.0000E+01 1.92098E-06
0.57 8.5000E+01 8.48489E-07
0.57 1.0000E+02 4.50469E-07
0.57 1.1000E+02 1.49665E-06
0.57 1.2000E+02 7.18768E-07
0.57 1.3000E+02 1.38938E-06
0.57 1.4000E+02 4.43003E-07
0.57 1.5000E+02 3.81817E-07
0.57 1.6000E+02 1.91923E-07
0.57 1.7000E+02 3.69196E-07
0.57 1.8000E+02 4.33918E-07
0.57 1.9000E+02 3.07781E-07
0.57 2.1000E+02 8.98146E-08
0.57 2.3000E+02 1.75830E-07
0.57 2.5000E+02 5.77663E-08
0.57 2.7000E+02 9.31882E-08
0.57 2.9000E+02 5.91798E-08
0.57 3.1000E+02 5.12772E-08
0.57 3.3000E+02 4.92713E-08
0.57 3.5000E+02 2.41257E-08
0.57 3.7000E+02 2.68523E-08
0.57 3.9000E+02 2.77498E-08
0.57 4.3000E+02 2.43929E-08
0.57 4.7000E+02 2.42437E-09
0.57 5.1000E+02 7.36225E-09 


0.58 2.5600E+01   NaN
0.58 2.6600E+01   NaN
0.58 2.7600E+01   NaN
0.58 2.8600E+01   NaN
0.58 2.9600E+01   NaN
0.58 3.0600E+01   NaN
0.58 3.1600E+01   NaN
0.58 3.2600E+01   NaN
0.58 3.3600E+01   NaN
0.58 3.4600E+01   NaN
0.58 4.0000E+01   NaN
0.58 4.5000E+01   NaN
0.58 5.0000E+01   NaN
0.58 5.5000E+01   NaN
0.58 6.0000E+01   NaN
0.58 6.5000E+01   NaN
0.58 7.0000E+01 2.15698E-06
0.58 7.5000E+01 7.05403E-07
0.58 8.0000E+01 2.16045E-06
0.58 8.5000E+01 2.04479E-06
0.58 1.0000E+02 5.48264E-07
0.58 1.1000E+02 1.13007E-06
0.58 1.2000E+02 6.50087E-07
0.58 1.3000E+02 2.36546E-10
0.58 1.4000E+02 6.12673E-07
0.58 1.5000E+02 2.62909E-07
0.58 1.6000E+02 3.10612E-07
0.58 1.7000E+02 1.64679E-07
0.58 1.8000E+02 3.77264E-07
0.58 1.9000E+02 3.14221E-07
0.58 2.1000E+02 1.08388E-07
0.58 2.3000E+02 1.17980E-07
0.58 2.5000E+02 6.78046E-08
0.58 2.7000E+02 6.87668E-08
0.58 2.9000E+02 6.95117E-08
0.58 3.1000E+02 5.28353E-08
0.58 3.3000E+02 3.70204E-08
0.58 3.5000E+02 2.72811E-08
0.58 3.7000E+02 2.19349E-08
0.58 3.9000E+02 2.19138E-08
0.58 4.3000E+02 2.23583E-08
0.58 4.7000E+02 1.15698E-08
0.58 5.1000E+02 4.63435E-09 


0.59 2.5600E+01   NaN
0.59 2.6600E+01   NaN
0.59 2.7600E+01   NaN
0.59 2.8600E+01   NaN
0.59 2.9600E+01   NaN
0.59 3.0600E+01   NaN
0.59 3.1600E+01   NaN
0.59 3.2600E+01   NaN
0.59 3.3600E+01   NaN
0.59 3.4600E+01   NaN
0.59 4.0000E+01   NaN
0.59 4.5000E+01   NaN
0.59 5.0000E+01   NaN
0.59 5.5000E+01   NaN
0.59 6.0000E+01   NaN
0.59 6.5000E+01   NaN
0.59 7.0000E+01 1.11112E-06
0.59 7.5000E+01 4.60082E-07
0.59 8.0000E+01 1.52380E-06
0.59 8.5000E+01 2.84764E-06
0.59 1.0000E+02 1.72722E-06
0.59 1.1000E+02 1.81269E-07
0.59 1.2000E+02 4.29076E-07
0.59 1.3000E+02 4.21679E-07
0.59 1.4000E+02 7.16410E-07
0.59 1.5000E+02 2.55414E-07
0.59 1.6000E+02 3.58573E-07
0.59 1.7000E+02 6.42299E-08
0.59 1.8000E+02 2.61838E-07
0.59 1.9000E+02 3.02909E-07
0.59 2.1000E+02 1.36456E-07
0.59 2.3000E+02 6.94811E-08
0.59 2.5000E+02 1.03623E-07
0.59 2.7000E+02 4.99729E-08
0.59 2.9000E+02 6.11017E-08
0.59 3.1000E+02 5.18992E-08
0.59 3.3000E+02 3.92950E-08
0.59 3.5000E+02 2.83387E-08
0.59 3.7000E+02 2.02529E-08
0.59 3.9000E+02 1.91949E-08
0.59 4.3000E+02 2.19620E-08
0.59 4.7000E+02 1.62774E-08
0.59 5.1000E+02 1.51967E-09 


0.60 2.5600E+01   NaN
0.60 2.6600E+01   NaN
0.60 2.7600E+01   NaN
0.60 2.8600E+01   NaN
0.60 2.9600E+01   NaN
0.60 3.0600E+01   NaN
0.60 3.1600E+01   NaN
0.60 3.2600E+01   NaN
0.60 3.3600E+01   NaN
0.60 3.4600E+01   NaN
0.60 4.0000E+01   NaN
0.60 4.5000E+01   NaN
0.60 5.0000E+01   NaN
0.60 5.5000E+01   NaN
0.60 6.0000E+01   NaN
0.60 6.5000E+01   NaN
0.60 7.0000E+01 1.33277E-07
0.60 7.5000E+01 1.82000E-06
0.60 8.0000E+01 6.67764E-07
0.60 8.5000E+01 2.89547E-06
0.60 1.0000E+02 3.74811E-06
0.60 1.1000E+02 5.22885E-07
0.60 1.2000E+02 4.22257E-07
0.60 1.3000E+02 6.62625E-07
0.60 1.4000E+02 3.41104E-07
0.60 1.5000E+02 3.25547E-07
0.60 1.6000E+02 2.86587E-07
0.60 1.7000E+02 2.31862E-07
0.60 1.8000E+02 1.56990E-07
0.60 1.9000E+02 2.69407E-07
0.60 2.1000E+02 1.67584E-07
0.60 2.3000E+02 7.21145E-08
0.60 2.5000E+02 9.59688E-08
0.60 2.7000E+02 2.25881E-08
0.60 2.9000E+02 5.23905E-08
0.60 3.1000E+02 5.04047E-08
0.60 3.3000E+02 1.89598E-08
0.60 3.5000E+02 3.17896E-08
0.60 3.7000E+02 3.62096E-08
0.60 3.9000E+02 1.60541E-08
0.60 4.3000E+02 1.66666E-08
0.60 4.7000E+02 1.61761E-08
0.60 5.1000E+02 7.15664E-09 


0.61 2.5600E+01   NaN
0.61 2.6600E+01   NaN
0.61 2.7600E+01   NaN
0.61 2.8600E+01   NaN
0.61 2.9600E+01   NaN
0.61 3.0600E+01   NaN
0.61 3.1600E+01   NaN
0.61 3.2600E+01   NaN
0.61 3.3600E+01   NaN
0.61 3.4600E+01   NaN
0.61 4.0000E+01   NaN
0.61 4.5000E+01   NaN
0.61 5.0000E+01   NaN
0.61 5.5000E+01   NaN
0.61 6.0000E+01   NaN
0.61 6.5000E+01   NaN
0.61 7.0000E+01 1.98113E-07
0.61 7.5000E+01 2.64448E-06
0.61 8.0000E+01 1.02875E-06
0.61 8.5000E+01 1.51134E-06
0.61 1.0000E+02 5.10308E-07
0.61 1.1000E+02 1.13315E-06
0.61 1.2000E+02 5.44376E-07
0.61 1.3000E+02 7.71176E-07
0.61 1.4000E+02 1.68334E-07
0.61 1.5000E+02 3.92168E-07
0.61 1.6000E+02 2.07930E-07
0.61 1.7000E+02 3.16357E-07
0.61 1.8000E+02 1.76859E-08
0.61 1.9000E+02 2.06484E-07
0.61 2.1000E+02 1.96650E-07
0.61 2.3000E+02 3.53177E-08
0.61 2.5000E+02 6.62459E-08
0.61 2.7000E+02 5.99696E-08
0.61 2.9000E+02 4.40814E-08
0.61 3.1000E+02 3.65892E-08
0.61 3.3000E+02 4.30087E-08
0.61 3.5000E+02 3.25236E-08
0.61 3.7000E+02 2.13567E-08
0.61 3.9000E+02 1.92469E-08
0.61 4.3000E+02 1.44350E-08
0.61 4.7000E+02 1.47042E-08
0.61 5.1000E+02 1.12134E-08 


0.62 2.5600E+01   NaN
0.62 2.6600E+01   NaN
0.62 2.7600E+01   NaN
0.62 2.8600E+01   NaN
0.62 2.9600E+01   NaN
0.62 3.0600E+01   NaN
0.62 3.1600E+01   NaN
0.62 3.2600E+01   NaN
0.62 3.3600E+01   NaN
0.62 3.4600E+01   NaN
0.62 4.0000E+01   NaN
0.62 4.5000E+01   NaN
0.62 5.0000E+01   NaN
0.62 5.5000E+01   NaN
0.62 6.0000E+01   NaN
0.62 6.5000E+01   NaN
0.62 7.0000E+01 6.09442E-07
0.62 7.5000E+01 1.18917E-06
0.62 8.0000E+01 2.79875E-06
0.62 8.5000E+01 1.31938E-06
0.62 1.0000E+02 3.62816E-07
0.62 1.1000E+02 1.26568E-06
0.62 1.2000E+02 6.57341E-07
0.62 1.3000E+02 5.08961E-07
0.62 1.4000E+02 2.29623E-07
0.62 1.5000E+02 2.68039E-07
0.62 1.6000E+02 1.91411E-07
0.62 1.7000E+02 2.86910E-07
0.62 1.8000E+02 1.68151E-07
0.62 1.9000E+02 1.20470E-07
0.62 2.1000E+02 2.00487E-07
0.62 2.3000E+02 9.24783E-08
0.62 2.5000E+02 5.48814E-08
0.62 2.7000E+02 6.93350E-08
0.62 2.9000E+02 2.62874E-08
0.62 3.1000E+02 4.17172E-08
0.62 3.3000E+02 4.09045E-08
0.62 3.5000E+02 3.39182E-08
0.62 3.7000E+02 2.60577E-08
0.62 3.9000E+02 1.68789E-08
0.62 4.3000E+02 1.15527E-08
0.62 4.7000E+02 1.27725E-08
0.62 5.1000E+02 1.10999E-08 


0.63 2.5600E+01   NaN
0.63 2.6600E+01   NaN
0.63 2.7600E+01   NaN
0.63 2.8600E+01   NaN
0.63 2.9600E+01   NaN
0.63 3.0600E+01   NaN
0.63 3.1600E+01   NaN
0.63 3.2600E+01   NaN
0.63 3.3600E+01   NaN
0.63 3.4600E+01   NaN
0.63 4.0000E+01   NaN
0.63 4.5000E+01   NaN
0.63 5.0000E+01   NaN
0.63 5.5000E+01   NaN
0.63 6.0000E+01   NaN
0.63 6.5000E+01   NaN
0.63 7.0000E+01 6.75778E-07
0.63 7.5000E+01 7.75410E-07
0.63 8.0000E+01 5.22447E-06
0.63 8.5000E+01 8.73928E-07
0.63 1.0000E+02 1.21862E-06
0.63 1.1000E+02 1.12485E-06
0.63 1.2000E+02 6.43630E-07
0.63 1.3000E+02 2.05677E-07
0.63 1.4000E+02 4.38390E-07
0.63 1.5000E+02 2.58706E-07
0.63 1.6000E+02 1.85333E-07
0.63 1.7000E+02 1.72208E-07
0.63 1.8000E+02 2.50618E-07
0.63 1.9000E+02 3.55323E-09
0.63 2.1000E+02 1.71406E-07
0.63 2.3000E+02 1.02247E-07
0.63 2.5000E+02 5.14183E-08
0.63 2.7000E+02 4.83947E-08
0.63 2.9000E+02 2.65736E-08
0.63 3.1000E+02 3.03349E-08
0.63 3.3000E+02 3.41457E-08
0.63 3.5000E+02 2.94673E-08
0.63 3.7000E+02 2.40949E-08
0.63 3.9000E+02 1.61997E-08
0.63 4.3000E+02 9.46450E-09
0.63 4.7000E+02 9.99553E-09
0.63 5.1000E+02 9.95471E-09 


0.64 2.5600E+01   NaN
0.64 2.6600E+01   NaN
0.64 2.7600E+01   NaN
0.64 2.8600E+01   NaN
0.64 2.9600E+01   NaN
0.64 3.0600E+01   NaN
0.64 3.1600E+01   NaN
0.64 3.2600E+01   NaN
0.64 3.3600E+01   NaN
0.64 3.4600E+01   NaN
0.64 4.0000E+01   NaN
0.64 4.5000E+01   NaN
0.64 5.0000E+01   NaN
0.64 5.5000E+01   NaN
0.64 6.0000E+01   NaN
0.64 6.5000E+01   NaN
0.64 7.0000E+01 3.04666E-07
0.64 7.5000E+01 2.14389E-06
0.64 8.0000E+01 2.51118E-06
0.64 8.5000E+01 1.51205E-06
0.64 1.0000E+02 1.69114E-06
0.64 1.1000E+02 3.82817E-07
0.64 1.2000E+02 3.33650E-07
0.64 1.3000E+02 1.81913E-07
0.64 1.4000E+02 4.30058E-07
0.64 1.5000E+02 2.30168E-07
0.64 1.6000E+02 1.07879E-07
0.64 1.7000E+02 5.08496E-08
0.64 1.8000E+02 1.50026E-07
0.64 1.9000E+02 1.16073E-07
0.64 2.1000E+02 7.08210E-08
0.64 2.3000E+02 7.68432E-08
0.64 2.5000E+02 3.35432E-08
0.64 2.7000E+02 1.60410E-08
0.64 2.9000E+02 2.92990E-08
0.64 3.1000E+02 1.05702E-08
0.64 3.3000E+02 1.70711E-08
0.64 3.5000E+02 1.66137E-08
0.64 3.7000E+02 1.33681E-08
0.64 3.9000E+02 9.39641E-09
0.64 4.3000E+02 4.45776E-09
0.64 4.7000E+02 4.31693E-09
0.64 5.1000E+02 6.23499E-09 


0.65 2.5600E+01   NaN
0.65 2.6600E+01   NaN
0.65 2.7600E+01   NaN
0.65 2.8600E+01   NaN
0.65 2.9600E+01   NaN
0.65 3.0600E+01   NaN
0.65 3.1600E+01   NaN
0.65 3.2600E+01   NaN
0.65 3.3600E+01   NaN
0.65 3.4600E+01   NaN
0.65 4.0000E+01   NaN
0.65 4.5000E+01   NaN
0.65 5.0000E+01   NaN
0.65 5.5000E+01   NaN
0.65 6.0000E+01   NaN
0.65 6.5000E+01   NaN
0.65 7.0000E+01 2.44095E-04
0.65 7.5000E+01 2.20847E-04
0.65 8.0000E+01 2.58974E-04
0.65 8.5000E+01 3.30771E-04
0.65 1.0000E+02 6.14826E-04
0.65 1.1000E+02 1.06091E-03
0.65 1.2000E+02 1.32457E-03
0.65 1.3000E+02 1.47402E-03
0.65 1.4000E+02 1.89339E-03
0.65 1.5000E+02 1.63978E-03
0.65 1.6000E+02 1.51596E-03
0.65 1.7000E+02 1.42345E-03
0.65 1.8000E+02 1.03548E-03
0.65 1.9000E+02 8.92670E-04
0.65 2.1000E+02 6.32171E-04
0.65 2.3000E+02 2.62259E-04
0.65 2.5000E+02 1.89526E-04
0.65 2.7000E+02 2.47311E-04
0.65 2.9000E+02 8.01608E-05
0.65 3.1000E+02 8.11797E-05
0.65 3.3000E+02 8.82852E-05
0.65 3.5000E+02 9.24920E-05
0.65 3.7000E+02 8.77833E-05
0.65 3.9000E+02 7.37747E-05
0.65 4.3000E+02 4.40237E-05
0.65 4.7000E+02 2.45983E-05
0.65 5.1000E+02 1.92660E-05 


