0.40 2.5600E+01 9.49225E-05
0.40 2.6600E+01 2.10460E-04
0.40 2.7600E+01 1.59992E-04
0.40 2.8600E+01 2.59777E-04
0.40 2.9600E+01 3.41907E-04
0.40 3.0600E+01 4.33053E-04
0.40 3.1600E+01 4.43605E-04
0.40 3.2600E+01 4.89503E-04
0.40 3.3600E+01 2.37661E-04
0.40 3.4600E+01 4.66990E-04
0.40 4.0000E+01 3.40670E-04
0.40 4.5000E+01 5.05623E-04
0.40 5.0000E+01 3.32421E-04
0.40 5.5000E+01 4.80116E-04
0.40 6.0000E+01 2.76284E-04
0.40 6.5000E+01 2.62559E-04
0.40 7.0000E+01 2.70212E-04
0.40 7.5000E+01 2.84345E-04
0.40 8.0000E+01 2.09490E-04
0.40 8.5000E+01 2.47196E-04
0.40 1.0000E+02 1.66533E-04
0.40 1.1000E+02 1.75705E-04
0.40 1.2000E+02 1.45568E-04
0.40 1.3000E+02 1.16192E-04
0.40 1.4000E+02 1.24982E-04
0.40 1.5000E+02 1.11749E-04
0.40 1.6000E+02 8.64848E-05
0.40 1.7000E+02 8.80537E-05
0.40 1.8000E+02 7.89342E-05
0.40 1.9000E+02 6.76562E-05
0.40 2.1000E+02 6.23621E-05
0.40 2.3000E+02 5.52242E-05
0.40 2.5000E+02 5.00369E-05
0.40 2.7000E+02 4.35835E-05
0.40 2.9000E+02 3.82495E-05
0.40 3.1000E+02 3.40913E-05
0.40 3.3000E+02 3.04818E-05
0.40 3.5000E+02 2.74886E-05
0.40 3.7000E+02 2.52727E-05
0.40 3.9000E+02 2.29736E-05
0.40 4.3000E+02 1.94327E-05
0.40 4.7000E+02 1.70837E-05
0.40 5.1000E+02 1.44841E-05 


0.41 2.5600E+01 1.22540E-04
0.41 2.6600E+01 3.34892E-04
0.41 2.7600E+01 2.81465E-04
0.41 2.8600E+01 3.99880E-04
0.41 2.9600E+01 2.80608E-04
0.41 3.0600E+01 2.32169E-04
0.41 3.1600E+01 2.57149E-04
0.41 3.2600E+01 4.33553E-04
0.41 3.3600E+01 4.69225E-04
0.41 3.4600E+01 4.31317E-04
0.41 4.0000E+01 5.16212E-04
0.41 4.5000E+01 3.44786E-04
0.41 5.0000E+01 3.15387E-04
0.41 5.5000E+01 3.84050E-04
0.41 6.0000E+01 4.94442E-04
0.41 6.5000E+01 2.93633E-04
0.41 7.0000E+01 3.27914E-04
0.41 7.5000E+01 2.63947E-04
0.41 8.0000E+01 2.30602E-04
0.41 8.5000E+01 2.23273E-04
0.41 1.0000E+02 2.02914E-04
0.41 1.1000E+02 1.69893E-04
0.41 1.2000E+02 1.35024E-04
0.41 1.3000E+02 1.42187E-04
0.41 1.4000E+02 1.37682E-04
0.41 1.5000E+02 1.09822E-04
0.41 1.6000E+02 1.01465E-04
0.41 1.7000E+02 9.48976E-05
0.41 1.8000E+02 8.58442E-05
0.41 1.9000E+02 7.51886E-05
0.41 2.1000E+02 7.29625E-05
0.41 2.3000E+02 5.32118E-05
0.41 2.5000E+02 5.42857E-05
0.41 2.7000E+02 4.84204E-05
0.41 2.9000E+02 4.05700E-05
0.41 3.1000E+02 3.58592E-05
0.41 3.3000E+02 3.24745E-05
0.41 3.5000E+02 2.92807E-05
0.41 3.7000E+02 2.65263E-05
0.41 3.9000E+02 2.41366E-05
0.41 4.3000E+02 2.04054E-05
0.41 4.7000E+02 1.75961E-05
0.41 5.1000E+02 1.53191E-05 


0.42 2.5600E+01 4.95789E-05
0.42 2.6600E+01 2.00711E-04
0.42 2.7600E+01 2.20991E-04
0.42 2.8600E+01 3.78790E-04
0.42 2.9600E+01 3.73170E-04
0.42 3.0600E+01 3.62169E-04
0.42 3.1600E+01 3.95965E-04
0.42 3.2600E+01 3.97187E-04
0.42 3.3600E+01 4.04685E-04
0.42 3.4600E+01 3.07279E-04
0.42 4.0000E+01 3.62194E-04
0.42 4.5000E+01 4.17393E-04
0.42 5.0000E+01 2.18336E-04
0.42 5.5000E+01 4.41931E-04
0.42 6.0000E+01 3.33123E-04
0.42 6.5000E+01 3.56033E-04
0.42 7.0000E+01 3.48390E-04
0.42 7.5000E+01 2.82040E-04
0.42 8.0000E+01 3.04262E-04
0.42 8.5000E+01 2.42811E-04
0.42 1.0000E+02 2.14409E-04
0.42 1.1000E+02 1.44459E-04
0.42 1.2000E+02 1.66849E-04
0.42 1.3000E+02 1.45083E-04
0.42 1.4000E+02 1.31757E-04
0.42 1.5000E+02 1.20204E-04
0.42 1.6000E+02 1.06233E-04
0.42 1.7000E+02 9.77133E-05
0.42 1.8000E+02 9.12626E-05
0.42 1.9000E+02 8.26480E-05
0.42 2.1000E+02 6.99537E-05
0.42 2.3000E+02 6.04611E-05
0.42 2.5000E+02 5.56664E-05
0.42 2.7000E+02 4.88326E-05
0.42 2.9000E+02 4.40139E-05
0.42 3.1000E+02 3.86661E-05
0.42 3.3000E+02 3.44211E-05
0.42 3.5000E+02 3.10253E-05
0.42 3.7000E+02 2.80918E-05
0.42 3.9000E+02 2.50117E-05
0.42 4.3000E+02 2.15627E-05
0.42 4.7000E+02 1.85157E-05
0.42 5.1000E+02 1.61444E-05 


0.43 2.5600E+01 3.50553E-05
0.43 2.6600E+01 2.56023E-04
0.43 2.7600E+01 2.41348E-04
0.43 2.8600E+01 3.83606E-04
0.43 2.9600E+01 3.62489E-04
0.43 3.0600E+01 3.79252E-04
0.43 3.1600E+01 4.19613E-04
0.43 3.2600E+01 5.53153E-04
0.43 3.3600E+01 4.51330E-04
0.43 3.4600E+01 4.26213E-04
0.43 4.0000E+01 5.59827E-04
0.43 4.5000E+01 7.31599E-04
0.43 5.0000E+01 3.38367E-04
0.43 5.5000E+01 3.84653E-04
0.43 6.0000E+01 3.12059E-04
0.43 6.5000E+01 2.89345E-04
0.43 7.0000E+01 3.35355E-04
0.43 7.5000E+01 3.30435E-04
0.43 8.0000E+01 2.92795E-04
0.43 8.5000E+01 2.48714E-04
0.43 1.0000E+02 2.36213E-04
0.43 1.1000E+02 1.85597E-04
0.43 1.2000E+02 1.66709E-04
0.43 1.3000E+02 1.66877E-04
0.43 1.4000E+02 1.40325E-04
0.43 1.5000E+02 1.18673E-04
0.43 1.6000E+02 1.11994E-04
0.43 1.7000E+02 1.03268E-04
0.43 1.8000E+02 9.57836E-05
0.43 1.9000E+02 8.81033E-05
0.43 2.1000E+02 7.39131E-05
0.43 2.3000E+02 6.32761E-05
0.43 2.5000E+02 5.55465E-05
0.43 2.7000E+02 5.13318E-05
0.43 2.9000E+02 4.61714E-05
0.43 3.1000E+02 4.11157E-05
0.43 3.3000E+02 3.65863E-05
0.43 3.5000E+02 3.29750E-05
0.43 3.7000E+02 2.98122E-05
0.43 3.9000E+02 2.71484E-05
0.43 4.3000E+02 2.32083E-05
0.43 4.7000E+02 1.96200E-05
0.43 5.1000E+02 1.69533E-05 


0.44 2.5600E+01 7.11163E-05
0.44 2.6600E+01 2.81807E-04
0.44 2.7600E+01 1.85811E-04
0.44 2.8600E+01 2.84518E-04
0.44 2.9600E+01 5.27078E-04
0.44 3.0600E+01 2.92547E-04
0.44 3.1600E+01 3.35519E-04
0.44 3.2600E+01 5.95965E-04
0.44 3.3600E+01 3.68390E-04
0.44 3.4600E+01 3.96130E-04
0.44 4.0000E+01 5.20759E-04
0.44 4.5000E+01 4.64776E-04
0.44 5.0000E+01 3.94514E-04
0.44 5.5000E+01 4.42409E-04
0.44 6.0000E+01 4.64001E-04
0.44 6.5000E+01 3.22501E-04
0.44 7.0000E+01 3.58666E-04
0.44 7.5000E+01 3.00358E-04
0.44 8.0000E+01 3.24660E-04
0.44 8.5000E+01 2.87204E-04
0.44 1.0000E+02 2.26977E-04
0.44 1.1000E+02 2.01091E-04
0.44 1.2000E+02 1.72310E-04
0.44 1.3000E+02 1.55255E-04
0.44 1.4000E+02 1.52232E-04
0.44 1.5000E+02 1.31808E-04
0.44 1.6000E+02 1.17379E-04
0.44 1.7000E+02 1.07591E-04
0.44 1.8000E+02 1.00157E-04
0.44 1.9000E+02 9.33437E-05
0.44 2.1000E+02 7.85962E-05
0.44 2.3000E+02 6.68668E-05
0.44 2.5000E+02 5.97632E-05
0.44 2.7000E+02 5.50584E-05
0.44 2.9000E+02 4.87479E-05
0.44 3.1000E+02 4.67575E-05
0.44 3.3000E+02 3.89794E-05
0.44 3.5000E+02 3.51529E-05
0.44 3.7000E+02 3.17123E-05
0.44 3.9000E+02 2.87997E-05
0.44 4.3000E+02 2.40898E-05
0.44 4.7000E+02 2.06570E-05
0.44 5.1000E+02 1.80779E-05 


0.45 2.5600E+01 3.34492E-05
0.45 2.6600E+01 2.36725E-04
0.45 2.7600E+01 3.25170E-04
0.45 2.8600E+01 3.31198E-04
0.45 2.9600E+01 3.94252E-04
0.45 3.0600E+01 4.70609E-04
0.45 3.1600E+01 3.70461E-04
0.45 3.2600E+01 5.15651E-04
0.45 3.3600E+01 5.11110E-04
0.45 3.4600E+01 5.07141E-04
0.45 4.0000E+01 4.51355E-04
0.45 4.5000E+01 5.34180E-04
0.45 5.0000E+01 4.35955E-04
0.45 5.5000E+01 4.73026E-04
0.45 6.0000E+01 4.70807E-04
0.45 6.5000E+01 3.41382E-04
0.45 7.0000E+01 3.51936E-04
0.45 7.5000E+01 3.36350E-04
0.45 8.0000E+01 2.83816E-04
0.45 8.5000E+01 2.85070E-04
0.45 1.0000E+02 2.28250E-04
0.45 1.1000E+02 2.15840E-04
0.45 1.2000E+02 1.83000E-04
0.45 1.3000E+02 1.61844E-04
0.45 1.4000E+02 1.72396E-04
0.45 1.5000E+02 1.41764E-04
0.45 1.6000E+02 1.25269E-04
0.45 1.7000E+02 1.08136E-04
0.45 1.8000E+02 1.04522E-04
0.45 1.9000E+02 9.66519E-05
0.45 2.1000E+02 8.37576E-05
0.45 2.3000E+02 7.13919E-05
0.45 2.5000E+02 6.23399E-05
0.45 2.7000E+02 5.76564E-05
0.45 2.9000E+02 5.08729E-05
0.45 3.1000E+02 4.57484E-05
0.45 3.3000E+02 4.12407E-05
0.45 3.5000E+02 3.70478E-05
0.45 3.7000E+02 3.35446E-05
0.45 3.9000E+02 3.04746E-05
0.45 4.3000E+02 2.55978E-05
0.45 4.7000E+02 2.17207E-05
0.45 5.1000E+02 1.98816E-05 


0.46 2.5600E+01 4.20436E-05
0.46 2.6600E+01 1.93353E-04
0.46 2.7600E+01 3.77024E-04
0.46 2.8600E+01 2.56465E-04
0.46 2.9600E+01 4.80558E-04
0.46 3.0600E+01 4.28976E-04
0.46 3.1600E+01 4.06909E-04
0.46 3.2600E+01 4.04115E-04
0.46 3.3600E+01 6.27160E-04
0.46 3.4600E+01 4.50963E-04
0.46 4.0000E+01 5.44963E-04
0.46 4.5000E+01 6.09315E-04
0.46 5.0000E+01 6.29334E-04
0.46 5.5000E+01 4.92310E-04
0.46 6.0000E+01 4.03345E-04
0.46 6.5000E+01 4.42444E-04
0.46 7.0000E+01 3.40265E-04
0.46 7.5000E+01 3.65471E-04
0.46 8.0000E+01 3.13879E-04
0.46 8.5000E+01 2.97983E-04
0.46 1.0000E+02 2.36047E-04
0.46 1.1000E+02 2.23317E-04
0.46 1.2000E+02 1.98347E-04
0.46 1.3000E+02 1.73047E-04
0.46 1.4000E+02 1.63169E-04
0.46 1.5000E+02 1.64668E-04
0.46 1.6000E+02 1.36364E-04
0.46 1.7000E+02 1.19450E-04
0.46 1.8000E+02 1.08440E-04
0.46 1.9000E+02 1.05097E-04
0.46 2.1000E+02 8.75724E-05
0.46 2.3000E+02 7.55116E-05
0.46 2.5000E+02 6.21954E-05
0.46 2.7000E+02 5.54756E-05
0.46 2.9000E+02 5.05749E-05
0.46 3.1000E+02 4.86056E-05
0.46 3.3000E+02 4.31895E-05
0.46 3.5000E+02 3.91439E-05
0.46 3.7000E+02 3.50059E-05
0.46 3.9000E+02 3.22921E-05
0.46 4.3000E+02 2.69357E-05
0.46 4.7000E+02 2.30911E-05
0.46 5.1000E+02 1.98542E-05 


0.47 2.5600E+01 3.82285E-05
0.47 2.6600E+01 2.10662E-04
0.47 2.7600E+01 4.09774E-04
0.47 2.8600E+01 3.42701E-04
0.47 2.9600E+01 3.81179E-04
0.47 3.0600E+01 6.67826E-04
0.47 3.1600E+01 5.34426E-04
0.47 3.2600E+01 5.39207E-04
0.47 3.3600E+01 5.35760E-04
0.47 3.4600E+01 5.69632E-04
0.47 4.0000E+01 6.57613E-04
0.47 4.5000E+01 4.45771E-04
0.47 5.0000E+01 5.54563E-04
0.47 5.5000E+01 4.26190E-04
0.47 6.0000E+01 4.26306E-04
0.47 6.5000E+01 4.65022E-04
0.47 7.0000E+01 3.48648E-04
0.47 7.5000E+01 3.67290E-04
0.47 8.0000E+01 3.46640E-04
0.47 8.5000E+01 3.05861E-04
0.47 1.0000E+02 2.57180E-04
0.47 1.1000E+02 2.30431E-04
0.47 1.2000E+02 2.12037E-04
0.47 1.3000E+02 1.81945E-04
0.47 1.4000E+02 1.62064E-04
0.47 1.5000E+02 1.62984E-04
0.47 1.6000E+02 1.44224E-04
0.47 1.7000E+02 1.25103E-04
0.47 1.8000E+02 1.20107E-04
0.47 1.9000E+02 1.05976E-04
0.47 2.1000E+02 9.21588E-05
0.47 2.3000E+02 7.93081E-05
0.47 2.5000E+02 6.90570E-05
0.47 2.7000E+02 6.05021E-05
0.47 2.9000E+02 5.32950E-05
0.47 3.1000E+02 5.10722E-05
0.47 3.3000E+02 4.47862E-05
0.47 3.5000E+02 4.09042E-05
0.47 3.7000E+02 3.71373E-05
0.47 3.9000E+02 3.38698E-05
0.47 4.3000E+02 2.83530E-05
0.47 4.7000E+02 2.37122E-05
0.47 5.1000E+02 2.08083E-05 


0.48 2.5600E+01 1.58320E-05
0.48 2.6600E+01 1.46258E-04
0.48 2.7600E+01 4.03183E-04
0.48 2.8600E+01 4.27958E-04
0.48 2.9600E+01 4.24534E-04
0.48 3.0600E+01 4.75211E-04
0.48 3.1600E+01 5.51139E-04
0.48 3.2600E+01 4.52919E-04
0.48 3.3600E+01 5.09987E-04
0.48 3.4600E+01 7.09043E-04
0.48 4.0000E+01 6.12812E-04
0.48 4.5000E+01 4.73201E-04
0.48 5.0000E+01 5.11183E-04
0.48 5.5000E+01 3.90301E-04
0.48 6.0000E+01 4.94906E-04
0.48 6.5000E+01 4.21094E-04
0.48 7.0000E+01 4.30083E-04
0.48 7.5000E+01 3.55451E-04
0.48 8.0000E+01 3.70989E-04
0.48 8.5000E+01 3.27526E-04
0.48 1.0000E+02 2.75600E-04
0.48 1.1000E+02 2.30632E-04
0.48 1.2000E+02 2.41092E-04
0.48 1.3000E+02 1.95625E-04
0.48 1.4000E+02 1.66833E-04
0.48 1.5000E+02 1.54976E-04
0.48 1.6000E+02 1.89358E-04
0.48 1.7000E+02 1.38143E-04
0.48 1.8000E+02 1.41807E-04
0.48 1.9000E+02 1.11872E-04
0.48 2.1000E+02 9.57156E-05
0.48 2.3000E+02 8.39313E-05
0.48 2.5000E+02 7.29836E-05
0.48 2.7000E+02 6.32345E-05
0.48 2.9000E+02 5.57256E-05
0.48 3.1000E+02 4.92965E-05
0.48 3.3000E+02 4.70769E-05
0.48 3.5000E+02 4.28261E-05
0.48 3.7000E+02 3.94817E-05
0.48 3.9000E+02 3.60800E-05
0.48 4.3000E+02 2.86485E-05
0.48 4.7000E+02 2.51788E-05
0.48 5.1000E+02 2.18658E-05 


0.49 2.5600E+01 1.91985E-05
0.49 2.6600E+01 1.55801E-04
0.49 2.7600E+01 3.92961E-04
0.49 2.8600E+01 4.11694E-04
0.49 2.9600E+01 3.64660E-04
0.49 3.0600E+01 5.76453E-04
0.49 3.1600E+01 5.95304E-04
0.49 3.2600E+01 5.65239E-04
0.49 3.3600E+01 6.76768E-04
0.49 3.4600E+01 6.07580E-04
0.49 4.0000E+01 6.24818E-04
0.49 4.5000E+01 6.19985E-04
0.49 5.0000E+01 6.06754E-04
0.49 5.5000E+01 5.71899E-04
0.49 6.0000E+01 4.82995E-04
0.49 6.5000E+01 4.38978E-04
0.49 7.0000E+01 4.56830E-04
0.49 7.5000E+01 3.52014E-04
0.49 8.0000E+01 3.73570E-04
0.49 8.5000E+01 3.60262E-04
0.49 1.0000E+02 3.16073E-04
0.49 1.1000E+02 2.44500E-04
0.49 1.2000E+02 2.24863E-04
0.49 1.3000E+02 2.07905E-04
0.49 1.4000E+02 1.80676E-04
0.49 1.5000E+02 1.58012E-04
0.49 1.6000E+02 1.61956E-04
0.49 1.7000E+02 1.41707E-04
0.49 1.8000E+02 1.31430E-04
0.49 1.9000E+02 1.18106E-04
0.49 2.1000E+02 9.93147E-05
0.49 2.3000E+02 8.79985E-05
0.49 2.5000E+02 7.62784E-05
0.49 2.7000E+02 6.71947E-05
0.49 2.9000E+02 5.90328E-05
0.49 3.1000E+02 5.24947E-05
0.49 3.3000E+02 4.70366E-05
0.49 3.5000E+02 4.48056E-05
0.49 3.7000E+02 4.02956E-05
0.49 3.9000E+02 4.85526E-05
0.49 4.3000E+02 3.13149E-05
0.49 4.7000E+02 2.66746E-05
0.49 5.1000E+02 2.24859E-05 


0.50 2.5600E+01 1.49004E-05
0.50 2.6600E+01 1.15850E-04
0.50 2.7600E+01 3.99139E-04
0.50 2.8600E+01 4.76272E-04
0.50 2.9600E+01 3.29223E-04
0.50 3.0600E+01 5.54969E-04
0.50 3.1600E+01 6.94154E-04
0.50 3.2600E+01 6.02539E-04
0.50 3.3600E+01 4.81128E-04
0.50 3.4600E+01 5.40511E-04
0.50 4.0000E+01 7.40295E-04
0.50 4.5000E+01 4.66625E-04
0.50 5.0000E+01 6.65862E-04
0.50 5.5000E+01 7.33999E-04
0.50 6.0000E+01 4.23392E-04
0.50 6.5000E+01 4.95206E-04
0.50 7.0000E+01 4.37732E-04
0.50 7.5000E+01 4.12711E-04
0.50 8.0000E+01 3.62940E-04
0.50 8.5000E+01 3.77807E-04
0.50 1.0000E+02 3.04576E-04
0.50 1.1000E+02 2.72488E-04
0.50 1.2000E+02 2.28355E-04
0.50 1.3000E+02 2.15892E-04
0.50 1.4000E+02 1.93356E-04
0.50 1.5000E+02 1.71236E-04
0.50 1.6000E+02 1.53690E-04
0.50 1.7000E+02 1.56550E-04
0.50 1.8000E+02 1.38443E-04
0.50 1.9000E+02 1.25202E-04
0.50 2.1000E+02 1.04147E-04
0.50 2.3000E+02 9.83044E-05
0.50 2.5000E+02 8.07254E-05
0.50 2.7000E+02 7.06555E-05
0.50 2.9000E+02 6.23409E-05
0.50 3.1000E+02 5.58967E-05
0.50 3.3000E+02 4.92261E-05
0.50 3.5000E+02 4.58392E-05
0.50 3.7000E+02 4.24538E-05
0.50 3.9000E+02 3.90231E-05
0.50 4.3000E+02 3.27973E-05
0.50 4.7000E+02 2.79901E-05
0.50 5.1000E+02 2.41188E-05 


0.51 2.5600E+01 1.60050E-05
0.51 2.6600E+01 1.15542E-04
0.51 2.7600E+01 3.64182E-04
0.51 2.8600E+01 4.82538E-04
0.51 2.9600E+01 4.83558E-04
0.51 3.0600E+01 4.03259E-04
0.51 3.1600E+01 5.78262E-04
0.51 3.2600E+01 6.21377E-04
0.51 3.3600E+01 4.98948E-04
0.51 3.4600E+01 7.56052E-04
0.51 4.0000E+01 6.03643E-04
0.51 4.5000E+01 5.91513E-04
0.51 5.0000E+01 6.22683E-04
0.51 5.5000E+01 5.23564E-04
0.51 6.0000E+01 4.11020E-04
0.51 6.5000E+01 5.37551E-04
0.51 7.0000E+01 4.41282E-04
0.51 7.5000E+01 5.35150E-04
0.51 8.0000E+01 3.67015E-04
0.51 8.5000E+01 3.76334E-04
0.51 1.0000E+02 3.00117E-04
0.51 1.1000E+02 2.90969E-04
0.51 1.2000E+02 2.37151E-04
0.51 1.3000E+02 2.20875E-04
0.51 1.4000E+02 2.02588E-04
0.51 1.5000E+02 1.80305E-04
0.51 1.6000E+02 1.60733E-04
0.51 1.7000E+02 1.48830E-04
0.51 1.8000E+02 1.43812E-04
0.51 1.9000E+02 1.32834E-04
0.51 2.1000E+02 1.09692E-04
0.51 2.3000E+02 9.44194E-05
0.51 2.5000E+02 8.42185E-05
0.51 2.7000E+02 7.40862E-05
0.51 2.9000E+02 6.54448E-05
0.51 3.1000E+02 5.82835E-05
0.51 3.3000E+02 5.17464E-05
0.51 3.5000E+02 4.63852E-05
0.51 3.7000E+02 4.43582E-05
0.51 3.9000E+02 4.06571E-05
0.51 4.3000E+02 3.42628E-05
0.51 4.7000E+02 2.92985E-05
0.51 5.1000E+02 2.53029E-05 


0.52 2.5600E+01 1.50638E-05
0.52 2.6600E+01 8.70577E-05
0.52 2.7600E+01 3.11050E-04
0.52 2.8600E+01 5.78939E-04
0.52 2.9600E+01 4.85181E-04
0.52 3.0600E+01 5.82969E-04
0.52 3.1600E+01 6.90151E-04
0.52 3.2600E+01 7.08615E-04
0.52 3.3600E+01 6.75979E-04
0.52 3.4600E+01 5.05596E-04
0.52 4.0000E+01 5.51500E-04
0.52 4.5000E+01 7.16711E-04
0.52 5.0000E+01 3.87488E-04
0.52 5.5000E+01 5.86152E-04
0.52 6.0000E+01 6.25666E-04
0.52 6.5000E+01 5.34998E-04
0.52 7.0000E+01 4.84732E-04
0.52 7.5000E+01 4.69054E-04
0.52 8.0000E+01 4.02964E-04
0.52 8.5000E+01 3.67392E-04
0.52 1.0000E+02 3.15009E-04
0.52 1.1000E+02 3.59004E-04
0.52 1.2000E+02 2.54175E-04
0.52 1.3000E+02 2.24616E-04
0.52 1.4000E+02 2.11750E-04
0.52 1.5000E+02 1.91764E-04
0.52 1.6000E+02 1.69632E-04
0.52 1.7000E+02 1.52612E-04
0.52 1.8000E+02 1.53919E-04
0.52 1.9000E+02 1.40235E-04
0.52 2.1000E+02 1.15694E-04
0.52 2.3000E+02 9.82813E-05
0.52 2.5000E+02 8.66900E-05
0.52 2.7000E+02 7.73092E-05
0.52 2.9000E+02 6.87189E-05
0.52 3.1000E+02 6.10216E-05
0.52 3.3000E+02 5.45777E-05
0.52 3.5000E+02 4.88603E-05
0.52 3.7000E+02 4.41884E-05
0.52 3.9000E+02 4.22458E-05
0.52 4.3000E+02 3.58251E-05
0.52 4.7000E+02 3.05928E-05
0.52 5.1000E+02 2.64519E-05 


0.53 2.5600E+01 1.27516E-05
0.53 2.6600E+01 7.73112E-05
0.53 2.7600E+01 2.89831E-04
0.53 2.8600E+01 5.40696E-04
0.53 2.9600E+01 5.61995E-04
0.53 3.0600E+01 3.98228E-04
0.53 3.1600E+01 6.31007E-04
0.53 3.2600E+01 7.20743E-04
0.53 3.3600E+01 6.98336E-04
0.53 3.4600E+01 6.73014E-04
0.53 4.0000E+01 6.97763E-04
0.53 4.5000E+01 8.36590E-04
0.53 5.0000E+01 7.59962E-04
0.53 5.5000E+01 6.79969E-04
0.53 6.0000E+01 6.15111E-04
0.53 6.5000E+01 4.87420E-04
0.53 7.0000E+01 5.37438E-04
0.53 7.5000E+01 4.46845E-04
0.53 8.0000E+01 5.56202E-04
0.53 8.5000E+01 3.71892E-04
0.53 1.0000E+02 3.40285E-04
0.53 1.1000E+02 3.00592E-04
0.53 1.2000E+02 2.75862E-04
0.53 1.3000E+02 2.31744E-04
0.53 1.4000E+02 2.16554E-04
0.53 1.5000E+02 2.01446E-04
0.53 1.6000E+02 1.79761E-04
0.53 1.7000E+02 1.60435E-04
0.53 1.8000E+02 1.46198E-04
0.53 1.9000E+02 1.49706E-04
0.53 2.1000E+02 1.22688E-04
0.53 2.3000E+02 1.03318E-04
0.53 2.5000E+02 9.01362E-05
0.53 2.7000E+02 8.03128E-05
0.53 2.9000E+02 7.19594E-05
0.53 3.1000E+02 6.38768E-05
0.53 3.3000E+02 5.72688E-05
0.53 3.5000E+02 5.13013E-05
0.53 3.7000E+02 4.60406E-05
0.53 3.9000E+02 4.21000E-05
0.53 4.3000E+02 3.72808E-05
0.53 4.7000E+02 3.19945E-05
0.53 5.1000E+02 2.75512E-05 


0.54 2.5600E+01 1.06991E-05
0.54 2.6600E+01 6.19735E-05
0.54 2.7600E+01 2.64343E-04
0.54 2.8600E+01 5.43588E-04
0.54 2.9600E+01 6.14869E-04
0.54 3.0600E+01 5.15676E-04
0.54 3.1600E+01 4.74075E-04
0.54 3.2600E+01 7.04159E-04
0.54 3.3600E+01 7.48958E-04
0.54 3.4600E+01 7.33982E-04
0.54 4.0000E+01 9.78113E-04
0.54 4.5000E+01 5.67887E-04
0.54 5.0000E+01 7.18013E-04
0.54 5.5000E+01 7.26123E-04
0.54 6.0000E+01 5.54518E-04
0.54 6.5000E+01 4.48982E-04
0.54 7.0000E+01 5.60352E-04
0.54 7.5000E+01 4.76828E-04
0.54 8.0000E+01 4.77477E-04
0.54 8.5000E+01 4.15985E-04
0.54 1.0000E+02 3.65031E-04
0.54 1.1000E+02 3.00677E-04
0.54 1.2000E+02 3.07796E-04
0.54 1.3000E+02 2.45352E-04
0.54 1.4000E+02 2.20367E-04
0.54 1.5000E+02 2.07662E-04
0.54 1.6000E+02 1.88886E-04
0.54 1.7000E+02 1.69097E-04
0.54 1.8000E+02 1.52475E-04
0.54 1.9000E+02 1.42402E-04
0.54 2.1000E+02 1.28980E-04
0.54 2.3000E+02 1.08768E-04
0.54 2.5000E+02 9.35177E-05
0.54 2.7000E+02 8.30887E-05
0.54 2.9000E+02 7.47077E-05
0.54 3.1000E+02 6.68998E-05
0.54 3.3000E+02 5.98824E-05
0.54 3.5000E+02 5.39457E-05
0.54 3.7000E+02 4.86464E-05
0.54 3.9000E+02 4.39909E-05
0.54 4.3000E+02 3.86383E-05
0.54 4.7000E+02 3.31755E-05
0.54 5.1000E+02 2.87709E-05 


0.55 2.5600E+01 7.91729E-06
0.55 2.6600E+01 5.74531E-05
0.55 2.7600E+01 2.28579E-04
0.55 2.8600E+01 5.28665E-04
0.55 2.9600E+01 6.22098E-04
0.55 3.0600E+01 6.49608E-04
0.55 3.1600E+01 7.23631E-04
0.55 3.2600E+01 8.10888E-04
0.55 3.3600E+01 8.72221E-04
0.55 3.4600E+01 7.55465E-04
0.55 4.0000E+01 6.45574E-04
0.55 4.5000E+01 7.12321E-04
0.55 5.0000E+01 6.22172E-04
0.55 5.5000E+01 6.70057E-04
0.55 6.0000E+01 6.01220E-04
0.55 6.5000E+01 6.98500E-04
0.55 7.0000E+01 5.39342E-04
0.55 7.5000E+01 5.28843E-04
0.55 8.0000E+01 4.52632E-04
0.55 8.5000E+01 5.45938E-04
0.55 1.0000E+02 3.78806E-04
0.55 1.1000E+02 3.17653E-04
0.55 1.2000E+02 3.11583E-04
0.55 1.3000E+02 2.64713E-04
0.55 1.4000E+02 2.27062E-04
0.55 1.5000E+02 2.12303E-04
0.55 1.6000E+02 1.97314E-04
0.55 1.7000E+02 1.78944E-04
0.55 1.8000E+02 1.60053E-04
0.55 1.9000E+02 1.40513E-04
0.55 2.1000E+02 1.35721E-04
0.55 2.3000E+02 1.14574E-04
0.55 2.5000E+02 9.77600E-05
0.55 2.7000E+02 8.61750E-05
0.55 2.9000E+02 7.74156E-05
0.55 3.1000E+02 6.97175E-05
0.55 3.3000E+02 6.26723E-05
0.55 3.5000E+02 5.58761E-05
0.55 3.7000E+02 5.09077E-05
0.55 3.9000E+02 4.61357E-05
0.55 4.3000E+02 3.99590E-05
0.55 4.7000E+02 3.44805E-05
0.55 5.1000E+02 2.99274E-05 


0.56 2.5600E+01 1.18676E-05
0.56 2.6600E+01 4.97198E-05
0.56 2.7600E+01 1.92053E-04
0.56 2.8600E+01 4.81036E-04
0.56 2.9600E+01 7.27034E-04
0.56 3.0600E+01 5.05672E-04
0.56 3.1600E+01 4.69259E-04
0.56 3.2600E+01 6.22584E-04
0.56 3.3600E+01 7.20434E-04
0.56 3.4600E+01 7.31447E-04
0.56 4.0000E+01 8.49887E-04
0.56 4.5000E+01 8.94769E-04
0.56 5.0000E+01 6.88899E-04
0.56 5.5000E+01 4.45294E-04
0.56 6.0000E+01 6.92834E-04
0.56 6.5000E+01 6.75222E-04
0.56 7.0000E+01 4.95044E-04
0.56 7.5000E+01 5.66757E-04
0.56 8.0000E+01 4.76663E-04
0.56 8.5000E+01 4.85732E-04
0.56 1.0000E+02 3.79921E-04
0.56 1.1000E+02 3.40448E-04
0.56 1.2000E+02 2.92860E-04
0.56 1.3000E+02 2.89571E-04
0.56 1.4000E+02 2.39001E-04
0.56 1.5000E+02 2.16136E-04
0.56 1.6000E+02 2.04309E-04
0.56 1.7000E+02 1.87903E-04
0.56 1.8000E+02 1.72457E-04
0.56 1.9000E+02 1.53194E-04
0.56 2.1000E+02 1.43985E-04
0.56 2.3000E+02 1.20471E-04
0.56 2.5000E+02 1.02689E-04
0.56 2.7000E+02 8.95472E-05
0.56 2.9000E+02 8.00752E-05
0.56 3.1000E+02 7.21189E-05
0.56 3.3000E+02 6.53323E-05
0.56 3.5000E+02 5.89626E-05
0.56 3.7000E+02 5.33391E-05
0.56 3.9000E+02 4.83707E-05
0.56 4.3000E+02 4.01301E-05
0.56 4.7000E+02 3.58148E-05
0.56 5.1000E+02 3.09142E-05 


0.57 2.5600E+01 1.50461E-05
0.57 2.6600E+01 4.33559E-05
0.57 2.7600E+01 1.69175E-04
0.57 2.8600E+01 4.23124E-04
0.57 2.9600E+01 6.38047E-04
0.57 3.0600E+01 7.59041E-04
0.57 3.1600E+01 5.55334E-04
0.57 3.2600E+01 6.17170E-04
0.57 3.3600E+01 8.20620E-04
0.57 3.4600E+01 9.72206E-04
0.57 4.0000E+01 9.93663E-04
0.57 4.5000E+01 7.69542E-04
0.57 5.0000E+01 8.29920E-04
0.57 5.5000E+01 7.83106E-04
0.57 6.0000E+01 7.61389E-04
0.57 6.5000E+01 5.96226E-04
0.57 7.0000E+01 4.87105E-04
0.57 7.5000E+01 5.66022E-04
0.57 8.0000E+01 5.22982E-04
0.57 8.5000E+01 4.57962E-04
0.57 1.0000E+02 3.74433E-04
0.57 1.1000E+02 3.62379E-04
0.57 1.2000E+02 3.02797E-04
0.57 1.3000E+02 3.23149E-04
0.57 1.4000E+02 2.55810E-04
0.57 1.5000E+02 2.22600E-04
0.57 1.6000E+02 2.08396E-04
0.57 1.7000E+02 1.94752E-04
0.57 1.8000E+02 1.78364E-04
0.57 1.9000E+02 1.61291E-04
0.57 2.1000E+02 1.35878E-04
0.57 2.3000E+02 1.26083E-04
0.57 2.5000E+02 1.07747E-04
0.57 2.7000E+02 9.30777E-05
0.57 2.9000E+02 8.25867E-05
0.57 3.1000E+02 7.45858E-05
0.57 3.3000E+02 6.77148E-05
0.57 3.5000E+02 6.13907E-05
0.57 3.7000E+02 5.56474E-05
0.57 3.9000E+02 5.05836E-05
0.57 4.3000E+02 4.21049E-05
0.57 4.7000E+02 3.71261E-05
0.57 5.1000E+02 3.23201E-05 


0.58 2.5600E+01 1.22008E-05
0.58 2.6600E+01 3.50872E-05
0.58 2.7600E+01 1.52382E-04
0.58 2.8600E+01 4.02421E-04
0.58 2.9600E+01 6.72704E-04
0.58 3.0600E+01 7.17123E-04
0.58 3.1600E+01 7.52250E-04
0.58 3.2600E+01 7.66975E-04
0.58 3.3600E+01 8.83921E-04
0.58 3.4600E+01 8.35083E-04
0.58 4.0000E+01 8.87114E-04
0.58 4.5000E+01 6.64767E-04
0.58 5.0000E+01 9.51209E-04
0.58 5.5000E+01 7.95801E-04
0.58 6.0000E+01 7.63308E-04
0.58 6.5000E+01 6.18149E-04
0.58 7.0000E+01 7.31758E-04
0.58 7.5000E+01 5.33197E-04
0.58 8.0000E+01 5.65444E-04
0.58 8.5000E+01 4.77717E-04
0.58 1.0000E+02 3.76354E-04
0.58 1.1000E+02 3.74826E-04
0.58 1.2000E+02 3.20719E-04
0.58 1.3000E+02 2.90420E-04
0.58 1.4000E+02 2.75370E-04
0.58 1.5000E+02 2.33749E-04
0.58 1.6000E+02 2.12127E-04
0.58 1.7000E+02 1.99963E-04
0.58 1.8000E+02 1.86074E-04
0.58 1.9000E+02 1.69697E-04
0.58 2.1000E+02 1.40532E-04
0.58 2.3000E+02 1.32252E-04
0.58 2.5000E+02 1.13104E-04
0.58 2.7000E+02 9.75137E-05
0.58 2.9000E+02 8.58568E-05
0.58 3.1000E+02 7.71997E-05
0.58 3.3000E+02 7.00363E-05
0.58 3.5000E+02 6.36344E-05
0.58 3.7000E+02 5.79442E-05
0.58 3.9000E+02 5.27663E-05
0.58 4.3000E+02 4.40273E-05
0.58 4.7000E+02 3.71956E-05
0.58 5.1000E+02 3.35903E-05 


0.59 2.5600E+01 1.26462E-05
0.59 2.6600E+01 2.88031E-05
0.59 2.7600E+01 1.28678E-04
0.59 2.8600E+01 3.55608E-04
0.59 2.9600E+01 6.92383E-04
0.59 3.0600E+01 7.55534E-04
0.59 3.1600E+01 5.71037E-04
0.59 3.2600E+01 5.55864E-04
0.59 3.3600E+01 5.13470E-04
0.59 3.4600E+01 8.30949E-04
0.59 4.0000E+01 7.56252E-04
0.59 4.5000E+01 7.64710E-04
0.59 5.0000E+01 8.45097E-04
0.59 5.5000E+01 6.90454E-04
0.59 6.0000E+01 6.63569E-04
0.59 6.5000E+01 6.95221E-04
0.59 7.0000E+01 6.74967E-04
0.59 7.5000E+01 4.96728E-04
0.59 8.0000E+01 5.77096E-04
0.59 8.5000E+01 5.19743E-04
0.59 1.0000E+02 3.98145E-04
0.59 1.1000E+02 3.76168E-04
0.59 1.2000E+02 3.41556E-04
0.59 1.3000E+02 2.91398E-04
0.59 1.4000E+02 3.09304E-04
0.59 1.5000E+02 2.48951E-04
0.59 1.6000E+02 2.18212E-04
0.59 1.7000E+02 2.04321E-04
0.59 1.8000E+02 1.91856E-04
0.59 1.9000E+02 1.77482E-04
0.59 2.1000E+02 1.46890E-04
0.59 2.3000E+02 1.31425E-04
0.59 2.5000E+02 1.18190E-04
0.59 2.7000E+02 1.02060E-04
0.59 2.9000E+02 8.92641E-05
0.59 3.1000E+02 7.98658E-05
0.59 3.3000E+02 7.23653E-05
0.59 3.5000E+02 6.59012E-05
0.59 3.7000E+02 6.00432E-05
0.59 3.9000E+02 5.48869E-05
0.59 4.3000E+02 4.56122E-05
0.59 4.7000E+02 3.87678E-05
0.59 5.1000E+02 3.46398E-05 


0.60 2.5600E+01 7.03634E-06
0.60 2.6600E+01 2.76508E-05
0.60 2.7600E+01 1.07772E-04
0.60 2.8600E+01 3.27501E-04
0.60 2.9600E+01 6.25628E-04
0.60 3.0600E+01 9.05165E-04
0.60 3.1600E+01 8.12168E-04
0.60 3.2600E+01 6.44953E-04
0.60 3.3600E+01 8.25664E-04
0.60 3.4600E+01 9.75035E-04
0.60 4.0000E+01 8.79395E-04
0.60 4.5000E+01 9.94904E-04
0.60 5.0000E+01 7.26514E-04
0.60 5.5000E+01 7.11061E-04
0.60 6.0000E+01 5.89217E-04
0.60 6.5000E+01 7.69047E-04
0.60 7.0000E+01 6.12475E-04
0.60 7.5000E+01 5.59254E-04
0.60 8.0000E+01 5.55053E-04
0.60 8.5000E+01 5.62815E-04
0.60 1.0000E+02 4.67469E-04
0.60 1.1000E+02 3.73105E-04
0.60 1.2000E+02 3.59135E-04
0.60 1.3000E+02 3.05545E-04
0.60 1.4000E+02 2.89529E-04
0.60 1.5000E+02 2.66558E-04
0.60 1.6000E+02 2.29023E-04
0.60 1.7000E+02 2.08307E-04
0.60 1.8000E+02 1.96265E-04
0.60 1.9000E+02 1.83844E-04
0.60 2.1000E+02 1.54550E-04
0.60 2.3000E+02 1.30593E-04
0.60 2.5000E+02 1.23372E-04
0.60 2.7000E+02 1.06784E-04
0.60 2.9000E+02 9.30498E-05
0.60 3.1000E+02 8.27353E-05
0.60 3.3000E+02 7.52126E-05
0.60 3.5000E+02 6.79329E-05
0.60 3.7000E+02 6.24893E-05
0.60 3.9000E+02 5.69533E-05
0.60 4.3000E+02 4.78589E-05
0.60 4.7000E+02 4.04843E-05
0.60 5.1000E+02 3.48773E-05 


0.61 2.5600E+01 0.00000E+00
0.61 2.6600E+01 2.70541E-05
0.61 2.7600E+01 8.79450E-05
0.61 2.8600E+01 2.79155E-04
0.61 2.9600E+01 5.79984E-04
0.61 3.0600E+01 7.50502E-04
0.61 3.1600E+01 8.78142E-04
0.61 3.2600E+01 8.53611E-04
0.61 3.3600E+01 7.93409E-04
0.61 3.4600E+01 7.85032E-04
0.61 4.0000E+01 9.31246E-04
0.61 4.5000E+01 9.11379E-04
0.61 5.0000E+01 9.76162E-04
0.61 5.5000E+01 8.32700E-04
0.61 6.0000E+01 8.69746E-04
0.61 6.5000E+01 7.94543E-04
0.61 7.0000E+01 6.41561E-04
0.61 7.5000E+01 7.36499E-04
0.61 8.0000E+01 5.24369E-04
0.61 8.5000E+01 5.80333E-04
0.61 1.0000E+02 5.19792E-04
0.61 1.1000E+02 3.74413E-04
0.61 1.2000E+02 3.68906E-04
0.61 1.3000E+02 3.23790E-04
0.61 1.4000E+02 2.82342E-04
0.61 1.5000E+02 2.93500E-04
0.61 1.6000E+02 2.43255E-04
0.61 1.7000E+02 2.14643E-04
0.61 1.8000E+02 2.00394E-04
0.61 1.9000E+02 1.88728E-04
0.61 2.1000E+02 1.60173E-04
0.61 2.3000E+02 1.40429E-04
0.61 2.5000E+02 1.29502E-04
0.61 2.7000E+02 1.11706E-04
0.61 2.9000E+02 9.71579E-05
0.61 3.1000E+02 8.47780E-05
0.61 3.3000E+02 7.71684E-05
0.61 3.5000E+02 7.02318E-05
0.61 3.7000E+02 6.42450E-05
0.61 3.9000E+02 5.90005E-05
0.61 4.3000E+02 4.97237E-05
0.61 4.7000E+02 4.21088E-05
0.61 5.1000E+02 3.59778E-05 


0.62 2.5600E+01   NaN
0.62 2.6600E+01 2.41407E-05
0.62 2.7600E+01 7.46350E-05
0.62 2.8600E+01 2.23454E-04
0.62 2.9600E+01 4.97133E-04
0.62 3.0600E+01 7.92162E-04
0.62 3.1600E+01 8.27179E-04
0.62 3.2600E+01 6.73796E-04
0.62 3.3600E+01 5.76722E-04
0.62 3.4600E+01 6.65024E-04
0.62 4.0000E+01 7.47923E-04
0.62 4.5000E+01 8.24785E-04
0.62 5.0000E+01 9.54458E-04
0.62 5.5000E+01 9.65276E-04
0.62 6.0000E+01 8.24796E-04
0.62 6.5000E+01 7.47278E-04
0.62 7.0000E+01 7.12814E-04
0.62 7.5000E+01 6.72878E-04
0.62 8.0000E+01 5.03196E-04
0.62 8.5000E+01 5.68462E-04
0.62 1.0000E+02 4.71030E-04
0.62 1.1000E+02 3.91581E-04
0.62 1.2000E+02 3.70987E-04
0.62 1.3000E+02 3.42133E-04
0.62 1.4000E+02 2.93488E-04
0.62 1.5000E+02 2.88749E-04
0.62 1.6000E+02 2.59159E-04
0.62 1.7000E+02 2.24998E-04
0.62 1.8000E+02 2.04829E-04
0.62 1.9000E+02 1.92665E-04
0.62 2.1000E+02 1.68497E-04
0.62 2.3000E+02 1.42519E-04
0.62 2.5000E+02 1.23569E-04
0.62 2.7000E+02 1.16153E-04
0.62 2.9000E+02 1.01523E-04
0.62 3.1000E+02 8.93667E-05
0.62 3.3000E+02 7.97902E-05
0.62 3.5000E+02 7.24905E-05
0.62 3.7000E+02 6.64941E-05
0.62 3.9000E+02 6.08255E-05
0.62 4.3000E+02 5.14991E-05
0.62 4.7000E+02 4.38284E-05
0.62 5.1000E+02 3.75352E-05 


0.63 2.5600E+01   NaN
0.63 2.6600E+01 2.15592E-05
0.63 2.7600E+01 7.52410E-05
0.63 2.8600E+01 2.21729E-04
0.63 2.9600E+01 4.84340E-04
0.63 3.0600E+01 8.33137E-04
0.63 3.1600E+01 9.69392E-04
0.63 3.2600E+01 8.86733E-04
0.63 3.3600E+01 7.80340E-04
0.63 3.4600E+01 9.71413E-04
0.63 4.0000E+01 9.30285E-04
0.63 4.5000E+01 1.04959E-03
0.63 5.0000E+01 7.96906E-04
0.63 5.5000E+01 1.06077E-03
0.63 6.0000E+01 7.27759E-04
0.63 6.5000E+01 5.74775E-04
0.63 7.0000E+01 7.89009E-04
0.63 7.5000E+01 6.27807E-04
0.63 8.0000E+01 7.28171E-04
0.63 8.5000E+01 5.39383E-04
0.63 1.0000E+02 4.63482E-04
0.63 1.1000E+02 4.29674E-04
0.63 1.2000E+02 3.69028E-04
0.63 1.3000E+02 3.55905E-04
0.63 1.4000E+02 3.09667E-04
0.63 1.5000E+02 2.75538E-04
0.63 1.6000E+02 2.82247E-04
0.63 1.7000E+02 2.38432E-04
0.63 1.8000E+02 2.11596E-04
0.63 1.9000E+02 1.97028E-04
0.63 2.1000E+02 1.74130E-04
0.63 2.3000E+02 1.48917E-04
0.63 2.5000E+02 1.26983E-04
0.63 2.7000E+02 1.21466E-04
0.63 2.9000E+02 1.06022E-04
0.63 3.1000E+02 9.31295E-05
0.63 3.3000E+02 8.27599E-05
0.63 3.5000E+02 7.47615E-05
0.63 3.7000E+02 6.82907E-05
0.63 3.9000E+02 6.27431E-05
0.63 4.3000E+02 5.32791E-05
0.63 4.7000E+02 4.55034E-05
0.63 5.1000E+02 3.90958E-05 


0.64 2.5600E+01   NaN
0.64 2.6600E+01 1.87750E-05
0.64 2.7600E+01 6.32097E-05
0.64 2.8600E+01 1.91048E-04
0.64 2.9600E+01 4.44951E-04
0.64 3.0600E+01 7.53667E-04
0.64 3.1600E+01 1.04101E-03
0.64 3.2600E+01 1.01890E-03
0.64 3.3600E+01 9.68948E-04
0.64 3.4600E+01 7.24146E-04
0.64 4.0000E+01 1.03248E-03
0.64 4.5000E+01 1.17567E-03
0.64 5.0000E+01 7.75378E-04
0.64 5.5000E+01 6.88374E-04
0.64 6.0000E+01 7.50804E-04
0.64 6.5000E+01 8.05280E-04
0.64 7.0000E+01 8.21844E-04
0.64 7.5000E+01 6.62504E-04
0.64 8.0000E+01 7.23663E-04
0.64 8.5000E+01 5.13797E-04
0.64 1.0000E+02 4.88023E-04
0.64 1.1000E+02 5.25759E-04
0.64 1.2000E+02 3.70176E-04
0.64 1.3000E+02 3.62349E-04
0.64 1.4000E+02 3.26567E-04
0.64 1.5000E+02 2.83173E-04
0.64 1.6000E+02 2.84451E-04
0.64 1.7000E+02 2.53537E-04
0.64 1.8000E+02 2.21440E-04
0.64 1.9000E+02 2.01566E-04
0.64 2.1000E+02 1.78767E-04
0.64 2.3000E+02 1.55190E-04
0.64 2.5000E+02 1.32592E-04
0.64 2.7000E+02 1.18412E-04
0.64 2.9000E+02 1.10106E-04
0.64 3.1000E+02 9.70508E-05
0.64 3.3000E+02 8.60400E-05
0.64 3.5000E+02 7.72811E-05
0.64 3.7000E+02 7.03758E-05
0.64 3.9000E+02 6.46301E-05
0.64 4.3000E+02 5.49794E-05
0.64 4.7000E+02 4.71082E-05
0.64 5.1000E+02 4.05110E-05 


0.65 2.5600E+01   NaN
0.65 2.6600E+01 1.35384E-05
0.65 2.7600E+01 5.38637E-05
0.65 2.8600E+01 1.63394E-04
0.65 2.9600E+01 3.98075E-04
0.65 3.0600E+01 6.96324E-04
0.65 3.1600E+01 8.51535E-04
0.65 3.2600E+01 9.32259E-04
0.65 3.3600E+01 7.24231E-04
0.65 3.4600E+01 6.76571E-04
0.65 4.0000E+01 1.03294E-03
0.65 4.5000E+01 1.08787E-03
0.65 5.0000E+01 9.20842E-04
0.65 5.5000E+01 8.61064E-04
0.65 6.0000E+01 8.64030E-04
0.65 6.5000E+01 9.06648E-04
0.65 7.0000E+01 7.86637E-04
0.65 7.5000E+01 7.37693E-04
0.65 8.0000E+01 6.52702E-04
0.65 8.5000E+01 5.93259E-04
0.65 1.0000E+02 5.23575E-04
0.65 1.1000E+02 4.82588E-04
0.65 1.2000E+02 3.85689E-04
0.65 1.3000E+02 3.63259E-04
0.65 1.4000E+02 3.41305E-04
0.65 1.5000E+02 2.97460E-04
0.65 1.6000E+02 2.69196E-04
0.65 1.7000E+02 2.73872E-04
0.65 1.8000E+02 2.34257E-04
0.65 1.9000E+02 2.08468E-04
0.65 2.1000E+02 1.82681E-04
0.65 2.3000E+02 1.60983E-04
0.65 2.5000E+02 1.38453E-04
0.65 2.7000E+02 1.19420E-04
0.65 2.9000E+02 1.14287E-04
0.65 3.1000E+02 1.01007E-04
0.65 3.3000E+02 8.95406E-05
0.65 3.5000E+02 8.01200E-05
0.65 3.7000E+02 7.25832E-05
0.65 3.9000E+02 6.66934E-05
0.65 4.3000E+02 5.66947E-05
0.65 4.7000E+02 4.86388E-05
0.65 5.1000E+02 4.21326E-05 


