0.40 2.5600E+01 4.68534E-04
0.40 2.6600E+01 5.08186E-04
0.40 2.7600E+01 5.85929E-04
0.40 2.8600E+01 5.52423E-04
0.40 2.9600E+01 6.29251E-04
0.40 3.0600E+01 6.89226E-04
0.40 3.1600E+01 5.41545E-04
0.40 3.2600E+01 7.22571E-04
0.40 3.3600E+01 9.97128E-04
0.40 3.4600E+01 6.21970E-04
0.40 4.0000E+01 6.63644E-04
0.40 4.5000E+01 4.24363E-04
0.40 5.0000E+01 3.83568E-04
0.40 5.5000E+01 2.05613E-04
0.40 6.0000E+01 3.02379E-04
0.40 6.5000E+01 2.80508E-04
0.40 7.0000E+01 1.54867E-04
0.40 7.5000E+01 1.31116E-04
0.40 8.0000E+01 6.01271E-05
0.40 8.5000E+01 7.29505E-05
0.40 1.0000E+02 1.10085E-04
0.40 1.1000E+02 2.70147E-05
0.40 1.2000E+02 3.43384E-05
0.40 1.3000E+02 3.34149E-05
0.40 1.4000E+02 2.24986E-05
0.40 1.5000E+02 1.75961E-05
0.40 1.6000E+02 4.79261E-06
0.40 1.7000E+02 1.20122E-05
0.40 1.8000E+02 1.15853E-05
0.40 1.9000E+02 1.12153E-05
0.40 2.1000E+02 7.39214E-06
0.40 2.3000E+02 3.92932E-06
0.40 2.5000E+02 3.38722E-06
0.40 2.7000E+02 2.95119E-06
0.40 2.9000E+02 2.32769E-06
0.40 3.1000E+02 2.02051E-06
0.40 3.3000E+02 1.57029E-06
0.40 3.5000E+02 1.33783E-06
0.40 3.7000E+02 1.11402E-06
0.40 3.9000E+02 9.74947E-07
0.40 4.3000E+02 7.05150E-07
0.40 4.7000E+02 5.18370E-07
0.40 5.1000E+02 3.44032E-07 


0.41 2.5600E+01 3.54419E-04
0.41 2.6600E+01 3.33107E-04
0.41 2.7600E+01 9.41849E-04
0.41 2.8600E+01 4.95800E-04
0.41 2.9600E+01 7.52820E-04
0.41 3.0600E+01 8.29539E-04
0.41 3.1600E+01 7.11696E-04
0.41 3.2600E+01 8.49695E-04
0.41 3.3600E+01 1.00748E-03
0.41 3.4600E+01 8.91719E-04
0.41 4.0000E+01 6.50177E-04
0.41 4.5000E+01 4.52102E-04
0.41 5.0000E+01 4.99201E-04
0.41 5.5000E+01 3.23057E-04
0.41 6.0000E+01 1.57798E-04
0.41 6.5000E+01 2.80930E-04
0.41 7.0000E+01 1.44671E-04
0.41 7.5000E+01 7.50102E-05
0.41 8.0000E+01 1.12250E-04
0.41 8.5000E+01 4.09549E-05
0.41 1.0000E+02 8.43771E-05
0.41 1.1000E+02 6.60565E-05
0.41 1.2000E+02 4.83200E-05
0.41 1.3000E+02 3.21288E-05
0.41 1.4000E+02 2.41304E-05
0.41 1.5000E+02 2.09516E-05
0.41 1.6000E+02 1.69518E-05
0.41 1.7000E+02 1.32314E-05
0.41 1.8000E+02 1.10988E-05
0.41 1.9000E+02 1.01607E-05
0.41 2.1000E+02 8.14826E-06
0.41 2.3000E+02 5.56432E-06
0.41 2.5000E+02 3.31114E-06
0.41 2.7000E+02 4.03223E-06
0.41 2.9000E+02 2.84881E-06
0.41 3.1000E+02 1.99433E-06
0.41 3.3000E+02 1.65074E-06
0.41 3.5000E+02 1.46071E-06
0.41 3.7000E+02 1.32057E-06
0.41 3.9000E+02 1.01495E-06
0.41 4.3000E+02 7.27418E-07
0.41 4.7000E+02 5.31341E-07
0.41 5.1000E+02 3.93024E-07 


0.42 2.5600E+01 3.82912E-04
0.42 2.6600E+01 4.68738E-04
0.42 2.7600E+01 5.49163E-04
0.42 2.8600E+01 9.05178E-04
0.42 2.9600E+01 5.82566E-04
0.42 3.0600E+01 7.14038E-04
0.42 3.1600E+01 6.75348E-04
0.42 3.2600E+01 8.73656E-04
0.42 3.3600E+01 9.37898E-04
0.42 3.4600E+01 6.72278E-04
0.42 4.0000E+01 6.82954E-04
0.42 4.5000E+01 2.68011E-04
0.42 5.0000E+01 6.22649E-04
0.42 5.5000E+01 1.66441E-04
0.42 6.0000E+01 3.05115E-04
0.42 6.5000E+01 2.65846E-04
0.42 7.0000E+01 1.55367E-04
0.42 7.5000E+01 1.28627E-04
0.42 8.0000E+01 1.14522E-04
0.42 8.5000E+01 6.76783E-05
0.42 1.0000E+02 5.66287E-05
0.42 1.1000E+02 7.29989E-05
0.42 1.2000E+02 2.34322E-05
0.42 1.3000E+02 3.71102E-05
0.42 1.4000E+02 2.95096E-05
0.42 1.5000E+02 2.16221E-05
0.42 1.6000E+02 1.83688E-05
0.42 1.7000E+02 1.53599E-05
0.42 1.8000E+02 1.17193E-05
0.42 1.9000E+02 9.86778E-06
0.42 2.1000E+02 8.23517E-06
0.42 2.3000E+02 6.88190E-06
0.42 2.5000E+02 3.28409E-06
0.42 2.7000E+02 2.86654E-06
0.42 2.9000E+02 2.50869E-06
0.42 3.1000E+02 2.07730E-06
0.42 3.3000E+02 1.72303E-06
0.42 3.5000E+02 1.47546E-06
0.42 3.7000E+02 1.24843E-06
0.42 3.9000E+02 8.13928E-07
0.42 4.3000E+02 7.93785E-07
0.42 4.7000E+02 5.81667E-07
0.42 5.1000E+02 4.07577E-07 


0.43 2.5600E+01 3.77856E-04
0.43 2.6600E+01 5.25624E-04
0.43 2.7600E+01 7.22246E-04
0.43 2.8600E+01 7.88374E-04
0.43 2.9600E+01 8.44253E-04
0.43 3.0600E+01 8.76389E-04
0.43 3.1600E+01 6.79198E-04
0.43 3.2600E+01 8.39199E-04
0.43 3.3600E+01 7.84317E-04
0.43 3.4600E+01 9.65781E-04
0.43 4.0000E+01 6.76099E-04
0.43 4.5000E+01 3.47070E-04
0.43 5.0000E+01 5.57562E-04
0.43 5.5000E+01 2.98602E-04
0.43 6.0000E+01 2.56627E-04
0.43 6.5000E+01 3.30205E-04
0.43 7.0000E+01 1.75321E-04
0.43 7.5000E+01 1.50222E-04
0.43 8.0000E+01 9.01142E-05
0.43 8.5000E+01 8.91756E-05
0.43 1.0000E+02 4.81444E-05
0.43 1.1000E+02 6.06335E-05
0.43 1.2000E+02 4.66534E-05
0.43 1.3000E+02 3.04322E-05
0.43 1.4000E+02 2.75401E-05
0.43 1.5000E+02 2.22984E-05
0.43 1.6000E+02 1.93885E-05
0.43 1.7000E+02 1.64718E-05
0.43 1.8000E+02 1.34639E-05
0.43 1.9000E+02 1.08327E-05
0.43 2.1000E+02 7.68428E-06
0.43 2.3000E+02 7.30338E-06
0.43 2.5000E+02 4.91669E-06
0.43 2.7000E+02 3.00314E-06
0.43 2.9000E+02 2.44878E-06
0.43 3.1000E+02 2.10080E-06
0.43 3.3000E+02 1.79749E-06
0.43 3.5000E+02 1.49742E-06
0.43 3.7000E+02 1.28218E-06
0.43 3.9000E+02 1.10238E-06
0.43 4.3000E+02 6.80850E-07
0.43 4.7000E+02 6.13267E-07
0.43 5.1000E+02 4.72536E-07 


0.44 2.5600E+01 3.86989E-04
0.44 2.6600E+01 6.45690E-04
0.44 2.7600E+01 5.22508E-04
0.44 2.8600E+01 8.94321E-04
0.44 2.9600E+01 7.80713E-04
0.44 3.0600E+01 1.12418E-03
0.44 3.1600E+01 1.00707E-03
0.44 3.2600E+01 6.09726E-04
0.44 3.3600E+01 7.81733E-04
0.44 3.4600E+01 9.53191E-04
0.44 4.0000E+01 6.32667E-04
0.44 4.5000E+01 5.02428E-04
0.44 5.0000E+01 5.40441E-04
0.44 5.5000E+01 2.97144E-04
0.44 6.0000E+01 1.84842E-04
0.44 6.5000E+01 2.54452E-04
0.44 7.0000E+01 2.15313E-04
0.44 7.5000E+01 1.65477E-04
0.44 8.0000E+01 1.13770E-04
0.44 8.5000E+01 1.00588E-04
0.44 1.0000E+02 7.81388E-05
0.44 1.1000E+02 5.13245E-05
0.44 1.2000E+02 5.10141E-05
0.44 1.3000E+02 4.93077E-05
0.44 1.4000E+02 2.47632E-05
0.44 1.5000E+02 2.31878E-05
0.44 1.6000E+02 2.08747E-05
0.44 1.7000E+02 1.75501E-05
0.44 1.8000E+02 1.43842E-05
0.44 1.9000E+02 1.15313E-05
0.44 2.1000E+02 8.05618E-06
0.44 2.3000E+02 6.72624E-06
0.44 2.5000E+02 5.67810E-06
0.44 2.7000E+02 3.07864E-06
0.44 2.9000E+02 2.47531E-06
0.44 3.1000E+02 2.29011E-06
0.44 3.3000E+02 1.81252E-06
0.44 3.5000E+02 1.57237E-06
0.44 3.7000E+02 1.30333E-06
0.44 3.9000E+02 1.13293E-06
0.44 4.3000E+02 9.27111E-07
0.44 4.7000E+02 6.42209E-07
0.44 5.1000E+02 4.87114E-07 


0.45 2.5600E+01 3.07744E-04
0.45 2.6600E+01 6.46687E-04
0.45 2.7600E+01 7.45385E-04
0.45 2.8600E+01 1.07301E-03
0.45 2.9600E+01 8.06313E-04
0.45 3.0600E+01 8.09337E-04
0.45 3.1600E+01 1.05283E-03
0.45 3.2600E+01 8.50187E-04
0.45 3.3600E+01 8.39585E-04
0.45 3.4600E+01 7.29676E-04
0.45 4.0000E+01 8.31931E-04
0.45 4.5000E+01 4.46717E-04
0.45 5.0000E+01 5.20198E-04
0.45 5.5000E+01 3.08074E-04
0.45 6.0000E+01 2.68291E-04
0.45 6.5000E+01 3.04077E-04
0.45 7.0000E+01 2.08258E-04
0.45 7.5000E+01 1.54499E-04
0.45 8.0000E+01 1.53308E-04
0.45 8.5000E+01 1.16110E-04
0.45 1.0000E+02 8.54200E-05
0.45 1.1000E+02 5.70324E-05
0.45 1.2000E+02 4.68240E-05
0.45 1.3000E+02 3.64236E-05
0.45 1.4000E+02 2.72220E-05
0.45 1.5000E+02 2.24836E-05
0.45 1.6000E+02 2.09193E-05
0.45 1.7000E+02 1.91979E-05
0.45 1.8000E+02 1.55743E-05
0.45 1.9000E+02 1.26097E-05
0.45 2.1000E+02 8.64077E-06
0.45 2.3000E+02 6.49678E-06
0.45 2.5000E+02 5.78395E-06
0.45 2.7000E+02 3.63086E-06
0.45 2.9000E+02 2.60054E-06
0.45 3.1000E+02 2.21429E-06
0.45 3.3000E+02 1.81582E-06
0.45 3.5000E+02 1.56749E-06
0.45 3.7000E+02 1.71936E-06
0.45 3.9000E+02 1.11649E-06
0.45 4.3000E+02 9.24397E-07
0.45 4.7000E+02 7.58123E-07
0.45 5.1000E+02 1.36136E-06 


0.46 2.5600E+01 2.78668E-04
0.46 2.6600E+01 7.99608E-04
0.46 2.7600E+01 5.43727E-04
0.46 2.8600E+01 9.25383E-04
0.46 2.9600E+01 1.00049E-03
0.46 3.0600E+01 8.91485E-04
0.46 3.1600E+01 1.13627E-03
0.46 3.2600E+01 1.06163E-03
0.46 3.3600E+01 7.29127E-04
0.46 3.4600E+01 1.13002E-03
0.46 4.0000E+01 7.07241E-04
0.46 4.5000E+01 5.18773E-04
0.46 5.0000E+01 3.97320E-04
0.46 5.5000E+01 3.84403E-04
0.46 6.0000E+01 3.21005E-04
0.46 6.5000E+01 2.30369E-04
0.46 7.0000E+01 2.36896E-04
0.46 7.5000E+01 1.62438E-04
0.46 8.0000E+01 1.49662E-04
0.46 8.5000E+01 1.19838E-04
0.46 1.0000E+02 9.26932E-05
0.46 1.1000E+02 6.35695E-05
0.46 1.2000E+02 4.66072E-05
0.46 1.3000E+02 4.61929E-05
0.46 1.4000E+02 1.50731E-05
0.46 1.5000E+02 3.01751E-05
0.46 1.6000E+02 2.18668E-05
0.46 1.7000E+02 1.83683E-05
0.46 1.8000E+02 1.55583E-05
0.46 1.9000E+02 1.85045E-05
0.46 2.1000E+02 8.78590E-06
0.46 2.3000E+02 6.56442E-06
0.46 2.5000E+02 4.32619E-06
0.46 2.7000E+02 5.22452E-06
0.46 2.9000E+02 3.32499E-06
0.46 3.1000E+02 2.28129E-06
0.46 3.3000E+02 1.88872E-06
0.46 3.5000E+02 1.61642E-06
0.46 3.7000E+02 1.60398E-06
0.46 3.9000E+02 1.21103E-06
0.46 4.3000E+02 9.02663E-07
0.46 4.7000E+02 6.89597E-07
0.46 5.1000E+02 5.27470E-07 


0.47 2.5600E+01 2.33782E-04
0.47 2.6600E+01 7.81812E-04
0.47 2.7600E+01 7.88277E-04
0.47 2.8600E+01 1.05812E-03
0.47 2.9600E+01 9.40676E-04
0.47 3.0600E+01 6.74021E-04
0.47 3.1600E+01 9.06964E-04
0.47 3.2600E+01 8.90056E-04
0.47 3.3600E+01 9.07610E-04
0.47 3.4600E+01 8.65794E-04
0.47 4.0000E+01 6.27036E-04
0.47 4.5000E+01 7.64051E-04
0.47 5.0000E+01 5.20461E-04
0.47 5.5000E+01 4.71362E-04
0.47 6.0000E+01 3.08414E-04
0.47 6.5000E+01 2.92021E-04
0.47 7.0000E+01 2.59779E-04
0.47 7.5000E+01 1.87305E-04
0.47 8.0000E+01 1.36606E-04
0.47 8.5000E+01 1.48828E-04
0.47 1.0000E+02 9.09010E-05
0.47 1.1000E+02 7.67365E-05
0.47 1.2000E+02 4.89793E-05
0.47 1.3000E+02 4.19545E-05
0.47 1.4000E+02 3.82544E-05
0.47 1.5000E+02 2.19347E-05
0.47 1.6000E+02 1.99656E-05
0.47 1.7000E+02 1.62297E-05
0.47 1.8000E+02 1.99244E-05
0.47 1.9000E+02 1.47348E-05
0.47 2.1000E+02 1.01580E-05
0.47 2.3000E+02 6.79749E-06
0.47 2.5000E+02 5.37782E-06
0.47 2.7000E+02 4.87845E-06
0.47 2.9000E+02 4.10472E-06
0.47 3.1000E+02 2.50741E-06
0.47 3.3000E+02 1.79772E-06
0.47 3.5000E+02 1.61016E-06
0.47 3.7000E+02 1.38872E-06
0.47 3.9000E+02 1.19279E-06
0.47 4.3000E+02 8.90486E-07
0.47 4.7000E+02 6.94149E-07
0.47 5.1000E+02 5.09277E-07 


0.48 2.5600E+01 1.57439E-04
0.48 2.6600E+01 8.29219E-04
0.48 2.7600E+01 7.20774E-04
0.48 2.8600E+01 7.88100E-04
0.48 2.9600E+01 1.37246E-03
0.48 3.0600E+01 9.71669E-04
0.48 3.1600E+01 1.07236E-03
0.48 3.2600E+01 1.26804E-03
0.48 3.3600E+01 1.02793E-03
0.48 3.4600E+01 7.78630E-04
0.48 4.0000E+01 6.99852E-04
0.48 4.5000E+01 9.45209E-04
0.48 5.0000E+01 5.59071E-04
0.48 5.5000E+01 5.12902E-04
0.48 6.0000E+01 2.84709E-04
0.48 6.5000E+01 3.16715E-04
0.48 7.0000E+01 2.27943E-04
0.48 7.5000E+01 2.24317E-04
0.48 8.0000E+01 1.51711E-04
0.48 8.5000E+01 1.35956E-04
0.48 1.0000E+02 8.74076E-05
0.48 1.1000E+02 7.75365E-05
0.48 1.2000E+02 7.76184E-05
0.48 1.3000E+02 3.90933E-05
0.48 1.4000E+02 3.63865E-05
0.48 1.5000E+02 2.97565E-05
0.48 1.6000E+02 2.46349E-05
0.48 1.7000E+02 1.87811E-05
0.48 1.8000E+02 2.80607E-05
0.48 1.9000E+02 1.51249E-05
0.48 2.1000E+02 1.12443E-05
0.48 2.3000E+02 7.78019E-06
0.48 2.5000E+02 5.59581E-06
0.48 2.7000E+02 4.75014E-06
0.48 2.9000E+02 4.09378E-06
0.48 3.1000E+02 3.41262E-06
0.48 3.3000E+02 1.77805E-06
0.48 3.5000E+02 1.73759E-06
0.48 3.7000E+02 1.58308E-06
0.48 3.9000E+02 1.37238E-06
0.48 4.3000E+02 6.28751E-07
0.48 4.7000E+02 6.61726E-07
0.48 5.1000E+02 5.67001E-07 


0.49 2.5600E+01 1.70063E-04
0.49 2.6600E+01 7.71403E-04
0.49 2.7600E+01 9.29619E-04
0.49 2.8600E+01 1.05717E-03
0.49 2.9600E+01 1.21334E-03
0.49 3.0600E+01 1.13935E-03
0.49 3.1600E+01 1.02734E-03
0.49 3.2600E+01 1.11202E-03
0.49 3.3600E+01 8.60377E-04
0.49 3.4600E+01 1.03181E-03
0.49 4.0000E+01 8.03311E-04
0.49 4.5000E+01 6.42454E-04
0.49 5.0000E+01 4.59842E-04
0.49 5.5000E+01 3.99266E-04
0.49 6.0000E+01 3.65877E-04
0.49 6.5000E+01 3.07006E-04
0.49 7.0000E+01 2.13512E-04
0.49 7.5000E+01 2.40595E-04
0.49 8.0000E+01 1.80907E-04
0.49 8.5000E+01 1.29837E-04
0.49 1.0000E+02 7.46073E-05
0.49 1.1000E+02 8.15139E-05
0.49 1.2000E+02 6.15568E-05
0.49 1.3000E+02 4.25385E-05
0.49 1.4000E+02 3.69792E-05
0.49 1.5000E+02 3.22549E-05
0.49 1.6000E+02 1.98695E-05
0.49 1.7000E+02 1.84018E-05
0.49 1.8000E+02 1.64997E-05
0.49 1.9000E+02 1.47348E-05
0.49 2.1000E+02 1.17269E-05
0.49 2.3000E+02 8.57867E-06
0.49 2.5000E+02 6.01018E-06
0.49 2.7000E+02 4.71662E-06
0.49 2.9000E+02 4.19067E-06
0.49 3.1000E+02 3.66726E-06
0.49 3.3000E+02 2.79966E-06
0.49 3.5000E+02 1.75008E-06
0.49 3.7000E+02 1.33367E-06
0.49 3.9000E+02 8.32894E-07
0.49 4.3000E+02 9.89073E-07
0.49 4.7000E+02 7.38231E-07
0.49 5.1000E+02 5.68873E-07 


0.50 2.5600E+01 1.42623E-04
0.50 2.6600E+01 7.29629E-04
0.50 2.7600E+01 9.87025E-04
0.50 2.8600E+01 7.55584E-04
0.50 2.9600E+01 1.23165E-03
0.50 3.0600E+01 1.09849E-03
0.50 3.1600E+01 9.45444E-04
0.50 3.2600E+01 1.10621E-03
0.50 3.3600E+01 1.31238E-03
0.50 3.4600E+01 1.15763E-03
0.50 4.0000E+01 7.84062E-04
0.50 4.5000E+01 9.25407E-04
0.50 5.0000E+01 4.77628E-04
0.50 5.5000E+01 3.77110E-04
0.50 6.0000E+01 4.88689E-04
0.50 6.5000E+01 2.69039E-04
0.50 7.0000E+01 2.63376E-04
0.50 7.5000E+01 2.26657E-04
0.50 8.0000E+01 2.08814E-04
0.50 8.5000E+01 1.46503E-04
0.50 1.0000E+02 9.71177E-05
0.50 1.1000E+02 8.20330E-05
0.50 1.2000E+02 6.75656E-05
0.50 1.3000E+02 4.74995E-05
0.50 1.4000E+02 3.60039E-05
0.50 1.5000E+02 3.14335E-05
0.50 1.6000E+02 2.93679E-05
0.50 1.7000E+02 1.67712E-05
0.50 1.8000E+02 1.63195E-05
0.50 1.9000E+02 1.47644E-05
0.50 2.1000E+02 1.21855E-05
0.50 2.3000E+02 9.74814E-06
0.50 2.5000E+02 6.60644E-06
0.50 2.7000E+02 4.83784E-06
0.50 2.9000E+02 4.17355E-06
0.50 3.1000E+02 4.20564E-06
0.50 3.3000E+02 3.27750E-06
0.50 3.5000E+02 1.93550E-06
0.50 3.7000E+02 1.53982E-06
0.50 3.9000E+02 1.31742E-06
0.50 4.3000E+02 9.93156E-07
0.50 4.7000E+02 7.70548E-07
0.50 5.1000E+02 6.06933E-07 


0.51 2.5600E+01 1.41136E-04
0.51 2.6600E+01 7.09880E-04
0.51 2.7600E+01 1.06038E-03
0.51 2.8600E+01 8.57218E-04
0.51 2.9600E+01 1.24038E-03
0.51 3.0600E+01 1.43244E-03
0.51 3.1600E+01 1.14787E-03
0.51 3.2600E+01 1.14493E-03
0.51 3.3600E+01 1.47386E-03
0.51 3.4600E+01 9.49905E-04
0.51 4.0000E+01 1.01746E-03
0.51 4.5000E+01 8.61726E-04
0.51 5.0000E+01 6.79663E-04
0.51 5.5000E+01 5.41291E-04
0.51 6.0000E+01 4.54728E-04
0.51 6.5000E+01 2.82066E-04
0.51 7.0000E+01 2.94691E-04
0.51 7.5000E+01 1.60257E-04
0.51 8.0000E+01 2.25595E-04
0.51 8.5000E+01 1.73418E-04
0.51 1.0000E+02 1.16492E-04
0.51 1.1000E+02 6.96627E-05
0.51 1.2000E+02 7.04920E-05
0.51 1.3000E+02 5.34084E-05
0.51 1.4000E+02 3.71884E-05
0.51 1.5000E+02 3.24846E-05
0.51 1.6000E+02 3.08363E-05
0.51 1.7000E+02 2.14285E-05
0.51 1.8000E+02 1.48741E-05
0.51 1.9000E+02 1.46254E-05
0.51 2.1000E+02 1.22817E-05
0.51 2.3000E+02 9.72565E-06
0.51 2.5000E+02 7.07242E-06
0.51 2.7000E+02 5.12850E-06
0.51 2.9000E+02 4.03332E-06
0.51 3.1000E+02 3.54073E-06
0.51 3.3000E+02 3.26531E-06
0.51 3.5000E+02 2.75888E-06
0.51 3.7000E+02 1.57455E-06
0.51 3.9000E+02 1.32034E-06
0.51 4.3000E+02 1.00688E-06
0.51 4.7000E+02 7.85502E-07
0.51 5.1000E+02 6.16829E-07 


0.52 2.5600E+01 1.11412E-04
0.52 2.6600E+01 6.38350E-04
0.52 2.7600E+01 1.17920E-03
0.52 2.8600E+01 1.05095E-03
0.52 2.9600E+01 8.62344E-04
0.52 3.0600E+01 1.37163E-03
0.52 3.1600E+01 1.27721E-03
0.52 3.2600E+01 9.93846E-04
0.52 3.3600E+01 1.06957E-03
0.52 3.4600E+01 1.43990E-03
0.52 4.0000E+01 1.20666E-03
0.52 4.5000E+01 6.93689E-04
0.52 5.0000E+01 8.45450E-04
0.52 5.5000E+01 5.10128E-04
0.52 6.0000E+01 4.05960E-04
0.52 6.5000E+01 3.37529E-04
0.52 7.0000E+01 2.66091E-04
0.52 7.5000E+01 2.27255E-04
0.52 8.0000E+01 2.04739E-04
0.52 8.5000E+01 1.98666E-04
0.52 1.0000E+02 1.15727E-04
0.52 1.1000E+02 6.18431E-05
0.52 1.2000E+02 6.97554E-05
0.52 1.3000E+02 5.85545E-05
0.52 1.4000E+02 4.17717E-05
0.52 1.5000E+02 3.19337E-05
0.52 1.6000E+02 2.98595E-05
0.52 1.7000E+02 2.71508E-05
0.52 1.8000E+02 1.57946E-05
0.52 1.9000E+02 1.38967E-05
0.52 2.1000E+02 1.16965E-05
0.52 2.3000E+02 9.85772E-06
0.52 2.5000E+02 7.40684E-06
0.52 2.7000E+02 5.50556E-06
0.52 2.9000E+02 4.21502E-06
0.52 3.1000E+02 3.47089E-06
0.52 3.3000E+02 3.15410E-06
0.52 3.5000E+02 2.82939E-06
0.52 3.7000E+02 2.25205E-06
0.52 3.9000E+02 1.38594E-06
0.52 4.3000E+02 1.04271E-06
0.52 4.7000E+02 8.14558E-07
0.52 5.1000E+02 6.29054E-07 


0.53 2.5600E+01 9.45597E-05
0.53 2.6600E+01 5.64322E-04
0.53 2.7600E+01 1.21710E-03
0.53 2.8600E+01 9.37581E-04
0.53 2.9600E+01 1.26617E-03
0.53 3.0600E+01 1.29821E-03
0.53 3.1600E+01 1.27190E-03
0.53 3.2600E+01 1.13986E-03
0.53 3.3600E+01 1.31212E-03
0.53 3.4600E+01 1.40441E-03
0.53 4.0000E+01 1.09766E-03
0.53 4.5000E+01 6.38069E-04
0.53 5.0000E+01 5.87654E-04
0.53 5.5000E+01 4.32727E-04
0.53 6.0000E+01 4.70703E-04
0.53 6.5000E+01 4.13895E-04
0.53 7.0000E+01 2.47700E-04
0.53 7.5000E+01 2.70677E-04
0.53 8.0000E+01 1.54597E-04
0.53 8.5000E+01 2.08161E-04
0.53 1.0000E+02 1.07512E-04
0.53 1.1000E+02 8.93506E-05
0.53 1.2000E+02 6.41656E-05
0.53 1.3000E+02 6.16100E-05
0.53 1.4000E+02 4.69918E-05
0.53 1.5000E+02 3.40014E-05
0.53 1.6000E+02 2.83080E-05
0.53 1.7000E+02 2.73221E-05
0.53 1.8000E+02 2.31036E-05
0.53 1.9000E+02 1.35371E-05
0.53 2.1000E+02 1.18520E-05
0.53 2.3000E+02 1.02345E-05
0.53 2.5000E+02 8.22352E-06
0.53 2.7000E+02 5.94761E-06
0.53 2.9000E+02 4.49600E-06
0.53 3.1000E+02 3.49782E-06
0.53 3.3000E+02 3.02270E-06
0.53 3.5000E+02 2.74082E-06
0.53 3.7000E+02 2.52386E-06
0.53 3.9000E+02 1.90549E-06
0.53 4.3000E+02 1.05988E-06
0.53 4.7000E+02 8.19761E-07
0.53 5.1000E+02 6.67134E-07 


0.54 2.5600E+01 8.12179E-05
0.54 2.6600E+01 4.96154E-04
0.54 2.7600E+01 1.21647E-03
0.54 2.8600E+01 1.28633E-03
0.54 2.9600E+01 9.28339E-04
0.54 3.0600E+01 1.53330E-03
0.54 3.1600E+01 1.63161E-03
0.54 3.2600E+01 1.28960E-03
0.54 3.3600E+01 1.25297E-03
0.54 3.4600E+01 1.14438E-03
0.54 4.0000E+01 9.45088E-04
0.54 4.5000E+01 1.07010E-03
0.54 5.0000E+01 6.77572E-04
0.54 5.5000E+01 4.71625E-04
0.54 6.0000E+01 5.20932E-04
0.54 6.5000E+01 4.51733E-04
0.54 7.0000E+01 2.79105E-04
0.54 7.5000E+01 2.59214E-04
0.54 8.0000E+01 2.01537E-04
0.54 8.5000E+01 1.92226E-04
0.54 1.0000E+02 1.05616E-04
0.54 1.1000E+02 1.01803E-04
0.54 1.2000E+02 5.67151E-05
0.54 1.3000E+02 6.13319E-05
0.54 1.4000E+02 5.14525E-05
0.54 1.5000E+02 3.73254E-05
0.54 1.6000E+02 2.87984E-05
0.54 1.7000E+02 2.63329E-05
0.54 1.8000E+02 2.46616E-05
0.54 1.9000E+02 1.91511E-05
0.54 2.1000E+02 1.16402E-05
0.54 2.3000E+02 1.01275E-05
0.54 2.5000E+02 8.39753E-06
0.54 2.7000E+02 6.44387E-06
0.54 2.9000E+02 4.92835E-06
0.54 3.1000E+02 3.71744E-06
0.54 3.3000E+02 3.00059E-06
0.54 3.5000E+02 2.81894E-06
0.54 3.7000E+02 2.45773E-06
0.54 3.9000E+02 2.16058E-06
0.54 4.3000E+02 1.10711E-06
0.54 4.7000E+02 8.42104E-07
0.54 5.1000E+02 6.62275E-07 


0.55 2.5600E+01 7.55115E-05
0.55 2.6600E+01 4.53651E-04
0.55 2.7600E+01 1.18802E-03
0.55 2.8600E+01 1.30454E-03
0.55 2.9600E+01 1.02193E-03
0.55 3.0600E+01 1.19615E-03
0.55 3.1600E+01 1.54746E-03
0.55 3.2600E+01 1.41323E-03
0.55 3.3600E+01 1.13289E-03
0.55 3.4600E+01 1.26796E-03
0.55 4.0000E+01 1.31870E-03
0.55 4.5000E+01 8.65880E-04
0.55 5.0000E+01 8.48567E-04
0.55 5.5000E+01 6.47653E-04
0.55 6.0000E+01 5.59933E-04
0.55 6.5000E+01 3.27769E-04
0.55 7.0000E+01 3.41791E-04
0.55 7.5000E+01 2.32564E-04
0.55 8.0000E+01 2.50135E-04
0.55 8.5000E+01 1.41451E-04
0.55 1.0000E+02 1.17978E-04
0.55 1.1000E+02 9.96564E-05
0.55 1.2000E+02 6.20079E-05
0.55 1.3000E+02 5.79829E-05
0.55 1.4000E+02 5.41281E-05
0.55 1.5000E+02 4.16646E-05
0.55 1.6000E+02 3.10284E-05
0.55 1.7000E+02 2.49697E-05
0.55 1.8000E+02 2.44544E-05
0.55 1.9000E+02 2.29748E-05
0.55 2.1000E+02 1.12146E-05
0.55 2.3000E+02 9.84636E-06
0.55 2.5000E+02 8.53318E-06
0.55 2.7000E+02 6.85901E-06
0.55 2.9000E+02 5.17790E-06
0.55 3.1000E+02 4.01708E-06
0.55 3.3000E+02 3.09391E-06
0.55 3.5000E+02 2.41761E-06
0.55 3.7000E+02 2.45745E-06
0.55 3.9000E+02 2.16527E-06
0.55 4.3000E+02 1.13754E-06
0.55 4.7000E+02 8.65222E-07
0.55 5.1000E+02 6.79199E-07 


0.56 2.5600E+01 6.76472E-05
0.56 2.6600E+01 4.01985E-04
0.56 2.7600E+01 1.07299E-03
0.56 2.8600E+01 1.41410E-03
0.56 2.9600E+01 1.35251E-03
0.56 3.0600E+01 1.31208E-03
0.56 3.1600E+01 1.48412E-03
0.56 3.2600E+01 1.46377E-03
0.56 3.3600E+01 1.38815E-03
0.56 3.4600E+01 1.50215E-03
0.56 4.0000E+01 1.02536E-03
0.56 4.5000E+01 7.99338E-04
0.56 5.0000E+01 8.35942E-04
0.56 5.5000E+01 7.90855E-04
0.56 6.0000E+01 4.94453E-04
0.56 6.5000E+01 3.54813E-04
0.56 7.0000E+01 4.07815E-04
0.56 7.5000E+01 2.37347E-04
0.56 8.0000E+01 2.46933E-04
0.56 8.5000E+01 1.84122E-04
0.56 1.0000E+02 1.37793E-04
0.56 1.1000E+02 9.26168E-05
0.56 1.2000E+02 8.46136E-05
0.56 1.3000E+02 5.09027E-05
0.56 1.4000E+02 5.41428E-05
0.56 1.5000E+02 4.55855E-05
0.56 1.6000E+02 3.38617E-05
0.56 1.7000E+02 2.58112E-05
0.56 1.8000E+02 2.04958E-05
0.56 1.9000E+02 2.21212E-05
0.56 2.1000E+02 1.15768E-05
0.56 2.3000E+02 9.74314E-06
0.56 2.5000E+02 8.57081E-06
0.56 2.7000E+02 7.09928E-06
0.56 2.9000E+02 5.59780E-06
0.56 3.1000E+02 4.32673E-06
0.56 3.3000E+02 3.28479E-06
0.56 3.5000E+02 2.64649E-06
0.56 3.7000E+02 2.34530E-06
0.56 3.9000E+02 2.16073E-06
0.56 4.3000E+02 1.67328E-06
0.56 4.7000E+02 8.97290E-07
0.56 5.1000E+02 6.90621E-07 


0.57 2.5600E+01 5.70136E-05
0.57 2.6600E+01 3.46554E-04
0.57 2.7600E+01 1.05752E-03
0.57 2.8600E+01 1.58393E-03
0.57 2.9600E+01 1.08386E-03
0.57 3.0600E+01 1.36327E-03
0.57 3.1600E+01 1.72767E-03
0.57 3.2600E+01 1.86114E-03
0.57 3.3600E+01 1.49509E-03
0.57 3.4600E+01 1.12754E-03
0.57 4.0000E+01 9.38613E-04
0.57 4.5000E+01 1.01160E-03
0.57 5.0000E+01 6.73433E-04
0.57 5.5000E+01 5.53633E-04
0.57 6.0000E+01 4.42733E-04
0.57 6.5000E+01 4.53559E-04
0.57 7.0000E+01 4.02671E-04
0.57 7.5000E+01 2.83478E-04
0.57 8.0000E+01 2.19763E-04
0.57 8.5000E+01 2.27523E-04
0.57 1.0000E+02 1.56918E-04
0.57 1.1000E+02 9.20406E-05
0.57 1.2000E+02 8.95426E-05
0.57 1.3000E+02 4.57939E-05
0.57 1.4000E+02 5.16889E-05
0.57 1.5000E+02 4.78576E-05
0.57 1.6000E+02 3.73427E-05
0.57 1.7000E+02 2.82019E-05
0.57 1.8000E+02 2.25425E-05
0.57 1.9000E+02 2.11610E-05
0.57 2.1000E+02 1.66104E-05
0.57 2.3000E+02 9.52797E-06
0.57 2.5000E+02 8.39897E-06
0.57 2.7000E+02 7.27764E-06
0.57 2.9000E+02 5.60581E-06
0.57 3.1000E+02 4.66591E-06
0.57 3.3000E+02 3.54646E-06
0.57 3.5000E+02 2.76836E-06
0.57 3.7000E+02 2.33539E-06
0.57 3.9000E+02 2.09106E-06
0.57 4.3000E+02 1.72595E-06
0.57 4.7000E+02 9.08883E-07
0.57 5.1000E+02 7.05037E-07 


0.58 2.5600E+01 5.09183E-05
0.58 2.6600E+01 2.93611E-04
0.58 2.7600E+01 1.00575E-03
0.58 2.8600E+01 1.49202E-03
0.58 2.9600E+01 1.51030E-03
0.58 3.0600E+01 1.03123E-03
0.58 3.1600E+01 1.46248E-03
0.58 3.2600E+01 1.67922E-03
0.58 3.3600E+01 1.55845E-03
0.58 3.4600E+01 1.39708E-03
0.58 4.0000E+01 1.19385E-03
0.58 4.5000E+01 1.23690E-03
0.58 5.0000E+01 6.06819E-04
0.58 5.5000E+01 6.24702E-04
0.58 6.0000E+01 5.23247E-04
0.58 6.5000E+01 4.77066E-04
0.58 7.0000E+01 2.93296E-04
0.58 7.5000E+01 3.49757E-04
0.58 8.0000E+01 2.14042E-04
0.58 8.5000E+01 2.31344E-04
0.58 1.0000E+02 1.67228E-04
0.58 1.1000E+02 1.02703E-04
0.58 1.2000E+02 8.57357E-05
0.58 1.3000E+02 6.70923E-05
0.58 1.4000E+02 4.66604E-05
0.58 1.5000E+02 4.78844E-05
0.58 1.6000E+02 4.06529E-05
0.58 1.7000E+02 3.13136E-05
0.58 1.8000E+02 2.36982E-05
0.58 1.9000E+02 2.03152E-05
0.58 2.1000E+02 1.81293E-05
0.58 2.3000E+02 9.06139E-06
0.58 2.5000E+02 8.15217E-06
0.58 2.7000E+02 7.21162E-06
0.58 2.9000E+02 6.06594E-06
0.58 3.1000E+02 4.88400E-06
0.58 3.3000E+02 3.82848E-06
0.58 3.5000E+02 2.96884E-06
0.58 3.7000E+02 2.37777E-06
0.58 3.9000E+02 2.04613E-06
0.58 4.3000E+02 1.72247E-06
0.58 4.7000E+02 1.27946E-06
0.58 5.1000E+02 7.26490E-07 


0.59 2.5600E+01 4.63539E-05
0.59 2.6600E+01 2.54887E-04
0.59 2.7600E+01 9.01038E-04
0.59 2.8600E+01 1.55702E-03
0.59 2.9600E+01 1.63858E-03
0.59 3.0600E+01 1.33459E-03
0.59 3.1600E+01 1.24625E-03
0.59 3.2600E+01 1.71901E-03
0.59 3.3600E+01 1.70854E-03
0.59 3.4600E+01 1.56114E-03
0.59 4.0000E+01 1.47893E-03
0.59 4.5000E+01 1.21244E-03
0.59 5.0000E+01 9.04804E-04
0.59 5.5000E+01 7.80055E-04
0.59 6.0000E+01 6.73255E-04
0.59 6.5000E+01 4.18613E-04
0.59 7.0000E+01 3.40869E-04
0.59 7.5000E+01 3.98166E-04
0.59 8.0000E+01 2.47542E-04
0.59 8.5000E+01 2.09608E-04
0.59 1.0000E+02 1.61067E-04
0.59 1.1000E+02 1.17677E-04
0.59 1.2000E+02 7.99804E-05
0.59 1.3000E+02 7.69248E-05
0.59 1.4000E+02 4.11196E-05
0.59 1.5000E+02 4.58430E-05
0.59 1.6000E+02 4.27378E-05
0.59 1.7000E+02 3.39693E-05
0.59 1.8000E+02 2.60310E-05
0.59 1.9000E+02 2.05872E-05
0.59 2.1000E+02 1.81207E-05
0.59 2.3000E+02 1.15078E-05
0.59 2.5000E+02 7.99733E-06
0.59 2.7000E+02 7.14771E-06
0.59 2.9000E+02 6.15552E-06
0.59 3.1000E+02 5.08115E-06
0.59 3.3000E+02 4.07634E-06
0.59 3.5000E+02 3.19494E-06
0.59 3.7000E+02 2.51573E-06
0.59 3.9000E+02 2.06077E-06
0.59 4.3000E+02 1.66081E-06
0.59 4.7000E+02 1.37902E-06
0.59 5.1000E+02 7.54474E-07 


0.60 2.5600E+01 4.66934E-05
0.60 2.6600E+01 2.33991E-04
0.60 2.7600E+01 8.11066E-04
0.60 2.8600E+01 1.61645E-03
0.60 2.9600E+01 1.65584E-03
0.60 3.0600E+01 1.59184E-03
0.60 3.1600E+01 1.67428E-03
0.60 3.2600E+01 1.90809E-03
0.60 3.3600E+01 2.00235E-03
0.60 3.4600E+01 1.63296E-03
0.60 4.0000E+01 1.36599E-03
0.60 4.5000E+01 9.14714E-04
0.60 5.0000E+01 9.28914E-04
0.60 5.5000E+01 8.30502E-04
0.60 6.0000E+01 6.94493E-04
0.60 6.5000E+01 3.69104E-04
0.60 7.0000E+01 4.26435E-04
0.60 7.5000E+01 3.56767E-04
0.60 8.0000E+01 2.97983E-04
0.60 8.5000E+01 1.96837E-04
0.60 1.0000E+02 1.37479E-04
0.60 1.1000E+02 1.32823E-04
0.60 1.2000E+02 8.09078E-05
0.60 1.3000E+02 7.73187E-05
0.60 1.4000E+02 5.43766E-05
0.60 1.5000E+02 4.21818E-05
0.60 1.6000E+02 4.25538E-05
0.60 1.7000E+02 3.64374E-05
0.60 1.8000E+02 2.88921E-05
0.60 1.9000E+02 2.19526E-05
0.60 2.1000E+02 1.73867E-05
0.60 2.3000E+02 1.45576E-05
0.60 2.5000E+02 7.83734E-06
0.60 2.7000E+02 7.01886E-06
0.60 2.9000E+02 6.16376E-06
0.60 3.1000E+02 5.24608E-06
0.60 3.3000E+02 4.13573E-06
0.60 3.5000E+02 3.41140E-06
0.60 3.7000E+02 2.70391E-06
0.60 3.9000E+02 2.15918E-06
0.60 4.3000E+02 1.64414E-06
0.60 4.7000E+02 1.39358E-06
0.60 5.1000E+02 9.84428E-07 


0.61 2.5600E+01 4.31086E-05
0.61 2.6600E+01 2.09373E-04
0.61 2.7600E+01 7.08595E-04
0.61 2.8600E+01 1.49454E-03
0.61 2.9600E+01 1.89005E-03
0.61 3.0600E+01 1.28353E-03
0.61 3.1600E+01 1.24181E-03
0.61 3.2600E+01 1.62020E-03
0.61 3.3600E+01 1.74261E-03
0.61 3.4600E+01 1.70598E-03
0.61 4.0000E+01 1.32371E-03
0.61 4.5000E+01 1.14166E-03
0.61 5.0000E+01 7.60815E-04
0.61 5.5000E+01 7.24384E-04
0.61 6.0000E+01 5.42837E-04
0.61 6.5000E+01 4.16118E-04
0.61 7.0000E+01 4.38457E-04
0.61 7.5000E+01 2.72617E-04
0.61 8.0000E+01 3.51572E-04
0.61 8.5000E+01 2.16990E-04
0.61 1.0000E+02 1.22297E-04
0.61 1.1000E+02 1.43711E-04
0.61 1.2000E+02 9.02658E-05
0.61 1.3000E+02 7.28565E-05
0.61 1.4000E+02 6.67084E-05
0.61 1.5000E+02 3.71043E-05
0.61 1.6000E+02 4.07124E-05
0.61 1.7000E+02 3.79807E-05
0.61 1.8000E+02 3.10987E-05
0.61 1.9000E+02 2.42621E-05
0.61 2.1000E+02 1.65500E-05
0.61 2.3000E+02 1.41186E-05
0.61 2.5000E+02 7.83188E-06
0.61 2.7000E+02 6.85445E-06
0.61 2.9000E+02 6.17036E-06
0.61 3.1000E+02 4.60225E-06
0.61 3.3000E+02 4.59273E-06
0.61 3.5000E+02 3.62482E-06
0.61 3.7000E+02 2.91523E-06
0.61 3.9000E+02 2.30219E-06
0.61 4.3000E+02 1.64776E-06
0.61 4.7000E+02 1.38436E-06
0.61 5.1000E+02 1.13184E-06 


0.62 2.5600E+01 3.95447E-05
0.62 2.6600E+01 1.74300E-04
0.62 2.7600E+01 6.43574E-04
0.62 2.8600E+01 1.40514E-03
0.62 2.9600E+01 1.96584E-03
0.62 3.0600E+01 1.82081E-03
0.62 3.1600E+01 1.30041E-03
0.62 3.2600E+01 1.30705E-03
0.62 3.3600E+01 1.88675E-03
0.62 3.4600E+01 2.09960E-03
0.62 4.0000E+01 1.76727E-03
0.62 4.5000E+01 1.35927E-03
0.62 5.0000E+01 8.95790E-04
0.62 5.5000E+01 5.86077E-04
0.62 6.0000E+01 5.82502E-04
0.62 6.5000E+01 5.43183E-04
0.62 7.0000E+01 3.90891E-04
0.62 7.5000E+01 3.39669E-04
0.62 8.0000E+01 3.53218E-04
0.62 8.5000E+01 2.64901E-04
0.62 1.0000E+02 1.61185E-04
0.62 1.1000E+02 1.43768E-04
0.62 1.2000E+02 1.03748E-04
0.62 1.3000E+02 6.97517E-05
0.62 1.4000E+02 6.85336E-05
0.62 1.5000E+02 4.39311E-05
0.62 1.6000E+02 3.76061E-05
0.62 1.7000E+02 3.78171E-05
0.62 1.8000E+02 3.29629E-05
0.62 1.9000E+02 2.67612E-05
0.62 2.1000E+02 1.67363E-05
0.62 2.3000E+02 1.48219E-05
0.62 2.5000E+02 1.14447E-05
0.62 2.7000E+02 6.67890E-06
0.62 2.9000E+02 6.01489E-06
0.62 3.1000E+02 5.29992E-06
0.62 3.3000E+02 4.57887E-06
0.62 3.5000E+02 3.80156E-06
0.62 3.7000E+02 3.07553E-06
0.62 3.9000E+02 2.47479E-06
0.62 4.3000E+02 1.65978E-06
0.62 4.7000E+02 1.32465E-06
0.62 5.1000E+02 1.13543E-06 


0.63 2.5600E+01 3.84141E-05
0.63 2.6600E+01 1.50589E-04
0.63 2.7600E+01 5.95062E-04
0.63 2.8600E+01 1.39960E-03
0.63 2.9600E+01 1.86984E-03
0.63 3.0600E+01 1.94585E-03
0.63 3.1600E+01 1.75043E-03
0.63 3.2600E+01 1.85884E-03
0.63 3.3600E+01 2.05783E-03
0.63 3.4600E+01 2.01904E-03
0.63 4.0000E+01 1.73263E-03
0.63 4.5000E+01 1.04544E-03
0.63 5.0000E+01 1.13259E-03
0.63 5.5000E+01 6.75767E-04
0.63 6.0000E+01 7.13396E-04
0.63 6.5000E+01 6.60130E-04
0.63 7.0000E+01 3.46296E-04
0.63 7.5000E+01 4.03054E-04
0.63 8.0000E+01 2.56798E-04
0.63 8.5000E+01 3.15232E-04
0.63 1.0000E+02 1.84990E-04
0.63 1.1000E+02 1.23857E-04
0.63 1.2000E+02 1.17140E-04
0.63 1.3000E+02 7.28938E-05
0.63 1.4000E+02 6.55963E-05
0.63 1.5000E+02 5.71478E-05
0.63 1.6000E+02 3.31707E-05
0.63 1.7000E+02 3.62037E-05
0.63 1.8000E+02 3.39682E-05
0.63 1.9000E+02 2.86610E-05
0.63 2.1000E+02 1.77977E-05
0.63 2.3000E+02 1.42426E-05
0.63 2.5000E+02 1.25779E-05
0.63 2.7000E+02 6.55041E-06
0.63 2.9000E+02 5.83772E-06
0.63 3.1000E+02 5.25743E-06
0.63 3.3000E+02 4.60906E-06
0.63 3.5000E+02 3.93678E-06
0.63 3.7000E+02 3.25792E-06
0.63 3.9000E+02 2.64176E-06
0.63 4.3000E+02 1.73891E-06
0.63 4.7000E+02 1.31551E-06
0.63 5.1000E+02 1.13115E-06 


0.64 2.5600E+01 4.01380E-05
0.64 2.6600E+01 1.35254E-04
0.64 2.7600E+01 5.13078E-04
0.64 2.8600E+01 1.27071E-03
0.64 2.9600E+01 2.03248E-03
0.64 3.0600E+01 1.94170E-03
0.64 3.1600E+01 1.68532E-03
0.64 3.2600E+01 1.44635E-03
0.64 3.3600E+01 1.66284E-03
0.64 3.4600E+01 1.88058E-03
0.64 4.0000E+01 1.44131E-03
0.64 4.5000E+01 9.67020E-04
0.64 5.0000E+01 1.25325E-03
0.64 5.5000E+01 1.06014E-03
0.64 6.0000E+01 7.69713E-04
0.64 6.5000E+01 5.20570E-04
0.64 7.0000E+01 3.74160E-04
0.64 7.5000E+01 4.03275E-04
0.64 8.0000E+01 2.74869E-04
0.64 8.5000E+01 3.46631E-04
0.64 1.0000E+02 1.82885E-04
0.64 1.1000E+02 9.71126E-05
0.64 1.2000E+02 1.25530E-04
0.64 1.3000E+02 8.19865E-05
0.64 1.4000E+02 6.18959E-05
0.64 1.5000E+02 6.09862E-05
0.64 1.6000E+02 3.69557E-05
0.64 1.7000E+02 3.33552E-05
0.64 1.8000E+02 3.36318E-05
0.64 1.9000E+02 2.99076E-05
0.64 2.1000E+02 1.95144E-05
0.64 2.3000E+02 1.37744E-05
0.64 2.5000E+02 1.26039E-05
0.64 2.7000E+02 8.80087E-06
0.64 2.9000E+02 5.71671E-06
0.64 3.1000E+02 5.21023E-06
0.64 3.3000E+02 4.59177E-06
0.64 3.5000E+02 4.00208E-06
0.64 3.7000E+02 3.39065E-06
0.64 3.9000E+02 2.80059E-06
0.64 4.3000E+02 1.85064E-06
0.64 4.7000E+02 1.32231E-06
0.64 5.1000E+02 1.11453E-06 


0.65 2.5600E+01 4.41529E-05
0.65 2.6600E+01 1.28991E-04
0.65 2.7600E+01 4.44098E-04
0.65 2.8600E+01 1.16416E-03
0.65 2.9600E+01 1.98912E-03
0.65 3.0600E+01 2.21613E-03
0.65 3.1600E+01 1.66065E-03
0.65 3.2600E+01 1.35217E-03
0.65 3.3600E+01 1.49838E-03
0.65 3.4600E+01 2.12690E-03
0.65 4.0000E+01 1.41661E-03
0.65 4.5000E+01 1.21566E-03
0.65 5.0000E+01 1.13853E-03
0.65 5.5000E+01 8.39626E-04
0.65 6.0000E+01 6.84693E-04
0.65 6.5000E+01 4.94877E-04
0.65 7.0000E+01 4.79893E-04
0.65 7.5000E+01 3.56022E-04
0.65 8.0000E+01 3.40977E-04
0.65 8.5000E+01 2.95625E-04
0.65 1.0000E+02 1.68056E-04
0.65 1.1000E+02 1.25339E-04
0.65 1.2000E+02 1.24594E-04
0.65 1.3000E+02 9.33934E-05
0.65 1.4000E+02 6.18334E-05
0.65 1.5000E+02 5.95774E-05
0.65 1.6000E+02 4.94403E-05
0.65 1.7000E+02 2.94716E-05
0.65 1.8000E+02 3.20921E-05
0.65 1.9000E+02 3.04396E-05
0.65 2.1000E+02 2.14429E-05
0.65 2.3000E+02 1.39355E-05
0.65 2.5000E+02 1.22124E-05
0.65 2.7000E+02 1.04787E-05
0.65 2.9000E+02 5.59379E-06
0.65 3.1000E+02 5.07242E-06
0.65 3.3000E+02 4.54736E-06
0.65 3.5000E+02 4.03003E-06
0.65 3.7000E+02 3.49096E-06
0.65 3.9000E+02 2.99596E-06
0.65 4.3000E+02 1.99114E-06
0.65 4.7000E+02 1.35779E-06
0.65 5.1000E+02 1.09586E-06 


