0.40 2.5600E+01 3.64666E-04
0.40 2.6600E+01 4.20178E-04
0.40 2.7600E+01 4.74166E-04
0.40 2.8600E+01 4.93391E-04
0.40 2.9600E+01 5.35214E-04
0.40 3.0600E+01 5.66713E-04
0.40 3.1600E+01 5.77663E-04
0.40 3.2600E+01 5.81816E-04
0.40 3.3600E+01 5.92681E-04
0.40 3.4600E+01 5.96050E-04
0.40 4.0000E+01 5.67274E-04
0.40 4.5000E+01 5.35553E-04
0.40 5.0000E+01 5.16947E-04
0.40 5.5000E+01 4.73667E-04
0.40 6.0000E+01 4.44966E-04
0.40 6.5000E+01 4.14786E-04
0.40 7.0000E+01 3.73359E-04
0.40 7.5000E+01 3.57348E-04
0.40 8.0000E+01 3.26354E-04
0.40 8.5000E+01 3.09130E-04
0.40 1.0000E+02 2.53942E-04
0.40 1.1000E+02 2.19706E-04
0.40 1.2000E+02 1.99506E-04
0.40 1.3000E+02 1.77726E-04
0.40 1.4000E+02 1.59340E-04
0.40 1.5000E+02 1.45229E-04
0.40 1.6000E+02 1.32435E-04
0.40 1.7000E+02 1.20028E-04
0.40 1.8000E+02 1.09359E-04
0.40 1.9000E+02 1.01586E-04
0.40 2.1000E+02 8.73179E-05
0.40 2.3000E+02 7.45437E-05
0.40 2.5000E+02 6.57892E-05
0.40 2.7000E+02 5.80428E-05
0.40 2.9000E+02 5.15013E-05
0.40 3.1000E+02 4.59955E-05
0.40 3.3000E+02 4.13428E-05
0.40 3.5000E+02 3.74100E-05
0.40 3.7000E+02 3.40801E-05
0.40 3.9000E+02 3.11437E-05
0.40 4.3000E+02 2.63313E-05
0.40 4.7000E+02 2.24731E-05
0.40 5.1000E+02 1.94613E-05 


0.41 2.5600E+01 3.47824E-04
0.41 2.6600E+01 4.33892E-04
0.41 2.7600E+01 4.70174E-04
0.41 2.8600E+01 5.21835E-04
0.41 2.9600E+01 5.29145E-04
0.41 3.0600E+01 5.62162E-04
0.41 3.1600E+01 5.52664E-04
0.41 3.2600E+01 5.83585E-04
0.41 3.3600E+01 5.77680E-04
0.41 3.4600E+01 5.76190E-04
0.41 4.0000E+01 5.92750E-04
0.41 4.5000E+01 5.57227E-04
0.41 5.0000E+01 5.04097E-04
0.41 5.5000E+01 4.77619E-04
0.41 6.0000E+01 4.50167E-04
0.41 6.5000E+01 4.05568E-04
0.41 7.0000E+01 3.82196E-04
0.41 7.5000E+01 3.56568E-04
0.41 8.0000E+01 3.30640E-04
0.41 8.5000E+01 3.05271E-04
0.41 1.0000E+02 2.49659E-04
0.41 1.1000E+02 2.24556E-04
0.41 1.2000E+02 1.98338E-04
0.41 1.3000E+02 1.78573E-04
0.41 1.4000E+02 1.59634E-04
0.41 1.5000E+02 1.44397E-04
0.41 1.6000E+02 1.32159E-04
0.41 1.7000E+02 1.20807E-04
0.41 1.8000E+02 1.09884E-04
0.41 1.9000E+02 1.01008E-04
0.41 2.1000E+02 8.79815E-05
0.41 2.3000E+02 7.39242E-05
0.41 2.5000E+02 6.53842E-05
0.41 2.7000E+02 5.82527E-05
0.41 2.9000E+02 5.15369E-05
0.41 3.1000E+02 4.60603E-05
0.41 3.3000E+02 4.13860E-05
0.41 3.5000E+02 3.74123E-05
0.41 3.7000E+02 3.40211E-05
0.41 3.9000E+02 3.10967E-05
0.41 4.3000E+02 2.63227E-05
0.41 4.7000E+02 2.25479E-05
0.41 5.1000E+02 1.95028E-05 


0.42 2.5600E+01 3.49378E-04
0.42 2.6600E+01 4.07064E-04
0.42 2.7600E+01 4.83207E-04
0.42 2.8600E+01 4.98695E-04
0.42 2.9600E+01 5.39875E-04
0.42 3.0600E+01 5.54889E-04
0.42 3.1600E+01 5.74104E-04
0.42 3.2600E+01 5.95108E-04
0.42 3.3600E+01 5.87738E-04
0.42 3.4600E+01 5.96734E-04
0.42 4.0000E+01 5.60642E-04
0.42 4.5000E+01 5.38587E-04
0.42 5.0000E+01 5.09284E-04
0.42 5.5000E+01 4.65566E-04
0.42 6.0000E+01 4.38372E-04
0.42 6.5000E+01 4.10365E-04
0.42 7.0000E+01 3.80173E-04
0.42 7.5000E+01 3.52220E-04
0.42 8.0000E+01 3.31014E-04
0.42 8.5000E+01 3.05006E-04
0.42 1.0000E+02 2.51063E-04
0.42 1.1000E+02 2.23936E-04
0.42 1.2000E+02 1.96078E-04
0.42 1.3000E+02 1.78428E-04
0.42 1.4000E+02 1.60331E-04
0.42 1.5000E+02 1.44251E-04
0.42 1.6000E+02 1.31534E-04
0.42 1.7000E+02 1.20847E-04
0.42 1.8000E+02 1.10638E-04
0.42 1.9000E+02 1.01013E-04
0.42 2.1000E+02 8.68982E-05
0.42 2.3000E+02 7.57567E-05
0.42 2.5000E+02 6.51231E-05
0.42 2.7000E+02 5.79259E-05
0.42 2.9000E+02 5.15409E-05
0.42 3.1000E+02 4.60965E-05
0.42 3.3000E+02 4.14419E-05
0.42 3.5000E+02 3.74607E-05
0.42 3.7000E+02 3.40210E-05
0.42 3.9000E+02 3.10413E-05
0.42 4.3000E+02 2.63039E-05
0.42 4.7000E+02 2.25314E-05
0.42 5.1000E+02 1.95085E-05 


0.43 2.5600E+01 3.41391E-04
0.43 2.6600E+01 4.20504E-04
0.43 2.7600E+01 4.74390E-04
0.43 2.8600E+01 5.10658E-04
0.43 2.9600E+01 5.23880E-04
0.43 3.0600E+01 5.64671E-04
0.43 3.1600E+01 5.61043E-04
0.43 3.2600E+01 5.74779E-04
0.43 3.3600E+01 5.79489E-04
0.43 3.4600E+01 5.89038E-04
0.43 4.0000E+01 5.89104E-04
0.43 4.5000E+01 5.45106E-04
0.43 5.0000E+01 5.12296E-04
0.43 5.5000E+01 4.79814E-04
0.43 6.0000E+01 4.55211E-04
0.43 6.5000E+01 4.12507E-04
0.43 7.0000E+01 3.77277E-04
0.43 7.5000E+01 3.57032E-04
0.43 8.0000E+01 3.28053E-04
0.43 8.5000E+01 3.08423E-04
0.43 1.0000E+02 2.53434E-04
0.43 1.1000E+02 2.21494E-04
0.43 1.2000E+02 1.99673E-04
0.43 1.3000E+02 1.77406E-04
0.43 1.4000E+02 1.60911E-04
0.43 1.5000E+02 1.44574E-04
0.43 1.6000E+02 1.31292E-04
0.43 1.7000E+02 1.20356E-04
0.43 1.8000E+02 1.10876E-04
0.43 1.9000E+02 1.01722E-04
0.43 2.1000E+02 8.62549E-05
0.43 2.3000E+02 7.56774E-05
0.43 2.5000E+02 6.56110E-05
0.43 2.7000E+02 5.77575E-05
0.43 2.9000E+02 5.14714E-05
0.43 3.1000E+02 4.60841E-05
0.43 3.3000E+02 4.15207E-05
0.43 3.5000E+02 3.74823E-05
0.43 3.7000E+02 3.40593E-05
0.43 3.9000E+02 3.10748E-05
0.43 4.3000E+02 2.59541E-05
0.43 4.7000E+02 2.25663E-05
0.43 5.1000E+02 1.94803E-05 


0.44 2.5600E+01 3.38862E-04
0.44 2.6600E+01 4.10200E-04
0.44 2.7600E+01 4.91311E-04
0.44 2.8600E+01 5.10380E-04
0.44 2.9600E+01 5.59136E-04
0.44 3.0600E+01 5.55275E-04
0.44 3.1600E+01 5.86665E-04
0.44 3.2600E+01 5.92250E-04
0.44 3.3600E+01 5.99746E-04
0.44 3.4600E+01 6.09430E-04
0.44 4.0000E+01 5.66545E-04
0.44 4.5000E+01 5.46476E-04
0.44 5.0000E+01 5.03208E-04
0.44 5.5000E+01 4.69871E-04
0.44 6.0000E+01 4.49846E-04
0.44 6.5000E+01 4.06952E-04
0.44 7.0000E+01 3.81671E-04
0.44 7.5000E+01 3.53946E-04
0.44 8.0000E+01 3.30367E-04
0.44 8.5000E+01 3.08515E-04
0.44 1.0000E+02 2.52696E-04
0.44 1.1000E+02 2.21397E-04
0.44 1.2000E+02 1.99987E-04
0.44 1.3000E+02 1.77201E-04
0.44 1.4000E+02 1.60476E-04
0.44 1.5000E+02 1.45249E-04
0.44 1.6000E+02 1.31323E-04
0.44 1.7000E+02 1.19851E-04
0.44 1.8000E+02 1.10508E-04
0.44 1.9000E+02 1.01988E-04
0.44 2.1000E+02 8.63414E-05
0.44 2.3000E+02 7.51962E-05
0.44 2.5000E+02 6.61543E-05
0.44 2.7000E+02 5.73200E-05
0.44 2.9000E+02 5.13929E-05
0.44 3.1000E+02 4.61724E-05
0.44 3.3000E+02 4.14792E-05
0.44 3.5000E+02 3.75510E-05
0.44 3.7000E+02 3.40871E-05
0.44 3.9000E+02 3.11165E-05
0.44 4.3000E+02 2.62643E-05
0.44 4.7000E+02 2.24952E-05
0.44 5.1000E+02 1.95845E-05 


0.45 2.5600E+01 3.56562E-04
0.45 2.6600E+01 4.19110E-04
0.45 2.7600E+01 4.61388E-04
0.45 2.8600E+01 5.00652E-04
0.45 2.9600E+01 5.30576E-04
0.45 3.0600E+01 5.68062E-04
0.45 3.1600E+01 5.73064E-04
0.45 3.2600E+01 5.72841E-04
0.45 3.3600E+01 5.78884E-04
0.45 3.4600E+01 5.79659E-04
0.45 4.0000E+01 5.87447E-04
0.45 4.5000E+01 5.44338E-04
0.45 5.0000E+01 5.19448E-04
0.45 5.5000E+01 4.73749E-04
0.45 6.0000E+01 4.38407E-04
0.45 6.5000E+01 4.10909E-04
0.45 7.0000E+01 3.83080E-04
0.45 7.5000E+01 3.51188E-04
0.45 8.0000E+01 3.31950E-04
0.45 8.5000E+01 3.07875E-04
0.45 1.0000E+02 2.51200E-04
0.45 1.1000E+02 2.23166E-04
0.45 1.2000E+02 1.97731E-04
0.45 1.3000E+02 1.78606E-04
0.45 1.4000E+02 1.59843E-04
0.45 1.5000E+02 1.45604E-04
0.45 1.6000E+02 1.31668E-04
0.45 1.7000E+02 1.19881E-04
0.45 1.8000E+02 1.10003E-04
0.45 1.9000E+02 1.01816E-04
0.45 2.1000E+02 8.68101E-05
0.45 2.3000E+02 7.47169E-05
0.45 2.5000E+02 6.60694E-05
0.45 2.7000E+02 5.79513E-05
0.45 2.9000E+02 5.12042E-05
0.45 3.1000E+02 4.59892E-05
0.45 3.3000E+02 4.14578E-05
0.45 3.5000E+02 3.75229E-05
0.45 3.7000E+02 3.40799E-05
0.45 3.9000E+02 3.11382E-05
0.45 4.3000E+02 2.62478E-05
0.45 4.7000E+02 2.24871E-05
0.45 5.1000E+02 1.95071E-05 


0.46 2.5600E+01 3.40710E-04
0.46 2.6600E+01 4.18732E-04
0.46 2.7600E+01 4.80523E-04
0.46 2.8600E+01 5.17927E-04
0.46 2.9600E+01 5.46282E-04
0.46 3.0600E+01 5.43521E-04
0.46 3.1600E+01 5.74121E-04
0.46 3.2600E+01 5.94422E-04
0.46 3.3600E+01 5.94255E-04
0.46 3.4600E+01 6.01187E-04
0.46 4.0000E+01 5.72630E-04
0.46 4.5000E+01 5.51002E-04
0.46 5.0000E+01 5.01899E-04
0.46 5.5000E+01 4.76889E-04
0.46 6.0000E+01 4.52146E-04
0.46 6.5000E+01 4.14592E-04
0.46 7.0000E+01 3.78316E-04
0.46 7.5000E+01 3.54803E-04
0.46 8.0000E+01 3.27948E-04
0.46 8.5000E+01 3.09257E-04
0.46 1.0000E+02 2.50699E-04
0.46 1.1000E+02 2.23850E-04
0.46 1.2000E+02 1.96913E-04
0.46 1.3000E+02 1.78809E-04
0.46 1.4000E+02 1.58160E-04
0.46 1.5000E+02 1.44760E-04
0.46 1.6000E+02 1.32180E-04
0.46 1.7000E+02 1.20304E-04
0.46 1.8000E+02 1.09810E-04
0.46 1.9000E+02 1.01345E-04
0.46 2.1000E+02 8.71450E-05
0.46 2.3000E+02 7.47376E-05
0.46 2.5000E+02 6.57288E-05
0.46 2.7000E+02 5.82351E-05
0.46 2.9000E+02 5.10376E-05
0.46 3.1000E+02 4.58328E-05
0.46 3.3000E+02 4.14155E-05
0.46 3.5000E+02 3.75251E-05
0.46 3.7000E+02 3.41371E-05
0.46 3.9000E+02 3.11615E-05
0.46 4.3000E+02 2.62709E-05
0.46 4.7000E+02 2.24632E-05
0.46 5.1000E+02 1.94867E-05 


0.47 2.5600E+01 3.52931E-04
0.47 2.6600E+01 4.14197E-04
0.47 2.7600E+01 4.60392E-04
0.47 2.8600E+01 5.04583E-04
0.47 2.9600E+01 5.23577E-04
0.47 3.0600E+01 5.70728E-04
0.47 3.1600E+01 5.67509E-04
0.47 3.2600E+01 5.68086E-04
0.47 3.3600E+01 5.80315E-04
0.47 3.4600E+01 5.83041E-04
0.47 4.0000E+01 5.80190E-04
0.47 4.5000E+01 5.39220E-04
0.47 5.0000E+01 5.11352E-04
0.47 5.5000E+01 4.69705E-04
0.47 6.0000E+01 4.40536E-04
0.47 6.5000E+01 4.02278E-04
0.47 7.0000E+01 3.79086E-04
0.47 7.5000E+01 3.55618E-04
0.47 8.0000E+01 3.27752E-04
0.47 8.5000E+01 3.08831E-04
0.47 1.0000E+02 2.52473E-04
0.47 1.1000E+02 2.22871E-04
0.47 1.2000E+02 1.98481E-04
0.47 1.3000E+02 1.77020E-04
0.47 1.4000E+02 1.61459E-04
0.47 1.5000E+02 1.43767E-04
0.47 1.6000E+02 1.32268E-04
0.47 1.7000E+02 1.20450E-04
0.47 1.8000E+02 1.10272E-04
0.47 1.9000E+02 1.01058E-04
0.47 2.1000E+02 8.71402E-05
0.47 2.3000E+02 7.50521E-05
0.47 2.5000E+02 6.53338E-05
0.47 2.7000E+02 5.81067E-05
0.47 2.9000E+02 5.16709E-05
0.47 3.1000E+02 4.56822E-05
0.47 3.3000E+02 4.13546E-05
0.47 3.5000E+02 3.74839E-05
0.47 3.7000E+02 3.41236E-05
0.47 3.9000E+02 3.11689E-05
0.47 4.3000E+02 2.62864E-05
0.47 4.7000E+02 2.25886E-05
0.47 5.1000E+02 1.93748E-05 


0.48 2.5600E+01 3.21448E-04
0.48 2.6600E+01 4.31712E-04
0.48 2.7600E+01 5.01171E-04
0.48 2.8600E+01 5.12834E-04
0.48 2.9600E+01 5.55371E-04
0.48 3.0600E+01 5.46561E-04
0.48 3.1600E+01 5.80070E-04
0.48 3.2600E+01 5.93304E-04
0.48 3.3600E+01 5.93728E-04
0.48 3.4600E+01 6.00149E-04
0.48 4.0000E+01 5.86542E-04
0.48 4.5000E+01 5.44433E-04
0.48 5.0000E+01 5.11215E-04
0.48 5.5000E+01 4.73714E-04
0.48 6.0000E+01 4.43763E-04
0.48 6.5000E+01 4.11663E-04
0.48 7.0000E+01 3.86217E-04
0.48 7.5000E+01 3.52317E-04
0.48 8.0000E+01 3.30627E-04
0.48 8.5000E+01 3.04930E-04
0.48 1.0000E+02 2.53435E-04
0.48 1.1000E+02 2.21785E-04
0.48 1.2000E+02 1.99161E-04
0.48 1.3000E+02 1.76692E-04
0.48 1.4000E+02 1.60789E-04
0.48 1.5000E+02 1.44782E-04
0.48 1.6000E+02 1.31710E-04
0.48 1.7000E+02 1.20724E-04
0.48 1.8000E+02 1.10521E-04
0.48 1.9000E+02 1.01193E-04
0.48 2.1000E+02 8.68731E-05
0.48 2.3000E+02 7.53178E-05
0.48 2.5000E+02 6.53802E-05
0.48 2.7000E+02 5.78177E-05
0.48 2.9000E+02 5.17045E-05
0.48 3.1000E+02 4.60263E-05
0.48 3.3000E+02 4.12204E-05
0.48 3.5000E+02 3.74345E-05
0.48 3.7000E+02 3.40982E-05
0.48 3.9000E+02 3.11786E-05
0.48 4.3000E+02 2.63020E-05
0.48 4.7000E+02 2.24979E-05
0.48 5.1000E+02 1.94590E-05 


0.49 2.5600E+01 3.40283E-04
0.49 2.6600E+01 4.26247E-04
0.49 2.7600E+01 4.56593E-04
0.49 2.8600E+01 5.01818E-04
0.49 2.9600E+01 5.31319E-04
0.49 3.0600E+01 5.67720E-04
0.49 3.1600E+01 5.62115E-04
0.49 3.2600E+01 5.72422E-04
0.49 3.3600E+01 5.77926E-04
0.49 3.4600E+01 5.83595E-04
0.49 4.0000E+01 5.76685E-04
0.49 4.5000E+01 5.41706E-04
0.49 5.0000E+01 5.05052E-04
0.49 5.5000E+01 4.73700E-04
0.49 6.0000E+01 4.52321E-04
0.49 6.5000E+01 4.11589E-04
0.49 7.0000E+01 3.75695E-04
0.49 7.5000E+01 3.51869E-04
0.49 8.0000E+01 3.30100E-04
0.49 8.5000E+01 3.06091E-04
0.49 1.0000E+02 2.51178E-04
0.49 1.1000E+02 2.22393E-04
0.49 1.2000E+02 1.98671E-04
0.49 1.3000E+02 1.77546E-04
0.49 1.4000E+02 1.59329E-04
0.49 1.5000E+02 1.46102E-04
0.49 1.6000E+02 1.29868E-04
0.49 1.7000E+02 1.21809E-04
0.49 1.8000E+02 1.10558E-04
0.49 1.9000E+02 1.01694E-04
0.49 2.1000E+02 8.65544E-05
0.49 2.3000E+02 7.53787E-05
0.49 2.5000E+02 6.55885E-05
0.49 2.7000E+02 5.76351E-05
0.49 2.9000E+02 5.15339E-05
0.49 3.1000E+02 4.62447E-05
0.49 3.3000E+02 4.12555E-05
0.49 3.5000E+02 3.73259E-05
0.49 3.7000E+02 3.40534E-05
0.49 3.9000E+02 3.24477E-05
0.49 4.3000E+02 2.63390E-05
0.49 4.7000E+02 2.25102E-05
0.49 5.1000E+02 1.86999E-05 


0.50 2.5600E+01 3.68097E-04
0.50 2.6600E+01 4.04853E-04
0.50 2.7600E+01 4.79733E-04
0.50 2.8600E+01 5.12419E-04
0.50 2.9600E+01 5.48302E-04
0.50 3.0600E+01 5.48286E-04
0.50 3.1600E+01 5.81148E-04
0.50 3.2600E+01 5.84995E-04
0.50 3.3600E+01 5.97258E-04
0.50 3.4600E+01 5.99147E-04
0.50 4.0000E+01 5.84917E-04
0.50 4.5000E+01 5.42437E-04
0.50 5.0000E+01 5.13209E-04
0.50 5.5000E+01 4.69337E-04
0.50 6.0000E+01 4.44258E-04
0.50 6.5000E+01 4.06742E-04
0.50 7.0000E+01 3.79477E-04
0.50 7.5000E+01 3.56398E-04
0.50 8.0000E+01 3.27803E-04
0.50 8.5000E+01 3.08606E-04
0.50 1.0000E+02 2.50204E-04
0.50 1.1000E+02 2.23891E-04
0.50 1.2000E+02 1.97670E-04
0.50 1.3000E+02 1.78335E-04
0.50 1.4000E+02 1.58990E-04
0.50 1.5000E+02 1.45219E-04
0.50 1.6000E+02 1.32247E-04
0.50 1.7000E+02 1.19747E-04
0.50 1.8000E+02 1.10558E-04
0.50 1.9000E+02 1.01742E-04
0.50 2.1000E+02 8.64470E-05
0.50 2.3000E+02 7.53044E-05
0.50 2.5000E+02 6.57860E-05
0.50 2.7000E+02 5.76944E-05
0.50 2.9000E+02 5.13110E-05
0.50 3.1000E+02 4.61670E-05
0.50 3.3000E+02 4.15539E-05
0.50 3.5000E+02 3.71543E-05
0.50 3.7000E+02 3.40103E-05
0.50 3.9000E+02 3.11214E-05
0.50 4.3000E+02 2.63232E-05
0.50 4.7000E+02 2.25091E-05
0.50 5.1000E+02 1.94950E-05 


0.51 2.5600E+01 3.32277E-04
0.51 2.6600E+01 4.42680E-04
0.51 2.7600E+01 4.64513E-04
0.51 2.8600E+01 5.12408E-04
0.51 2.9600E+01 5.28558E-04
0.51 3.0600E+01 5.70102E-04
0.51 3.1600E+01 5.63040E-04
0.51 3.2600E+01 5.81019E-04
0.51 3.3600E+01 5.90944E-04
0.51 3.4600E+01 5.81508E-04
0.51 4.0000E+01 5.70874E-04
0.51 4.5000E+01 5.51146E-04
0.51 5.0000E+01 5.10776E-04
0.51 5.5000E+01 4.77442E-04
0.51 6.0000E+01 4.37510E-04
0.51 6.5000E+01 4.10347E-04
0.51 7.0000E+01 3.85093E-04
0.51 7.5000E+01 3.54524E-04
0.51 8.0000E+01 3.28317E-04
0.51 8.5000E+01 3.07679E-04
0.51 1.0000E+02 2.53753E-04
0.51 1.1000E+02 2.23980E-04
0.51 1.2000E+02 1.97719E-04
0.51 1.3000E+02 1.78168E-04
0.51 1.4000E+02 1.59984E-04
0.51 1.5000E+02 1.44188E-04
0.51 1.6000E+02 1.32673E-04
0.51 1.7000E+02 1.19683E-04
0.51 1.8000E+02 1.10316E-04
0.51 1.9000E+02 1.01722E-04
0.51 2.1000E+02 8.66421E-05
0.51 2.3000E+02 7.50068E-05
0.51 2.5000E+02 6.58498E-05
0.51 2.7000E+02 5.78476E-05
0.51 2.9000E+02 5.12347E-05
0.51 3.1000E+02 4.60105E-05
0.51 3.3000E+02 4.15844E-05
0.51 3.5000E+02 3.75486E-05
0.51 3.7000E+02 3.39369E-05
0.51 3.9000E+02 3.10483E-05
0.51 4.3000E+02 2.63047E-05
0.51 4.7000E+02 2.25265E-05
0.51 5.1000E+02 1.95182E-05 


0.52 2.5600E+01 3.52865E-04
0.52 2.6600E+01 4.07878E-04
0.52 2.7600E+01 4.69990E-04
0.52 2.8600E+01 4.99320E-04
0.52 2.9600E+01 5.46643E-04
0.52 3.0600E+01 5.49761E-04
0.52 3.1600E+01 5.82401E-04
0.52 3.2600E+01 5.86146E-04
0.52 3.3600E+01 5.86732E-04
0.52 3.4600E+01 5.95618E-04
0.52 4.0000E+01 5.84035E-04
0.52 4.5000E+01 5.41009E-04
0.52 5.0000E+01 5.00519E-04
0.52 5.5000E+01 4.73692E-04
0.52 6.0000E+01 4.60449E-04
0.52 6.5000E+01 4.12424E-04
0.52 7.0000E+01 3.79607E-04
0.52 7.5000E+01 3.50412E-04
0.52 8.0000E+01 3.31189E-04
0.52 8.5000E+01 3.05381E-04
0.52 1.0000E+02 2.52922E-04
0.52 1.1000E+02 2.21652E-04
0.52 1.2000E+02 1.98686E-04
0.52 1.3000E+02 1.77351E-04
0.52 1.4000E+02 1.60592E-04
0.52 1.5000E+02 1.44049E-04
0.52 1.6000E+02 1.31843E-04
0.52 1.7000E+02 1.21035E-04
0.52 1.8000E+02 1.09001E-04
0.52 1.9000E+02 1.01605E-04
0.52 2.1000E+02 8.70938E-05
0.52 2.3000E+02 7.47348E-05
0.52 2.5000E+02 6.57612E-05
0.52 2.7000E+02 5.79769E-05
0.52 2.9000E+02 5.12995E-05
0.52 3.1000E+02 4.58879E-05
0.52 3.3000E+02 4.14810E-05
0.52 3.5000E+02 3.76093E-05
0.52 3.7000E+02 3.40801E-05
0.52 3.9000E+02 3.10692E-05
0.52 4.3000E+02 2.62856E-05
0.52 4.7000E+02 2.25145E-05
0.52 5.1000E+02 1.95696E-05 


0.53 2.5600E+01 3.62267E-04
0.53 2.6600E+01 4.24967E-04
0.53 2.7600E+01 4.80229E-04
0.53 2.8600E+01 5.25481E-04
0.53 2.9600E+01 5.29262E-04
0.53 3.0600E+01 5.56757E-04
0.53 3.1600E+01 5.62667E-04
0.53 3.2600E+01 5.81019E-04
0.53 3.3600E+01 5.95752E-04
0.53 3.4600E+01 5.92447E-04
0.53 4.0000E+01 5.79604E-04
0.53 4.5000E+01 5.45718E-04
0.53 5.0000E+01 5.16625E-04
0.53 5.5000E+01 4.69822E-04
0.53 6.0000E+01 4.37299E-04
0.53 6.5000E+01 4.08949E-04
0.53 7.0000E+01 3.77855E-04
0.53 7.5000E+01 3.56192E-04
0.53 8.0000E+01 3.30212E-04
0.53 8.5000E+01 3.06018E-04
0.53 1.0000E+02 2.50545E-04
0.53 1.1000E+02 2.21905E-04
0.53 1.2000E+02 1.99424E-04
0.53 1.3000E+02 1.76952E-04
0.53 1.4000E+02 1.60346E-04
0.53 1.5000E+02 1.44656E-04
0.53 1.6000E+02 1.31090E-04
0.53 1.7000E+02 1.20876E-04
0.53 1.8000E+02 1.10518E-04
0.53 1.9000E+02 1.01070E-04
0.53 2.1000E+02 8.70996E-05
0.53 2.3000E+02 7.48824E-05
0.53 2.5000E+02 6.55955E-05
0.53 2.7000E+02 5.80357E-05
0.53 2.9000E+02 5.14141E-05
0.53 3.1000E+02 4.58564E-05
0.53 3.3000E+02 4.13620E-05
0.53 3.5000E+02 3.75808E-05
0.53 3.7000E+02 3.41829E-05
0.53 3.9000E+02 3.10385E-05
0.53 4.3000E+02 2.62068E-05
0.53 4.7000E+02 2.25083E-05
0.53 5.1000E+02 1.94703E-05 


0.54 2.5600E+01 3.35208E-04
0.54 2.6600E+01 4.28939E-04
0.54 2.7600E+01 4.62332E-04
0.54 2.8600E+01 4.94618E-04
0.54 2.9600E+01 5.36681E-04
0.54 3.0600E+01 5.63744E-04
0.54 3.1600E+01 5.82563E-04
0.54 3.2600E+01 5.77883E-04
0.54 3.3600E+01 5.74085E-04
0.54 3.4600E+01 5.85170E-04
0.54 4.0000E+01 5.73488E-04
0.54 4.5000E+01 5.50682E-04
0.54 5.0000E+01 5.04884E-04
0.54 5.5000E+01 4.76133E-04
0.54 6.0000E+01 4.43955E-04
0.54 6.5000E+01 4.06735E-04
0.54 7.0000E+01 3.82748E-04
0.54 7.5000E+01 3.55087E-04
0.54 8.0000E+01 3.26867E-04
0.54 8.5000E+01 3.08875E-04
0.54 1.0000E+02 2.51127E-04
0.54 1.1000E+02 2.24405E-04
0.54 1.2000E+02 1.98618E-04
0.54 1.3000E+02 1.77547E-04
0.54 1.4000E+02 1.59794E-04
0.54 1.5000E+02 1.45525E-04
0.54 1.6000E+02 1.31252E-04
0.54 1.7000E+02 1.20138E-04
0.54 1.8000E+02 1.10987E-04
0.54 1.9000E+02 1.01053E-04
0.54 2.1000E+02 8.69515E-05
0.54 2.3000E+02 7.50828E-05
0.54 2.5000E+02 6.54654E-05
0.54 2.7000E+02 5.79750E-05
0.54 2.9000E+02 5.15085E-05
0.54 3.1000E+02 4.59299E-05
0.54 3.3000E+02 4.12928E-05
0.54 3.5000E+02 3.75051E-05
0.54 3.7000E+02 3.41910E-05
0.54 3.9000E+02 3.11967E-05
0.54 4.3000E+02 2.62261E-05
0.54 4.7000E+02 2.24745E-05
0.54 5.1000E+02 1.94713E-05 


0.55 2.5600E+01 3.49981E-04
0.55 2.6600E+01 3.94256E-04
0.55 2.7600E+01 4.84839E-04
0.55 2.8600E+01 5.20861E-04
0.55 2.9600E+01 5.43570E-04
0.55 3.0600E+01 5.45810E-04
0.55 3.1600E+01 5.71102E-04
0.55 3.2600E+01 5.90803E-04
0.55 3.3600E+01 6.00069E-04
0.55 3.4600E+01 6.01837E-04
0.55 4.0000E+01 5.85741E-04
0.55 4.5000E+01 5.40269E-04
0.55 5.0000E+01 5.09344E-04
0.55 5.5000E+01 4.75554E-04
0.55 6.0000E+01 4.52517E-04
0.55 6.5000E+01 4.16079E-04
0.55 7.0000E+01 3.82854E-04
0.55 7.5000E+01 3.51453E-04
0.55 8.0000E+01 3.30669E-04
0.55 8.5000E+01 3.08043E-04
0.55 1.0000E+02 2.52703E-04
0.55 1.1000E+02 2.23364E-04
0.55 1.2000E+02 1.96382E-04
0.55 1.3000E+02 1.78391E-04
0.55 1.4000E+02 1.59505E-04
0.55 1.5000E+02 1.45188E-04
0.55 1.6000E+02 1.31816E-04
0.55 1.7000E+02 1.19728E-04
0.55 1.8000E+02 1.10554E-04
0.55 1.9000E+02 1.02119E-04
0.55 2.1000E+02 8.67728E-05
0.55 2.3000E+02 7.54135E-05
0.55 2.5000E+02 6.54485E-05
0.55 2.7000E+02 5.78637E-05
0.55 2.9000E+02 5.15316E-05
0.55 3.1000E+02 4.60384E-05
0.55 3.3000E+02 4.13085E-05
0.55 3.5000E+02 3.74477E-05
0.55 3.7000E+02 3.41749E-05
0.55 3.9000E+02 3.11050E-05
0.55 4.3000E+02 2.61753E-05
0.55 4.7000E+02 2.24969E-05
0.55 5.1000E+02 1.94830E-05 


0.56 2.5600E+01 3.65143E-04
0.56 2.6600E+01 4.39535E-04
0.56 2.7600E+01 4.61302E-04
0.56 2.8600E+01 5.05266E-04
0.56 2.9600E+01 5.23080E-04
0.56 3.0600E+01 5.74775E-04
0.56 3.1600E+01 5.68582E-04
0.56 3.2600E+01 5.69133E-04
0.56 3.3600E+01 5.78201E-04
0.56 3.4600E+01 5.75217E-04
0.56 4.0000E+01 5.70061E-04
0.56 4.5000E+01 5.53193E-04
0.56 5.0000E+01 5.13653E-04
0.56 5.5000E+01 4.66281E-04
0.56 6.0000E+01 4.43712E-04
0.56 6.5000E+01 4.07389E-04
0.56 7.0000E+01 3.77884E-04
0.56 7.5000E+01 3.53255E-04
0.56 8.0000E+01 3.30367E-04
0.56 8.5000E+01 3.03971E-04
0.56 1.0000E+02 2.52747E-04
0.56 1.1000E+02 2.21760E-04
0.56 1.2000E+02 1.98584E-04
0.56 1.3000E+02 1.78610E-04
0.56 1.4000E+02 1.59790E-04
0.56 1.5000E+02 1.44567E-04
0.56 1.6000E+02 1.32274E-04
0.56 1.7000E+02 1.19991E-04
0.56 1.8000E+02 1.09992E-04
0.56 1.9000E+02 1.01976E-04
0.56 2.1000E+02 8.62738E-05
0.56 2.3000E+02 7.53429E-05
0.56 2.5000E+02 6.55538E-05
0.56 2.7000E+02 5.77555E-05
0.56 2.9000E+02 5.14900E-05
0.56 3.1000E+02 4.60869E-05
0.56 3.3000E+02 4.13893E-05
0.56 3.5000E+02 3.73752E-05
0.56 3.7000E+02 3.40420E-05
0.56 3.9000E+02 3.11838E-05
0.56 4.3000E+02 2.63239E-05
0.56 4.7000E+02 2.24400E-05
0.56 5.1000E+02 1.95184E-05 


0.57 2.5600E+01 3.27728E-04
0.57 2.6600E+01 4.13337E-04
0.57 2.7600E+01 4.75313E-04
0.57 2.8600E+01 5.01028E-04
0.57 2.9600E+01 5.57815E-04
0.57 3.0600E+01 5.43018E-04
0.57 3.1600E+01 5.82130E-04
0.57 3.2600E+01 5.95777E-04
0.57 3.3600E+01 5.92378E-04
0.57 3.4600E+01 6.01316E-04
0.57 4.0000E+01 5.84053E-04
0.57 4.5000E+01 5.42700E-04
0.57 5.0000E+01 5.06001E-04
0.57 5.5000E+01 4.77681E-04
0.57 6.0000E+01 4.40970E-04
0.57 6.5000E+01 4.07891E-04
0.57 7.0000E+01 3.79222E-04
0.57 7.5000E+01 3.55732E-04
0.57 8.0000E+01 3.27805E-04
0.57 8.5000E+01 3.08238E-04
0.57 1.0000E+02 2.51450E-04
0.57 1.1000E+02 2.22154E-04
0.57 1.2000E+02 1.99555E-04
0.57 1.3000E+02 1.76573E-04
0.57 1.4000E+02 1.60389E-04
0.57 1.5000E+02 1.44347E-04
0.57 1.6000E+02 1.32111E-04
0.57 1.7000E+02 1.20408E-04
0.57 1.8000E+02 1.09854E-04
0.57 1.9000E+02 1.01431E-04
0.57 2.1000E+02 8.66899E-05
0.57 2.3000E+02 7.51692E-05
0.57 2.5000E+02 6.57153E-05
0.57 2.7000E+02 5.76553E-05
0.57 2.9000E+02 5.14153E-05
0.57 3.1000E+02 4.60804E-05
0.57 3.3000E+02 4.14260E-05
0.57 3.5000E+02 3.73993E-05
0.57 3.7000E+02 3.40053E-05
0.57 3.9000E+02 3.11246E-05
0.57 4.3000E+02 2.63585E-05
0.57 4.7000E+02 2.24443E-05
0.57 5.1000E+02 1.93640E-05 


0.58 2.5600E+01 3.52641E-04
0.58 2.6600E+01 4.09427E-04
0.58 2.7600E+01 4.79186E-04
0.58 2.8600E+01 5.24362E-04
0.58 2.9600E+01 5.24692E-04
0.58 3.0600E+01 5.64082E-04
0.58 3.1600E+01 5.59391E-04
0.58 3.2600E+01 5.76046E-04
0.58 3.3600E+01 5.92605E-04
0.58 3.4600E+01 5.88900E-04
0.58 4.0000E+01 5.78572E-04
0.58 4.5000E+01 5.44191E-04
0.58 5.0000E+01 5.07988E-04
0.58 5.5000E+01 4.72908E-04
0.58 6.0000E+01 4.49964E-04
0.58 6.5000E+01 4.12722E-04
0.58 7.0000E+01 3.86633E-04
0.58 7.5000E+01 3.54186E-04
0.58 8.0000E+01 3.28379E-04
0.58 8.5000E+01 3.08645E-04
0.58 1.0000E+02 2.50696E-04
0.58 1.1000E+02 2.23419E-04
0.58 1.2000E+02 1.98594E-04
0.58 1.3000E+02 1.76633E-04
0.58 1.4000E+02 1.60730E-04
0.58 1.5000E+02 1.44678E-04
0.58 1.6000E+02 1.31498E-04
0.58 1.7000E+02 1.20553E-04
0.58 1.8000E+02 1.10187E-04
0.58 1.9000E+02 1.01081E-04
0.58 2.1000E+02 8.72993E-05
0.58 2.3000E+02 7.49702E-05
0.58 2.5000E+02 6.59162E-05
0.58 2.7000E+02 5.77932E-05
0.58 2.9000E+02 5.13279E-05
0.58 3.1000E+02 4.60474E-05
0.58 3.3000E+02 4.14687E-05
0.58 3.5000E+02 3.74491E-05
0.58 3.7000E+02 3.39999E-05
0.58 3.9000E+02 3.10775E-05
0.58 4.3000E+02 2.63463E-05
0.58 4.7000E+02 2.24706E-05
0.58 5.1000E+02 1.94429E-05 


0.59 2.5600E+01 3.65772E-04
0.59 2.6600E+01 4.38044E-04
0.59 2.7600E+01 4.56035E-04
0.59 2.8600E+01 4.88637E-04
0.59 2.9600E+01 5.37327E-04
0.59 3.0600E+01 5.61852E-04
0.59 3.1600E+01 5.86173E-04
0.59 3.2600E+01 5.79148E-04
0.59 3.3600E+01 5.72458E-04
0.59 3.4600E+01 5.86233E-04
0.59 4.0000E+01 5.71945E-04
0.59 4.5000E+01 5.51915E-04
0.59 5.0000E+01 5.16554E-04
0.59 5.5000E+01 4.69795E-04
0.59 6.0000E+01 4.51778E-04
0.59 6.5000E+01 4.10035E-04
0.59 7.0000E+01 3.77038E-04
0.59 7.5000E+01 3.51060E-04
0.59 8.0000E+01 3.30316E-04
0.59 8.5000E+01 3.05872E-04
0.59 1.0000E+02 2.51789E-04
0.59 1.1000E+02 2.23506E-04
0.59 1.2000E+02 1.97553E-04
0.59 1.3000E+02 1.78665E-04
0.59 1.4000E+02 1.60212E-04
0.59 1.5000E+02 1.45156E-04
0.59 1.6000E+02 1.31194E-04
0.59 1.7000E+02 1.20664E-04
0.59 1.8000E+02 1.10488E-04
0.59 1.9000E+02 1.01228E-04
0.59 2.1000E+02 8.71554E-05
0.59 2.3000E+02 7.44305E-05
0.59 2.5000E+02 6.58009E-05
0.59 2.7000E+02 5.78919E-05
0.59 2.9000E+02 5.13048E-05
0.59 3.1000E+02 4.59778E-05
0.59 3.3000E+02 4.14635E-05
0.59 3.5000E+02 3.75084E-05
0.59 3.7000E+02 3.40398E-05
0.59 3.9000E+02 3.11240E-05
0.59 4.3000E+02 2.63584E-05
0.59 4.7000E+02 2.25350E-05
0.59 5.1000E+02 1.94324E-05 


0.60 2.5600E+01 3.42261E-04
0.60 2.6600E+01 4.18762E-04
0.60 2.7600E+01 4.82157E-04
0.60 2.8600E+01 5.18601E-04
0.60 2.9600E+01 5.48240E-04
0.60 3.0600E+01 5.43406E-04
0.60 3.1600E+01 5.68221E-04
0.60 3.2600E+01 5.91911E-04
0.60 3.3600E+01 6.02035E-04
0.60 3.4600E+01 6.00737E-04
0.60 4.0000E+01 5.88661E-04
0.60 4.5000E+01 5.41905E-04
0.60 5.0000E+01 5.02384E-04
0.60 5.5000E+01 4.76497E-04
0.60 6.0000E+01 4.32182E-04
0.60 6.5000E+01 4.07677E-04
0.60 7.0000E+01 3.79593E-04
0.60 7.5000E+01 3.54009E-04
0.60 8.0000E+01 3.29881E-04
0.60 8.5000E+01 3.05495E-04
0.60 1.0000E+02 2.53741E-04
0.60 1.1000E+02 2.22812E-04
0.60 1.2000E+02 1.97838E-04
0.60 1.3000E+02 1.78548E-04
0.60 1.4000E+02 1.58689E-04
0.60 1.5000E+02 1.45404E-04
0.60 1.6000E+02 1.31509E-04
0.60 1.7000E+02 1.20168E-04
0.60 1.8000E+02 1.10521E-04
0.60 1.9000E+02 1.01548E-04
0.60 2.1000E+02 8.67504E-05
0.60 2.3000E+02 7.52292E-05
0.60 2.5000E+02 6.56214E-05
0.60 2.7000E+02 5.80039E-05
0.60 2.9000E+02 5.13423E-05
0.60 3.1000E+02 4.59292E-05
0.60 3.3000E+02 4.14615E-05
0.60 3.5000E+02 3.75210E-05
0.60 3.7000E+02 3.41403E-05
0.60 3.9000E+02 3.10875E-05
0.60 4.3000E+02 2.62604E-05
0.60 4.7000E+02 2.25475E-05
0.60 5.1000E+02 1.94348E-05 


0.61 2.5600E+01 3.21117E-04
0.61 2.6600E+01 4.11063E-04
0.61 2.7600E+01 4.79527E-04
0.61 2.8600E+01 5.15788E-04
0.61 2.9600E+01 5.24454E-04
0.61 3.0600E+01 5.78309E-04
0.61 3.1600E+01 5.65640E-04
0.61 3.2600E+01 5.71095E-04
0.61 3.3600E+01 5.77955E-04
0.61 3.4600E+01 5.82987E-04
0.61 4.0000E+01 5.69672E-04
0.61 4.5000E+01 5.46954E-04
0.61 5.0000E+01 5.11960E-04
0.61 5.5000E+01 4.74619E-04
0.61 6.0000E+01 4.52631E-04
0.61 6.5000E+01 4.10931E-04
0.61 7.0000E+01 3.84082E-04
0.61 7.5000E+01 3.56651E-04
0.61 8.0000E+01 3.28120E-04
0.61 8.5000E+01 3.07744E-04
0.61 1.0000E+02 2.51107E-04
0.61 1.1000E+02 2.21891E-04
0.61 1.2000E+02 1.98808E-04
0.61 1.3000E+02 1.77343E-04
0.61 1.4000E+02 1.60131E-04
0.61 1.5000E+02 1.45112E-04
0.61 1.6000E+02 1.32019E-04
0.61 1.7000E+02 1.19840E-04
0.61 1.8000E+02 1.10513E-04
0.61 1.9000E+02 1.01734E-04
0.61 2.1000E+02 8.63982E-05
0.61 2.3000E+02 7.54498E-05
0.61 2.5000E+02 6.53291E-05
0.61 2.7000E+02 5.80855E-05
0.61 2.9000E+02 5.14168E-05
0.61 3.1000E+02 4.60588E-05
0.61 3.3000E+02 4.13907E-05
0.61 3.5000E+02 3.75118E-05
0.61 3.7000E+02 3.41109E-05
0.61 3.9000E+02 3.11294E-05
0.61 4.3000E+02 2.62380E-05
0.61 4.7000E+02 2.25053E-05
0.61 5.1000E+02 1.95069E-05 


0.62 2.5600E+01 3.77244E-04
0.62 2.6600E+01 4.39784E-04
0.62 2.7600E+01 4.46090E-04
0.62 2.8600E+01 4.90795E-04
0.62 2.9600E+01 5.43036E-04
0.62 3.0600E+01 5.47159E-04
0.62 3.1600E+01 5.83936E-04
0.62 3.2600E+01 5.89352E-04
0.62 3.3600E+01 5.89319E-04
0.62 3.4600E+01 5.95899E-04
0.62 4.0000E+01 5.79217E-04
0.62 4.5000E+01 5.51418E-04
0.62 5.0000E+01 5.12832E-04
0.62 5.5000E+01 4.69565E-04
0.62 6.0000E+01 4.49015E-04
0.62 6.5000E+01 4.11600E-04
0.62 7.0000E+01 3.81173E-04
0.62 7.5000E+01 3.50918E-04
0.62 8.0000E+01 3.28079E-04
0.62 8.5000E+01 3.08245E-04
0.62 1.0000E+02 2.50032E-04
0.62 1.1000E+02 2.22253E-04
0.62 1.2000E+02 1.99080E-04
0.62 1.3000E+02 1.76926E-04
0.62 1.4000E+02 1.60868E-04
0.62 1.5000E+02 1.43652E-04
0.62 1.6000E+02 1.32260E-04
0.62 1.7000E+02 1.20046E-04
0.62 1.8000E+02 1.10222E-04
0.62 1.9000E+02 1.01659E-04
0.62 2.1000E+02 8.65308E-05
0.62 2.3000E+02 7.53632E-05
0.62 2.5000E+02 6.53456E-05
0.62 2.7000E+02 5.79324E-05
0.62 2.9000E+02 5.14963E-05
0.62 3.1000E+02 4.59386E-05
0.62 3.3000E+02 4.13404E-05
0.62 3.5000E+02 3.74824E-05
0.62 3.7000E+02 3.41265E-05
0.62 3.9000E+02 3.11463E-05
0.62 4.3000E+02 2.62429E-05
0.62 4.7000E+02 2.25018E-05
0.62 5.1000E+02 1.94976E-05 


0.63 2.5600E+01 3.54412E-04
0.63 2.6600E+01 4.18387E-04
0.63 2.7600E+01 4.91008E-04
0.63 2.8600E+01 5.29564E-04
0.63 2.9600E+01 5.41285E-04
0.63 3.0600E+01 5.54972E-04
0.63 3.1600E+01 5.65566E-04
0.63 3.2600E+01 5.84747E-04
0.63 3.3600E+01 5.96299E-04
0.63 3.4600E+01 5.96344E-04
0.63 4.0000E+01 5.84276E-04
0.63 4.5000E+01 5.39650E-04
0.63 5.0000E+01 5.05091E-04
0.63 5.5000E+01 4.74433E-04
0.63 6.0000E+01 4.40036E-04
0.63 6.5000E+01 4.08501E-04
0.63 7.0000E+01 3.77790E-04
0.63 7.5000E+01 3.52797E-04
0.63 8.0000E+01 3.31925E-04
0.63 8.5000E+01 3.06459E-04
0.63 1.0000E+02 2.52668E-04
0.63 1.1000E+02 2.23824E-04
0.63 1.2000E+02 1.98402E-04
0.63 1.3000E+02 1.77563E-04
0.63 1.4000E+02 1.60373E-04
0.63 1.5000E+02 1.44682E-04
0.63 1.6000E+02 1.32020E-04
0.63 1.7000E+02 1.20535E-04
0.63 1.8000E+02 1.09946E-04
0.63 1.9000E+02 1.01549E-04
0.63 2.1000E+02 8.68170E-05
0.63 2.3000E+02 7.50265E-05
0.63 2.5000E+02 6.58801E-05
0.63 2.7000E+02 5.77457E-05
0.63 2.9000E+02 5.16118E-05
0.63 3.1000E+02 4.59931E-05
0.63 3.3000E+02 4.13363E-05
0.63 3.5000E+02 3.74460E-05
0.63 3.7000E+02 3.41055E-05
0.63 3.9000E+02 3.11583E-05
0.63 4.3000E+02 2.62505E-05
0.63 4.7000E+02 2.24538E-05
0.63 5.1000E+02 1.94850E-05 


0.64 2.5600E+01 3.29370E-04
0.64 2.6600E+01 4.01969E-04
0.64 2.7600E+01 4.73368E-04
0.64 2.8600E+01 5.07888E-04
0.64 2.9600E+01 5.22627E-04
0.64 3.0600E+01 5.70208E-04
0.64 3.1600E+01 5.65451E-04
0.64 3.2600E+01 5.70883E-04
0.64 3.3600E+01 5.75982E-04
0.64 3.4600E+01 5.80999E-04
0.64 4.0000E+01 5.71811E-04
0.64 4.5000E+01 5.48297E-04
0.64 5.0000E+01 5.09678E-04
0.64 5.5000E+01 4.78565E-04
0.64 6.0000E+01 4.45519E-04
0.64 6.5000E+01 4.09194E-04
0.64 7.0000E+01 3.80908E-04
0.64 7.5000E+01 3.56018E-04
0.64 8.0000E+01 3.28845E-04
0.64 8.5000E+01 3.05037E-04
0.64 1.0000E+02 2.53104E-04
0.64 1.1000E+02 2.23842E-04
0.64 1.2000E+02 1.97527E-04
0.64 1.3000E+02 1.78188E-04
0.64 1.4000E+02 1.59516E-04
0.64 1.5000E+02 1.45499E-04
0.64 1.6000E+02 1.30665E-04
0.64 1.7000E+02 1.20808E-04
0.64 1.8000E+02 1.10080E-04
0.64 1.9000E+02 1.01436E-04
0.64 2.1000E+02 8.70158E-05
0.64 2.3000E+02 7.48122E-05
0.64 2.5000E+02 6.59653E-05
0.64 2.7000E+02 5.74522E-05
0.64 2.9000E+02 5.15175E-05
0.64 3.1000E+02 4.60561E-05
0.64 3.3000E+02 4.13564E-05
0.64 3.5000E+02 3.74166E-05
0.64 3.7000E+02 3.40773E-05
0.64 3.9000E+02 3.11529E-05
0.64 4.3000E+02 2.62864E-05
0.64 4.7000E+02 2.24536E-05
0.64 5.1000E+02 1.95021E-05 


0.65 2.5600E+01 3.43768E-04
0.65 2.6600E+01 4.28642E-04
0.65 2.7600E+01 4.54212E-04
0.65 2.8600E+01 4.95086E-04
0.65 2.9600E+01 5.48169E-04
0.65 3.0600E+01 5.48896E-04
0.65 3.1600E+01 5.86793E-04
0.65 3.2600E+01 5.91839E-04
0.65 3.3600E+01 5.97514E-04
0.65 3.4600E+01 5.98193E-04
0.65 4.0000E+01 5.79010E-04
0.65 4.5000E+01 5.50223E-04
0.65 5.0000E+01 5.14006E-04
0.65 5.5000E+01 4.67674E-04
0.65 6.0000E+01 4.50306E-04
0.65 6.5000E+01 4.12930E-04
0.65 7.0000E+01 3.83974E-04
0.65 7.5000E+01 3.54179E-04
0.65 8.0000E+01 3.27404E-04
0.65 8.5000E+01 3.07738E-04
0.65 1.0000E+02 2.51483E-04
0.65 1.1000E+02 2.21226E-04
0.65 1.2000E+02 1.97878E-04
0.65 1.3000E+02 1.78128E-04
0.65 1.4000E+02 1.59434E-04
0.65 1.5000E+02 1.45232E-04
0.65 1.6000E+02 1.31329E-04
0.65 1.7000E+02 1.20652E-04
0.65 1.8000E+02 1.10480E-04
0.65 1.9000E+02 1.01251E-04
0.65 2.1000E+02 8.70028E-05
0.65 2.3000E+02 7.48725E-05
0.65 2.5000E+02 6.57865E-05
0.65 2.7000E+02 5.78964E-05
0.65 2.9000E+02 5.13907E-05
0.65 3.1000E+02 4.61161E-05
0.65 3.3000E+02 4.14037E-05
0.65 3.5000E+02 3.74188E-05
0.65 3.7000E+02 3.40489E-05
0.65 3.9000E+02 3.11759E-05
0.65 4.3000E+02 2.62566E-05
0.65 4.7000E+02 2.24626E-05
0.65 5.1000E+02 1.94709E-05 


