0.40 2.5600E+01 5.34434E-05
0.40 2.6600E+01 6.88302E-05
0.40 2.7600E+01 9.56608E-05
0.40 2.8600E+01 6.95714E-05
0.40 2.9600E+01 1.09741E-04
0.40 3.0600E+01 1.02789E-04
0.40 3.1600E+01 1.09324E-04
0.40 3.2600E+01 9.64463E-05
0.40 3.3600E+01 9.52805E-05
0.40 3.4600E+01 1.09599E-04
0.40 4.0000E+01 1.02058E-04
0.40 4.5000E+01 8.03313E-05
0.40 5.0000E+01 9.76290E-05
0.40 5.5000E+01 6.06062E-05
0.40 6.0000E+01 8.81466E-05
0.40 6.5000E+01 7.73202E-05
0.40 7.0000E+01 7.59073E-05
0.40 7.5000E+01 6.34461E-05
0.40 8.0000E+01 6.34292E-05
0.40 8.5000E+01 5.60136E-05
0.40 1.0000E+02 4.92261E-05
0.40 1.1000E+02 3.61995E-05
0.40 1.2000E+02 3.96842E-05
0.40 1.3000E+02 3.58220E-05
0.40 1.4000E+02 2.73641E-05
0.40 1.5000E+02 2.52325E-05
0.40 1.6000E+02 2.65479E-05
0.40 1.7000E+02 2.23030E-05
0.40 1.8000E+02 2.23355E-05
0.40 1.9000E+02 2.15893E-05
0.40 2.1000E+02 1.49056E-05
0.40 2.3000E+02 1.41672E-05
0.40 2.5000E+02 1.20099E-05
0.40 2.7000E+02 1.07002E-05
0.40 2.9000E+02 9.71227E-06
0.40 3.1000E+02 8.56755E-06
0.40 3.3000E+02 7.68798E-06
0.40 3.5000E+02 6.93449E-06
0.40 3.7000E+02 6.13978E-06
0.40 3.9000E+02 5.72822E-06
0.40 4.3000E+02 4.87868E-06
0.40 4.7000E+02 4.09336E-06
0.40 5.1000E+02 3.58269E-06 


0.41 2.5600E+01 5.74674E-05
0.41 2.6600E+01 6.23569E-05
0.41 2.7600E+01 8.30445E-05
0.41 2.8600E+01 9.51806E-05
0.41 2.9600E+01 1.14573E-04
0.41 3.0600E+01 8.20010E-05
0.41 3.1600E+01 1.11560E-04
0.41 3.2600E+01 1.04970E-04
0.41 3.3600E+01 1.07348E-04
0.41 3.4600E+01 9.27398E-05
0.41 4.0000E+01 1.19462E-04
0.41 4.5000E+01 1.06010E-04
0.41 5.0000E+01 1.06667E-04
0.41 5.5000E+01 8.51010E-05
0.41 6.0000E+01 6.38339E-05
0.41 6.5000E+01 8.33305E-05
0.41 7.0000E+01 6.93639E-05
0.41 7.5000E+01 7.21663E-05
0.41 8.0000E+01 6.26539E-05
0.41 8.5000E+01 5.78998E-05
0.41 1.0000E+02 4.62180E-05
0.41 1.1000E+02 4.30886E-05
0.41 1.2000E+02 4.13500E-05
0.41 1.3000E+02 3.35513E-05
0.41 1.4000E+02 2.16698E-05
0.41 1.5000E+02 2.71928E-05
0.41 1.6000E+02 2.50208E-05
0.41 1.7000E+02 2.29103E-05
0.41 1.8000E+02 2.11706E-05
0.41 1.9000E+02 1.80743E-05
0.41 2.1000E+02 1.67237E-05
0.41 2.3000E+02 1.40080E-05
0.41 2.5000E+02 1.37742E-05
0.41 2.7000E+02 1.81394E-05
0.41 2.9000E+02 9.92466E-06
0.41 3.1000E+02 8.80556E-06
0.41 3.3000E+02 8.03276E-06
0.41 3.5000E+02 7.19662E-06
0.41 3.7000E+02 6.57135E-06
0.41 3.9000E+02 6.03543E-06
0.41 4.3000E+02 5.10216E-06
0.41 4.7000E+02 4.34019E-06
0.41 5.1000E+02 3.73666E-06 


0.42 2.5600E+01 4.78501E-05
0.42 2.6600E+01 7.76346E-05
0.42 2.7600E+01 9.62586E-05
0.42 2.8600E+01 8.81644E-05
0.42 2.9600E+01 1.26514E-04
0.42 3.0600E+01 1.22456E-04
0.42 3.1600E+01 1.14351E-04
0.42 3.2600E+01 1.09184E-04
0.42 3.3600E+01 1.10709E-04
0.42 3.4600E+01 1.84770E-04
0.42 4.0000E+01 1.11856E-04
0.42 4.5000E+01 8.04106E-05
0.42 5.0000E+01 1.51628E-04
0.42 5.5000E+01 8.73084E-05
0.42 6.0000E+01 8.46849E-05
0.42 6.5000E+01 7.83674E-05
0.42 7.0000E+01 7.61210E-05
0.42 7.5000E+01 6.90295E-05
0.42 8.0000E+01 5.97458E-05
0.42 8.5000E+01 6.22007E-05
0.42 1.0000E+02 4.96049E-05
0.42 1.1000E+02 4.88800E-05
0.42 1.2000E+02 3.71841E-05
0.42 1.3000E+02 3.56935E-05
0.42 1.4000E+02 3.21396E-05
0.42 1.5000E+02 2.55897E-05
0.42 1.6000E+02 2.57364E-05
0.42 1.7000E+02 2.34435E-05
0.42 1.8000E+02 2.20212E-05
0.42 1.9000E+02 2.03768E-05
0.42 2.1000E+02 1.78694E-05
0.42 2.3000E+02 1.47251E-05
0.42 2.5000E+02 1.21551E-05
0.42 2.7000E+02 1.09354E-05
0.42 2.9000E+02 1.01994E-05
0.42 3.1000E+02 9.26523E-06
0.42 3.3000E+02 8.34700E-06
0.42 3.5000E+02 7.52089E-06
0.42 3.7000E+02 6.97273E-06
0.42 3.9000E+02 6.33168E-06
0.42 4.3000E+02 5.29464E-06
0.42 4.7000E+02 4.54446E-06
0.42 5.1000E+02 3.94958E-06 


0.43 2.5600E+01 8.02537E-05
0.43 2.6600E+01 7.22594E-05
0.43 2.7600E+01 1.14653E-04
0.43 2.8600E+01 1.06962E-04
0.43 2.9600E+01 9.36867E-05
0.43 3.0600E+01 1.11377E-04
0.43 3.1600E+01 1.45667E-04
0.43 3.2600E+01 1.29772E-04
0.43 3.3600E+01 9.71198E-05
0.43 3.4600E+01 1.34008E-04
0.43 4.0000E+01 1.09760E-04
0.43 4.5000E+01 6.36800E-05
0.43 5.0000E+01 1.28816E-04
0.43 5.5000E+01 1.03356E-04
0.43 6.0000E+01 1.03402E-04
0.43 6.5000E+01 9.99327E-05
0.43 7.0000E+01 7.76842E-05
0.43 7.5000E+01 7.11275E-05
0.43 8.0000E+01 7.26654E-05
0.43 8.5000E+01 6.79675E-05
0.43 1.0000E+02 5.01846E-05
0.43 1.1000E+02 4.71467E-05
0.43 1.2000E+02 4.13418E-05
0.43 1.3000E+02 3.54531E-05
0.43 1.4000E+02 3.43918E-05
0.43 1.5000E+02 3.02578E-05
0.43 1.6000E+02 2.73655E-05
0.43 1.7000E+02 2.53864E-05
0.43 1.8000E+02 2.30843E-05
0.43 1.9000E+02 2.21826E-05
0.43 2.1000E+02 1.85454E-05
0.43 2.3000E+02 1.63188E-05
0.43 2.5000E+02 1.49438E-05
0.43 2.7000E+02 1.17712E-05
0.43 2.9000E+02 1.08986E-05
0.43 3.1000E+02 9.75680E-06
0.43 3.3000E+02 9.00896E-06
0.43 3.5000E+02 7.87438E-06
0.43 3.7000E+02 7.24112E-06
0.43 3.9000E+02 6.58462E-06
0.43 4.3000E+02 5.35534E-06
0.43 4.7000E+02 4.67408E-06
0.43 5.1000E+02 4.14374E-06 


0.44 2.5600E+01 5.55460E-05
0.44 2.6600E+01 8.53715E-05
0.44 2.7600E+01 1.12778E-04
0.44 2.8600E+01 9.82555E-05
0.44 2.9600E+01 1.41101E-04
0.44 3.0600E+01 1.28317E-04
0.44 3.1600E+01 1.21195E-04
0.44 3.2600E+01 1.26002E-04
0.44 3.3600E+01 1.33502E-04
0.44 3.4600E+01 7.32581E-05
0.44 4.0000E+01 1.06135E-04
0.44 4.5000E+01 1.26953E-04
0.44 5.0000E+01 1.15622E-04
0.44 5.5000E+01 9.88392E-05
0.44 6.0000E+01 1.06237E-04
0.44 6.5000E+01 9.28780E-05
0.44 7.0000E+01 8.34095E-05
0.44 7.5000E+01 8.02420E-05
0.44 8.0000E+01 6.85833E-05
0.44 8.5000E+01 6.84484E-05
0.44 1.0000E+02 5.60002E-05
0.44 1.1000E+02 4.97666E-05
0.44 1.2000E+02 4.43748E-05
0.44 1.3000E+02 4.05494E-05
0.44 1.4000E+02 3.52041E-05
0.44 1.5000E+02 3.25471E-05
0.44 1.6000E+02 2.98222E-05
0.44 1.7000E+02 2.68993E-05
0.44 1.8000E+02 2.42747E-05
0.44 1.9000E+02 2.28641E-05
0.44 2.1000E+02 1.93582E-05
0.44 2.3000E+02 1.89948E-05
0.44 2.5000E+02 1.50837E-05
0.44 2.7000E+02 1.25434E-05
0.44 2.9000E+02 1.14020E-05
0.44 3.1000E+02 8.60493E-06
0.44 3.3000E+02 9.19711E-06
0.44 3.5000E+02 8.44678E-06
0.44 3.7000E+02 7.63247E-06
0.44 3.9000E+02 6.96812E-06
0.44 4.3000E+02 6.04642E-06
0.44 4.7000E+02 5.04532E-06
0.44 5.1000E+02 4.29147E-06 


0.45 2.5600E+01 7.05535E-05
0.45 2.6600E+01 8.39779E-05
0.45 2.7600E+01 9.34346E-05
0.45 2.8600E+01 1.14906E-04
0.45 2.9600E+01 1.03966E-04
0.45 3.0600E+01 1.17544E-04
0.45 3.1600E+01 1.19428E-04
0.45 3.2600E+01 1.19295E-04
0.45 3.3600E+01 1.38589E-04
0.45 3.4600E+01 1.40866E-04
0.45 4.0000E+01 1.43842E-04
0.45 4.5000E+01 1.26230E-04
0.45 5.0000E+01 1.32827E-04
0.45 5.5000E+01 1.12909E-04
0.45 6.0000E+01 9.61009E-05
0.45 6.5000E+01 9.71542E-05
0.45 7.0000E+01 9.13843E-05
0.45 7.5000E+01 8.23688E-05
0.45 8.0000E+01 7.92649E-05
0.45 8.5000E+01 7.27481E-05
0.45 1.0000E+02 5.98649E-05
0.45 1.1000E+02 5.24719E-05
0.45 1.2000E+02 4.75710E-05
0.45 1.3000E+02 4.26542E-05
0.45 1.4000E+02 3.51932E-05
0.45 1.5000E+02 3.42104E-05
0.45 1.6000E+02 3.19057E-05
0.45 1.7000E+02 3.10711E-05
0.45 1.8000E+02 2.62943E-05
0.45 1.9000E+02 2.38313E-05
0.45 2.1000E+02 2.05288E-05
0.45 2.3000E+02 1.74362E-05
0.45 2.5000E+02 1.58965E-05
0.45 2.7000E+02 1.49676E-05
0.45 2.9000E+02 1.21118E-05
0.45 3.1000E+02 1.02946E-05
0.45 3.3000E+02 9.78953E-06
0.45 3.5000E+02 8.92141E-06
0.45 3.7000E+02 8.63255E-06
0.45 3.9000E+02 7.36975E-06
0.45 4.3000E+02 6.21441E-06
0.45 4.7000E+02 5.46428E-06
0.45 5.1000E+02 4.46537E-06 


0.46 2.5600E+01 4.06703E-05
0.46 2.6600E+01 1.06346E-04
0.46 2.7600E+01 1.18199E-04
0.46 2.8600E+01 1.17597E-04
0.46 2.9600E+01 1.33911E-04
0.46 3.0600E+01 1.29244E-04
0.46 3.1600E+01 1.46109E-04
0.46 3.2600E+01 1.67139E-04
0.46 3.3600E+01 1.39555E-04
0.46 3.4600E+01 1.43357E-04
0.46 4.0000E+01 1.48216E-04
0.46 4.5000E+01 1.24971E-04
0.46 5.0000E+01 1.07387E-04
0.46 5.5000E+01 1.16272E-04
0.46 6.0000E+01 1.12487E-04
0.46 6.5000E+01 1.02641E-04
0.46 7.0000E+01 9.64561E-05
0.46 7.5000E+01 8.70519E-05
0.46 8.0000E+01 8.29869E-05
0.46 8.5000E+01 7.81751E-05
0.46 1.0000E+02 6.36659E-05
0.46 1.1000E+02 5.59816E-05
0.46 1.2000E+02 4.91677E-05
0.46 1.3000E+02 4.48259E-05
0.46 1.4000E+02 2.33993E-05
0.46 1.5000E+02 3.22467E-05
0.46 1.6000E+02 3.30022E-05
0.46 1.7000E+02 3.15310E-05
0.46 1.8000E+02 2.77295E-05
0.46 1.9000E+02 2.49309E-05
0.46 2.1000E+02 2.19519E-05
0.46 2.3000E+02 1.86541E-05
0.46 2.5000E+02 2.39196E-05
0.46 2.7000E+02 1.58090E-05
0.46 2.9000E+02 1.27902E-05
0.46 3.1000E+02 1.15164E-05
0.46 3.3000E+02 1.03113E-05
0.46 3.5000E+02 9.36378E-06
0.46 3.7000E+02 9.11465E-06
0.46 3.9000E+02 7.80190E-06
0.46 4.3000E+02 6.55579E-06
0.46 4.7000E+02 5.65934E-06
0.46 5.1000E+02 4.88009E-06 


0.47 2.5600E+01 1.00991E-04
0.47 2.6600E+01 9.68127E-05
0.47 2.7600E+01 1.32661E-04
0.47 2.8600E+01 1.04785E-04
0.47 2.9600E+01 1.39636E-04
0.47 3.0600E+01 1.47106E-04
0.47 3.1600E+01 1.44904E-04
0.47 3.2600E+01 1.28130E-04
0.47 3.3600E+01 1.45896E-04
0.47 3.4600E+01 1.54944E-04
0.47 4.0000E+01 1.45568E-04
0.47 4.5000E+01 1.51121E-04
0.47 5.0000E+01 1.31718E-04
0.47 5.5000E+01 1.27504E-04
0.47 6.0000E+01 1.16598E-04
0.47 6.5000E+01 1.06112E-04
0.47 7.0000E+01 1.03639E-04
0.47 7.5000E+01 9.36859E-05
0.47 8.0000E+01 8.60861E-05
0.47 8.5000E+01 8.33348E-05
0.47 1.0000E+02 6.78515E-05
0.47 1.1000E+02 5.92849E-05
0.47 1.2000E+02 5.22757E-05
0.47 1.3000E+02 4.75899E-05
0.47 1.4000E+02 4.38115E-05
0.47 1.5000E+02 3.79928E-05
0.47 1.6000E+02 3.44144E-05
0.47 1.7000E+02 3.31098E-05
0.47 1.8000E+02 2.78997E-05
0.47 1.9000E+02 2.71270E-05
0.47 2.1000E+02 2.35194E-05
0.47 2.3000E+02 1.99706E-05
0.47 2.5000E+02 1.74471E-05
0.47 2.7000E+02 1.56218E-05
0.47 2.9000E+02 1.39449E-05
0.47 3.1000E+02 1.20718E-05
0.47 3.3000E+02 1.09400E-05
0.47 3.5000E+02 9.96491E-06
0.47 3.7000E+02 9.04675E-06
0.47 3.9000E+02 8.27633E-06
0.47 4.3000E+02 6.99139E-06
0.47 4.7000E+02 5.86722E-06
0.47 5.1000E+02 5.13416E-06 


0.48 2.5600E+01 4.32040E-05
0.48 2.6600E+01 9.32881E-05
0.48 2.7600E+01 7.17050E-05
0.48 2.8600E+01 1.84671E-04
0.48 2.9600E+01 1.36148E-04
0.48 3.0600E+01 1.36939E-04
0.48 3.1600E+01 1.34340E-04
0.48 3.2600E+01 1.60057E-04
0.48 3.3600E+01 1.83458E-04
0.48 3.4600E+01 1.57393E-04
0.48 4.0000E+01 1.53007E-04
0.48 4.5000E+01 1.76561E-04
0.48 5.0000E+01 1.46089E-04
0.48 5.5000E+01 1.44908E-04
0.48 6.0000E+01 1.20844E-04
0.48 6.5000E+01 1.18255E-04
0.48 7.0000E+01 1.10502E-04
0.48 7.5000E+01 1.00723E-04
0.48 8.0000E+01 9.11550E-05
0.48 8.5000E+01 8.60445E-05
0.48 1.0000E+02 7.05119E-05
0.48 1.1000E+02 6.33743E-05
0.48 1.2000E+02 5.14211E-05
0.48 1.3000E+02 4.95129E-05
0.48 1.4000E+02 4.56920E-05
0.48 1.5000E+02 3.86238E-05
0.48 1.6000E+02 2.17483E-05
0.48 1.7000E+02 3.37263E-05
0.48 1.8000E+02 2.84227E-05
0.48 1.9000E+02 2.87020E-05
0.48 2.1000E+02 2.49095E-05
0.48 2.3000E+02 2.10860E-05
0.48 2.5000E+02 1.84572E-05
0.48 2.7000E+02 1.61948E-05
0.48 2.9000E+02 1.49311E-05
0.48 3.1000E+02 1.32769E-05
0.48 3.3000E+02 1.20588E-05
0.48 3.5000E+02 1.04980E-05
0.48 3.7000E+02 9.57508E-06
0.48 3.9000E+02 8.77060E-06
0.48 4.3000E+02 7.27984E-06
0.48 4.7000E+02 6.42174E-06
0.48 5.1000E+02 5.51783E-06 


0.49 2.5600E+01 6.06678E-05
0.49 2.6600E+01 1.31987E-04
0.49 2.7600E+01 1.41091E-04
0.49 2.8600E+01 1.24215E-04
0.49 2.9600E+01 1.51443E-04
0.49 3.0600E+01 1.76008E-04
0.49 3.1600E+01 1.86983E-04
0.49 3.2600E+01 1.72537E-04
0.49 3.3600E+01 1.61659E-04
0.49 3.4600E+01 1.58647E-04
0.49 4.0000E+01 1.76556E-04
0.49 4.5000E+01 1.50516E-04
0.49 5.0000E+01 1.45671E-04
0.49 5.5000E+01 1.34219E-04
0.49 6.0000E+01 1.32068E-04
0.49 6.5000E+01 1.25120E-04
0.49 7.0000E+01 1.07038E-04
0.49 7.5000E+01 1.09478E-04
0.49 8.0000E+01 9.80005E-05
0.49 8.5000E+01 9.11013E-05
0.49 1.0000E+02 7.20314E-05
0.49 1.1000E+02 6.73333E-05
0.49 1.2000E+02 6.01155E-05
0.49 1.3000E+02 5.27259E-05
0.49 1.4000E+02 4.82430E-05
0.49 1.5000E+02 4.67159E-05
0.49 1.6000E+02 3.70610E-05
0.49 1.7000E+02 3.81619E-05
0.49 1.8000E+02 3.30090E-05
0.49 1.9000E+02 3.04203E-05
0.49 2.1000E+02 2.59726E-05
0.49 2.3000E+02 2.00352E-05
0.49 2.5000E+02 1.97096E-05
0.49 2.7000E+02 1.71460E-05
0.49 2.9000E+02 1.52027E-05
0.49 3.1000E+02 1.31731E-05
0.49 3.3000E+02 1.25146E-05
0.49 3.5000E+02 1.12508E-05
0.49 3.7000E+02 1.02132E-05
0.49 3.9000E+02 1.64106E-05
0.49 4.3000E+02 7.86439E-06
0.49 4.7000E+02 6.76948E-06
0.49 5.1000E+02 6.90569E-06 


0.50 2.5600E+01 1.19041E-04
0.50 2.6600E+01 1.23626E-04
0.50 2.7600E+01 1.24379E-04
0.50 2.8600E+01 1.43375E-04
0.50 2.9600E+01 1.50939E-04
0.50 3.0600E+01 1.86961E-04
0.50 3.1600E+01 1.72544E-04
0.50 3.2600E+01 1.56549E-04
0.50 3.3600E+01 1.70990E-04
0.50 3.4600E+01 2.14574E-04
0.50 4.0000E+01 1.74056E-04
0.50 4.5000E+01 1.71006E-04
0.50 5.0000E+01 1.51834E-04
0.50 5.5000E+01 1.26241E-04
0.50 6.0000E+01 1.42923E-04
0.50 6.5000E+01 1.26756E-04
0.50 7.0000E+01 1.19331E-04
0.50 7.5000E+01 1.14524E-04
0.50 8.0000E+01 1.05584E-04
0.50 8.5000E+01 9.58864E-05
0.50 1.0000E+02 7.76723E-05
0.50 1.1000E+02 7.07823E-05
0.50 1.2000E+02 6.33539E-05
0.50 1.3000E+02 5.60838E-05
0.50 1.4000E+02 5.00393E-05
0.50 1.5000E+02 4.39572E-05
0.50 1.6000E+02 4.27316E-05
0.50 1.7000E+02 3.68870E-05
0.50 1.8000E+02 3.43220E-05
0.50 1.9000E+02 3.23276E-05
0.50 2.1000E+02 2.74212E-05
0.50 2.3000E+02 2.40034E-05
0.50 2.5000E+02 2.12055E-05
0.50 2.7000E+02 1.81602E-05
0.50 2.9000E+02 1.65209E-05
0.50 3.1000E+02 1.54411E-05
0.50 3.3000E+02 1.34678E-05
0.50 3.5000E+02 1.18034E-05
0.50 3.7000E+02 1.07459E-05
0.50 3.9000E+02 9.80615E-06
0.50 4.3000E+02 8.32342E-06
0.50 4.7000E+02 7.14371E-06
0.50 5.1000E+02 6.10746E-06 


0.51 2.5600E+01 1.09489E-04
0.51 2.6600E+01 1.01751E-04
0.51 2.7600E+01 1.15302E-04
0.51 2.8600E+01 1.86846E-04
0.51 2.9600E+01 1.39255E-04
0.51 3.0600E+01 1.46221E-04
0.51 3.1600E+01 1.69175E-04
0.51 3.2600E+01 1.54148E-04
0.51 3.3600E+01 2.07005E-04
0.51 3.4600E+01 1.69067E-04
0.51 4.0000E+01 1.86315E-04
0.51 4.5000E+01 1.89078E-04
0.51 5.0000E+01 1.65431E-04
0.51 5.5000E+01 1.63082E-04
0.51 6.0000E+01 1.56949E-04
0.51 6.5000E+01 1.31989E-04
0.51 7.0000E+01 1.31546E-04
0.51 7.5000E+01 1.08111E-04
0.51 8.0000E+01 1.13758E-04
0.51 8.5000E+01 1.02583E-04
0.51 1.0000E+02 8.62590E-05
0.51 1.1000E+02 7.38125E-05
0.51 1.2000E+02 6.71465E-05
0.51 1.3000E+02 6.00313E-05
0.51 1.4000E+02 5.33815E-05
0.51 1.5000E+02 4.85741E-05
0.51 1.6000E+02 4.64042E-05
0.51 1.7000E+02 4.01056E-05
0.51 1.8000E+02 3.72348E-05
0.51 1.9000E+02 3.40977E-05
0.51 2.1000E+02 2.92151E-05
0.51 2.3000E+02 2.52355E-05
0.51 2.5000E+02 2.19800E-05
0.51 2.7000E+02 1.93005E-05
0.51 2.9000E+02 1.71316E-05
0.51 3.1000E+02 1.54173E-05
0.51 3.3000E+02 1.51752E-05
0.51 3.5000E+02 1.26948E-05
0.51 3.7000E+02 1.13181E-05
0.51 3.9000E+02 1.04017E-05
0.51 4.3000E+02 8.78267E-06
0.51 4.7000E+02 7.55638E-06
0.51 5.1000E+02 6.64218E-06 


0.52 2.5600E+01 6.38012E-05
0.52 2.6600E+01 1.40775E-04
0.52 2.7600E+01 1.95367E-04
0.52 2.8600E+01 1.51738E-04
0.52 2.9600E+01 2.04854E-04
0.52 3.0600E+01 2.02921E-04
0.52 3.1600E+01 2.18297E-04
0.52 3.2600E+01 2.01341E-04
0.52 3.3600E+01 1.89245E-04
0.52 3.4600E+01 2.02695E-04
0.52 4.0000E+01 2.19412E-04
0.52 4.5000E+01 1.86547E-04
0.52 5.0000E+01 2.12123E-04
0.52 5.5000E+01 1.68773E-04
0.52 6.0000E+01 1.60231E-04
0.52 6.5000E+01 1.42731E-04
0.52 7.0000E+01 1.34735E-04
0.52 7.5000E+01 1.19857E-04
0.52 8.0000E+01 1.20739E-04
0.52 8.5000E+01 1.10404E-04
0.52 1.0000E+02 9.10502E-05
0.52 1.1000E+02 6.84317E-05
0.52 1.2000E+02 7.09312E-05
0.52 1.3000E+02 6.32704E-05
0.52 1.4000E+02 5.65346E-05
0.52 1.5000E+02 5.07170E-05
0.52 1.6000E+02 4.66896E-05
0.52 1.7000E+02 4.35609E-05
0.52 1.8000E+02 3.75818E-05
0.52 1.9000E+02 3.51450E-05
0.52 2.1000E+02 3.06416E-05
0.52 2.3000E+02 2.70465E-05
0.52 2.5000E+02 2.42916E-05
0.52 2.7000E+02 2.13191E-05
0.52 2.9000E+02 1.83319E-05
0.52 3.1000E+02 1.63914E-05
0.52 3.3000E+02 1.45519E-05
0.52 3.5000E+02 1.34873E-05
0.52 3.7000E+02 1.29620E-05
0.52 3.9000E+02 1.09810E-05
0.52 4.3000E+02 9.27603E-06
0.52 4.7000E+02 7.94113E-06
0.52 5.1000E+02 7.00564E-06 


0.53 2.5600E+01 1.46376E-04
0.53 2.6600E+01 1.37073E-04
0.53 2.7600E+01 1.75703E-04
0.53 2.8600E+01 1.56884E-04
0.53 2.9600E+01 1.66097E-04
0.53 3.0600E+01 1.98065E-04
0.53 3.1600E+01 2.28188E-04
0.53 3.2600E+01 1.93475E-04
0.53 3.3600E+01 1.77347E-04
0.53 3.4600E+01 2.31946E-04
0.53 4.0000E+01 2.32241E-04
0.53 4.5000E+01 1.88617E-04
0.53 5.0000E+01 1.82861E-04
0.53 5.5000E+01 1.67747E-04
0.53 6.0000E+01 1.52387E-04
0.53 6.5000E+01 1.56317E-04
0.53 7.0000E+01 1.37061E-04
0.53 7.5000E+01 1.35522E-04
0.53 8.0000E+01 1.11567E-04
0.53 8.5000E+01 1.18569E-04
0.53 1.0000E+02 9.33382E-05
0.53 1.1000E+02 8.22460E-05
0.53 1.2000E+02 7.41186E-05
0.53 1.3000E+02 6.72621E-05
0.53 1.4000E+02 6.01658E-05
0.53 1.5000E+02 5.40027E-05
0.53 1.6000E+02 4.88554E-05
0.53 1.7000E+02 4.55169E-05
0.53 1.8000E+02 4.19768E-05
0.53 1.9000E+02 3.68429E-05
0.53 2.1000E+02 3.25544E-05
0.53 2.3000E+02 2.85997E-05
0.53 2.5000E+02 2.52664E-05
0.53 2.7000E+02 2.21235E-05
0.53 2.9000E+02 1.91866E-05
0.53 3.1000E+02 1.70696E-05
0.53 3.3000E+02 1.55065E-05
0.53 3.5000E+02 1.42298E-05
0.53 3.7000E+02 1.30952E-05
0.53 3.9000E+02 1.18223E-05
0.53 4.3000E+02 9.78700E-06
0.53 4.7000E+02 8.36625E-06
0.53 5.1000E+02 7.26780E-06 


0.54 2.5600E+01 1.52715E-04
0.54 2.6600E+01 1.05955E-04
0.54 2.7600E+01 1.38421E-04
0.54 2.8600E+01 2.13266E-04
0.54 2.9600E+01 1.93025E-04
0.54 3.0600E+01 1.75613E-04
0.54 3.1600E+01 1.78085E-04
0.54 3.2600E+01 2.07114E-04
0.54 3.3600E+01 2.73502E-04
0.54 3.4600E+01 2.17059E-04
0.54 4.0000E+01 1.66124E-04
0.54 4.5000E+01 2.32707E-04
0.54 5.0000E+01 1.84318E-04
0.54 5.5000E+01 1.75048E-04
0.54 6.0000E+01 1.73749E-04
0.54 6.5000E+01 1.74879E-04
0.54 7.0000E+01 1.45292E-04
0.54 7.5000E+01 1.41959E-04
0.54 8.0000E+01 1.24129E-04
0.54 8.5000E+01 1.24145E-04
0.54 1.0000E+02 9.71488E-05
0.54 1.1000E+02 8.98228E-05
0.54 1.2000E+02 7.51948E-05
0.54 1.3000E+02 7.07558E-05
0.54 1.4000E+02 6.35688E-05
0.54 1.5000E+02 5.74121E-05
0.54 1.6000E+02 4.97299E-05
0.54 1.7000E+02 4.67198E-05
0.54 1.8000E+02 4.42661E-05
0.54 1.9000E+02 3.98826E-05
0.54 2.1000E+02 3.39128E-05
0.54 2.3000E+02 2.99985E-05
0.54 2.5000E+02 2.58427E-05
0.54 2.7000E+02 2.28299E-05
0.54 2.9000E+02 2.01744E-05
0.54 3.1000E+02 1.79837E-05
0.54 3.3000E+02 1.61069E-05
0.54 3.5000E+02 1.52147E-05
0.54 3.7000E+02 1.36199E-05
0.54 3.9000E+02 1.25085E-05
0.54 4.3000E+02 1.03487E-05
0.54 4.7000E+02 8.86859E-06
0.54 5.1000E+02 7.70070E-06 


0.55 2.5600E+01 8.04326E-05
0.55 2.6600E+01 2.03156E-04
0.55 2.7600E+01 2.20104E-04
0.55 2.8600E+01 1.81321E-04
0.55 2.9600E+01 2.53571E-04
0.55 3.0600E+01 2.35949E-04
0.55 3.1600E+01 2.40305E-04
0.55 3.2600E+01 2.71499E-04
0.55 3.3600E+01 2.34355E-04
0.55 3.4600E+01 2.00946E-04
0.55 4.0000E+01 2.51641E-04
0.55 4.5000E+01 2.38553E-04
0.55 5.0000E+01 2.13316E-04
0.55 5.5000E+01 1.93523E-04
0.55 6.0000E+01 1.92009E-04
0.55 6.5000E+01 1.61681E-04
0.55 7.0000E+01 1.57234E-04
0.55 7.5000E+01 1.43292E-04
0.55 8.0000E+01 1.38875E-04
0.55 8.5000E+01 1.15921E-04
0.55 1.0000E+02 1.02945E-04
0.55 1.1000E+02 9.36811E-05
0.55 1.2000E+02 7.78261E-05
0.55 1.3000E+02 7.38438E-05
0.55 1.4000E+02 6.71240E-05
0.55 1.5000E+02 6.04085E-05
0.55 1.6000E+02 5.67257E-05
0.55 1.7000E+02 4.91413E-05
0.55 1.8000E+02 4.55881E-05
0.55 1.9000E+02 4.11254E-05
0.55 2.1000E+02 3.53569E-05
0.55 2.3000E+02 3.12450E-05
0.55 2.5000E+02 2.73798E-05
0.55 2.7000E+02 2.40405E-05
0.55 2.9000E+02 2.14440E-05
0.55 3.1000E+02 1.89547E-05
0.55 3.3000E+02 1.70470E-05
0.55 3.5000E+02 1.55584E-05
0.55 3.7000E+02 1.45220E-05
0.55 3.9000E+02 1.29015E-05
0.55 4.3000E+02 1.07922E-05
0.55 4.7000E+02 9.29442E-06
0.55 5.1000E+02 8.04697E-06 


0.56 2.5600E+01 1.45204E-04
0.56 2.6600E+01 1.78882E-04
0.56 2.7600E+01 2.40814E-04
0.56 2.8600E+01 1.63544E-04
0.56 2.9600E+01 2.29127E-04
0.56 3.0600E+01 2.61008E-04
0.56 3.1600E+01 2.35559E-04
0.56 3.2600E+01 2.39284E-04
0.56 3.3600E+01 2.19314E-04
0.56 3.4600E+01 3.07223E-04
0.56 4.0000E+01 2.54972E-04
0.56 4.5000E+01 2.25121E-04
0.56 5.0000E+01 2.30109E-04
0.56 5.5000E+01 2.38323E-04
0.56 6.0000E+01 1.91819E-04
0.56 6.5000E+01 1.63965E-04
0.56 7.0000E+01 1.71372E-04
0.56 7.5000E+01 1.48086E-04
0.56 8.0000E+01 1.46501E-04
0.56 8.5000E+01 1.26864E-04
0.56 1.0000E+02 1.09699E-04
0.56 1.1000E+02 9.61223E-05
0.56 1.2000E+02 8.73738E-05
0.56 1.3000E+02 7.59365E-05
0.56 1.4000E+02 7.04601E-05
0.56 1.5000E+02 6.35767E-05
0.56 1.6000E+02 5.80674E-05
0.56 1.7000E+02 5.17671E-05
0.56 1.8000E+02 4.35673E-05
0.56 1.9000E+02 4.51300E-05
0.56 2.1000E+02 3.67771E-05
0.56 2.3000E+02 3.24719E-05
0.56 2.5000E+02 2.85958E-05
0.56 2.7000E+02 2.52902E-05
0.56 2.9000E+02 2.24572E-05
0.56 3.1000E+02 2.00501E-05
0.56 3.3000E+02 1.78748E-05
0.56 3.5000E+02 1.61853E-05
0.56 3.7000E+02 1.48737E-05
0.56 3.9000E+02 1.36944E-05
0.56 4.3000E+02 1.16474E-05
0.56 4.7000E+02 9.71328E-06
0.56 5.1000E+02 8.44679E-06 


0.57 2.5600E+01 1.76946E-04
0.57 2.6600E+01 1.25797E-04
0.57 2.7600E+01 9.12977E-05
0.57 2.8600E+01 2.68420E-04
0.57 2.9600E+01 1.75218E-04
0.57 3.0600E+01 2.01018E-04
0.57 3.1600E+01 2.14369E-04
0.57 3.2600E+01 2.29638E-04
0.57 3.3600E+01 2.83558E-04
0.57 3.4600E+01 2.79611E-04
0.57 4.0000E+01 2.43874E-04
0.57 4.5000E+01 2.34332E-04
0.57 5.0000E+01 2.22918E-04
0.57 5.5000E+01 2.18234E-04
0.57 6.0000E+01 1.89904E-04
0.57 6.5000E+01 1.85130E-04
0.57 7.0000E+01 1.87964E-04
0.57 7.5000E+01 1.58700E-04
0.57 8.0000E+01 1.48724E-04
0.57 8.5000E+01 1.42534E-04
0.57 1.0000E+02 1.16871E-04
0.57 1.1000E+02 9.97550E-05
0.57 1.2000E+02 9.25580E-05
0.57 1.3000E+02 7.47709E-05
0.57 1.4000E+02 7.34169E-05
0.57 1.5000E+02 6.69836E-05
0.57 1.6000E+02 6.07113E-05
0.57 1.7000E+02 5.46477E-05
0.57 1.8000E+02 4.97520E-05
0.57 1.9000E+02 4.66639E-05
0.57 2.1000E+02 4.01282E-05
0.57 2.3000E+02 3.38766E-05
0.57 2.5000E+02 3.01804E-05
0.57 2.7000E+02 3.03343E-05
0.57 2.9000E+02 2.41431E-05
0.57 3.1000E+02 2.15187E-05
0.57 3.3000E+02 1.92576E-05
0.57 3.5000E+02 1.72580E-05
0.57 3.7000E+02 1.55980E-05
0.57 3.9000E+02 1.42637E-05
0.57 4.3000E+02 1.22138E-05
0.57 4.7000E+02 1.01697E-05
0.57 5.1000E+02 8.77886E-06 


0.58 2.5600E+01 1.08496E-04
0.58 2.6600E+01 1.56415E-04
0.58 2.7600E+01 2.35183E-04
0.58 2.8600E+01 2.48221E-04
0.58 2.9600E+01 2.85180E-04
0.58 3.0600E+01 2.70480E-04
0.58 3.1600E+01 2.41585E-04
0.58 3.2600E+01 2.97105E-04
0.58 3.3600E+01 3.20497E-04
0.58 3.4600E+01 2.44873E-04
0.58 4.0000E+01 2.54831E-04
0.58 4.5000E+01 2.69695E-04
0.58 5.0000E+01 2.14796E-04
0.58 5.5000E+01 2.10664E-04
0.58 6.0000E+01 2.04228E-04
0.58 6.5000E+01 2.01550E-04
0.58 7.0000E+01 1.70741E-04
0.58 7.5000E+01 1.71737E-04
0.58 8.0000E+01 1.52100E-04
0.58 8.5000E+01 1.50704E-04
0.58 1.0000E+02 1.23923E-04
0.58 1.1000E+02 1.05267E-04
0.58 1.2000E+02 9.58606E-05
0.58 1.3000E+02 8.40980E-05
0.58 1.4000E+02 7.58196E-05
0.58 1.5000E+02 7.02163E-05
0.58 1.6000E+02 6.36914E-05
0.58 1.7000E+02 5.77719E-05
0.58 1.8000E+02 5.20702E-05
0.58 1.9000E+02 4.81752E-05
0.58 2.1000E+02 4.26284E-05
0.58 2.3000E+02 3.51120E-05
0.58 2.5000E+02 3.14406E-05
0.58 2.7000E+02 2.79990E-05
0.58 2.9000E+02 2.48844E-05
0.58 3.1000E+02 2.21478E-05
0.58 3.3000E+02 1.98771E-05
0.58 3.5000E+02 1.79559E-05
0.58 3.7000E+02 1.62362E-05
0.58 3.9000E+02 1.49067E-05
0.58 4.3000E+02 1.27355E-05
0.58 4.7000E+02 1.09256E-05
0.58 5.1000E+02 9.29996E-06 


0.59 2.5600E+01 9.46388E-05
0.59 2.6600E+01 2.49440E-04
0.59 2.7600E+01 2.33833E-04
0.59 2.8600E+01 1.73710E-04
0.59 2.9600E+01 2.49029E-04
0.59 3.0600E+01 3.18034E-04
0.59 3.1600E+01 3.68168E-04
0.59 3.2600E+01 2.67049E-04
0.59 3.3600E+01 1.94038E-04
0.59 3.4600E+01 2.90973E-04
0.59 4.0000E+01 3.05528E-04
0.59 4.5000E+01 2.93559E-04
0.59 5.0000E+01 2.46763E-04
0.59 5.5000E+01 2.33551E-04
0.59 6.0000E+01 2.33617E-04
0.59 6.5000E+01 2.03866E-04
0.59 7.0000E+01 1.76496E-04
0.59 7.5000E+01 1.86341E-04
0.59 8.0000E+01 1.60214E-04
0.59 8.5000E+01 1.52875E-04
0.59 1.0000E+02 1.30155E-04
0.59 1.1000E+02 1.11768E-04
0.59 1.2000E+02 9.82985E-05
0.59 1.3000E+02 9.10075E-05
0.59 1.4000E+02 7.56765E-05
0.59 1.5000E+02 7.29740E-05
0.59 1.6000E+02 6.72430E-05
0.59 1.7000E+02 6.13185E-05
0.59 1.8000E+02 5.52706E-05
0.59 1.9000E+02 4.98542E-05
0.59 2.1000E+02 4.39096E-05
0.59 2.3000E+02 3.69594E-05
0.59 2.5000E+02 3.26704E-05
0.59 2.7000E+02 2.91481E-05
0.59 2.9000E+02 2.59286E-05
0.59 3.1000E+02 2.32908E-05
0.59 3.3000E+02 2.09561E-05
0.59 3.5000E+02 1.88382E-05
0.59 3.7000E+02 1.70845E-05
0.59 3.9000E+02 1.56227E-05
0.59 4.3000E+02 1.32260E-05
0.59 4.7000E+02 1.14651E-05
0.59 5.1000E+02 9.71373E-06 


0.60 2.5600E+01 1.29146E-04
0.60 2.6600E+01 3.01396E-04
0.60 2.7600E+01 1.82956E-04
0.60 2.8600E+01 2.76169E-04
0.60 2.9600E+01 2.15047E-04
0.60 3.0600E+01 2.53762E-04
0.60 3.1600E+01 2.38723E-04
0.60 3.2600E+01 2.48819E-04
0.60 3.3600E+01 3.07433E-04
0.60 3.4600E+01 3.50896E-04
0.60 4.0000E+01 3.65619E-04
0.60 4.5000E+01 2.62687E-04
0.60 5.0000E+01 2.89887E-04
0.60 5.5000E+01 2.57872E-04
0.60 6.0000E+01 2.56375E-04
0.60 6.5000E+01 2.02928E-04
0.60 7.0000E+01 1.98684E-04
0.60 7.5000E+01 1.97084E-04
0.60 8.0000E+01 1.72732E-04
0.60 8.5000E+01 1.55384E-04
0.60 1.0000E+02 1.30821E-04
0.60 1.1000E+02 1.18614E-04
0.60 1.2000E+02 1.01990E-04
0.60 1.3000E+02 9.52806E-05
0.60 1.4000E+02 8.14387E-05
0.60 1.5000E+02 7.52880E-05
0.60 1.6000E+02 6.97585E-05
0.60 1.7000E+02 6.40259E-05
0.60 1.8000E+02 5.81906E-05
0.60 1.9000E+02 5.30114E-05
0.60 2.1000E+02 4.55520E-05
0.60 2.3000E+02 4.01509E-05
0.60 2.5000E+02 3.38403E-05
0.60 2.7000E+02 3.03207E-05
0.60 2.9000E+02 2.71897E-05
0.60 3.1000E+02 2.42450E-05
0.60 3.3000E+02 2.09789E-05
0.60 3.5000E+02 1.98832E-05
0.60 3.7000E+02 1.78802E-05
0.60 3.9000E+02 1.62804E-05
0.60 4.3000E+02 1.38155E-05
0.60 4.7000E+02 1.19713E-05
0.60 5.1000E+02 1.03073E-05 


0.61 2.5600E+01 2.28023E-04
0.61 2.6600E+01 1.18131E-04
0.61 2.7600E+01 1.63252E-04
0.61 2.8600E+01 3.34897E-04
0.61 2.9600E+01 2.43259E-04
0.61 3.0600E+01 2.50322E-04
0.61 3.1600E+01 2.83011E-04
0.61 3.2600E+01 2.80294E-04
0.61 3.3600E+01 3.43489E-04
0.61 3.4600E+01 3.12787E-04
0.61 4.0000E+01 2.55033E-04
0.61 4.5000E+01 2.58596E-04
0.61 5.0000E+01 2.70619E-04
0.61 5.5000E+01 2.60115E-04
0.61 6.0000E+01 2.35984E-04
0.61 6.5000E+01 2.11565E-04
0.61 7.0000E+01 2.14200E-04
0.61 7.5000E+01 1.78301E-04
0.61 8.0000E+01 1.86820E-04
0.61 8.5000E+01 1.63073E-04
0.61 1.0000E+02 1.27172E-04
0.61 1.1000E+02 1.25042E-04
0.61 1.2000E+02 1.07448E-04
0.61 1.3000E+02 9.72781E-05
0.61 1.4000E+02 8.90291E-05
0.61 1.5000E+02 7.59645E-05
0.61 1.6000E+02 7.24714E-05
0.61 1.7000E+02 6.66293E-05
0.61 1.8000E+02 6.12051E-05
0.61 1.9000E+02 5.56507E-05
0.61 2.1000E+02 4.64718E-05
0.61 2.3000E+02 4.25949E-05
0.61 2.5000E+02 3.48416E-05
0.61 2.7000E+02 3.14396E-05
0.61 2.9000E+02 2.82216E-05
0.61 3.1000E+02 2.48246E-05
0.61 3.3000E+02 2.29265E-05
0.61 3.5000E+02 2.07068E-05
0.61 3.7000E+02 1.87675E-05
0.61 3.9000E+02 1.70730E-05
0.61 4.3000E+02 1.44142E-05
0.61 4.7000E+02 1.24447E-05
0.61 5.1000E+02 1.08671E-05 


0.62 2.5600E+01 1.09801E-04
0.62 2.6600E+01 2.67487E-04
0.62 2.7600E+01 3.07724E-04
0.62 2.8600E+01 2.55755E-04
0.62 2.9600E+01 5.08787E-04
0.62 3.0600E+01 3.53356E-04
0.62 3.1600E+01 3.73421E-04
0.62 3.2600E+01 4.48869E-04
0.62 3.3600E+01 2.96503E-04
0.62 3.4600E+01 2.63297E-04
0.62 4.0000E+01 3.20893E-04
0.62 4.5000E+01 3.37273E-04
0.62 5.0000E+01 2.72016E-04
0.62 5.5000E+01 2.48171E-04
0.62 6.0000E+01 2.41743E-04
0.62 6.5000E+01 2.30366E-04
0.62 7.0000E+01 2.16424E-04
0.62 7.5000E+01 1.90966E-04
0.62 8.0000E+01 2.02863E-04
0.62 8.5000E+01 1.74168E-04
0.62 1.0000E+02 1.40356E-04
0.62 1.1000E+02 1.30606E-04
0.62 1.2000E+02 1.13691E-04
0.62 1.3000E+02 9.99139E-05
0.62 1.4000E+02 9.34379E-05
0.62 1.5000E+02 7.93772E-05
0.62 1.6000E+02 7.38778E-05
0.62 1.7000E+02 6.94233E-05
0.62 1.8000E+02 6.38459E-05
0.62 1.9000E+02 5.84041E-05
0.62 2.1000E+02 4.91776E-05
0.62 2.3000E+02 4.34902E-05
0.62 2.5000E+02 3.79844E-05
0.62 2.7000E+02 3.26430E-05
0.62 2.9000E+02 2.93422E-05
0.62 3.1000E+02 2.64269E-05
0.62 3.3000E+02 2.38077E-05
0.62 3.5000E+02 2.15296E-05
0.62 3.7000E+02 2.00552E-05
0.62 3.9000E+02 1.78620E-05
0.62 4.3000E+02 1.49751E-05
0.62 4.7000E+02 1.28173E-05
0.62 5.1000E+02 1.13103E-05 


0.63 2.5600E+01 1.29625E-04
0.63 2.6600E+01 2.99583E-04
0.63 2.7600E+01 2.76243E-04
0.63 2.8600E+01 2.24176E-04
0.63 2.9600E+01 2.59358E-04
0.63 3.0600E+01 3.04779E-04
0.63 3.1600E+01 3.59982E-04
0.63 3.2600E+01 2.87921E-04
0.63 3.3600E+01 2.85853E-04
0.63 3.4600E+01 3.82961E-04
0.63 4.0000E+01 3.69722E-04
0.63 4.5000E+01 3.27635E-04
0.63 5.0000E+01 2.97956E-04
0.63 5.5000E+01 2.43296E-04
0.63 6.0000E+01 2.60543E-04
0.63 6.5000E+01 2.71355E-04
0.63 7.0000E+01 2.14719E-04
0.63 7.5000E+01 2.11748E-04
0.63 8.0000E+01 1.85887E-04
0.63 8.5000E+01 1.87002E-04
0.63 1.0000E+02 1.53116E-04
0.63 1.1000E+02 1.34661E-04
0.63 1.2000E+02 1.20020E-04
0.63 1.3000E+02 1.04110E-04
0.63 1.4000E+02 9.63020E-05
0.63 1.5000E+02 8.70227E-05
0.63 1.6000E+02 7.55397E-05
0.63 1.7000E+02 7.19173E-05
0.63 1.8000E+02 6.69846E-05
0.63 1.9000E+02 6.11667E-05
0.63 2.1000E+02 5.14497E-05
0.63 2.3000E+02 4.47895E-05
0.63 2.5000E+02 3.99962E-05
0.63 2.7000E+02 3.36053E-05
0.63 2.9000E+02 3.03861E-05
0.63 3.1000E+02 2.74353E-05
0.63 3.3000E+02 2.48543E-05
0.63 3.5000E+02 2.25906E-05
0.63 3.7000E+02 2.05001E-05
0.63 3.9000E+02 1.86843E-05
0.63 4.3000E+02 1.56706E-05
0.63 4.7000E+02 1.33929E-05
0.63 5.1000E+02 1.17568E-05 


0.64 2.5600E+01 1.72957E-04
0.64 2.6600E+01 2.18182E-04
0.64 2.7600E+01 1.99747E-04
0.64 2.8600E+01 3.58731E-04
0.64 2.9600E+01 2.63975E-04
0.64 3.0600E+01 2.67128E-04
0.64 3.1600E+01 2.20307E-04
0.64 3.2600E+01 3.13266E-04
0.64 3.3600E+01 3.56404E-04
0.64 3.4600E+01 3.59090E-04
0.64 4.0000E+01 3.44262E-04
0.64 4.5000E+01 3.11842E-04
0.64 5.0000E+01 3.34532E-04
0.64 5.5000E+01 3.30467E-04
0.64 6.0000E+01 2.84302E-04
0.64 6.5000E+01 2.57720E-04
0.64 7.0000E+01 2.21929E-04
0.64 7.5000E+01 2.25070E-04
0.64 8.0000E+01 1.88520E-04
0.64 8.5000E+01 2.01227E-04
0.64 1.0000E+02 1.59486E-04
0.64 1.1000E+02 1.27419E-04
0.64 1.2000E+02 1.26016E-04
0.64 1.3000E+02 1.09760E-04
0.64 1.4000E+02 9.83862E-05
0.64 1.5000E+02 9.18949E-05
0.64 1.6000E+02 7.79345E-05
0.64 1.7000E+02 7.40006E-05
0.64 1.8000E+02 6.89081E-05
0.64 1.9000E+02 6.39581E-05
0.64 2.1000E+02 5.39488E-05
0.64 2.3000E+02 4.62909E-05
0.64 2.5000E+02 4.15429E-05
0.64 2.7000E+02 3.56911E-05
0.64 2.9000E+02 3.15859E-05
0.64 3.1000E+02 2.84498E-05
0.64 3.3000E+02 2.58042E-05
0.64 3.5000E+02 2.34581E-05
0.64 3.7000E+02 2.13800E-05
0.64 3.9000E+02 1.95128E-05
0.64 4.3000E+02 1.63661E-05
0.64 4.7000E+02 1.39717E-05
0.64 5.1000E+02 1.21860E-05 


0.65 2.5600E+01 1.78783E-04
0.65 2.6600E+01 1.31003E-04
0.65 2.7600E+01 2.39651E-04
0.65 2.8600E+01 3.00036E-04
0.65 2.9600E+01 3.88328E-04
0.65 3.0600E+01 2.98611E-04
0.65 3.1600E+01 3.92032E-04
0.65 3.2600E+01 4.20152E-04
0.65 3.3600E+01 4.83334E-04
0.65 3.4600E+01 3.19349E-04
0.65 4.0000E+01 3.13999E-04
0.65 4.5000E+01 3.26994E-04
0.65 5.0000E+01 3.45225E-04
0.65 5.5000E+01 3.23601E-04
0.65 6.0000E+01 2.93226E-04
0.65 6.5000E+01 2.48323E-04
0.65 7.0000E+01 2.39982E-04
0.65 7.5000E+01 2.26595E-04
0.65 8.0000E+01 2.06825E-04
0.65 8.5000E+01 2.07943E-04
0.65 1.0000E+02 1.61543E-04
0.65 1.1000E+02 1.37088E-04
0.65 1.2000E+02 1.31278E-04
0.65 1.3000E+02 1.15434E-04
0.65 1.4000E+02 1.01428E-04
0.65 1.5000E+02 9.49337E-05
0.65 1.6000E+02 8.53321E-05
0.65 1.7000E+02 7.53987E-05
0.65 1.8000E+02 7.12309E-05
0.65 1.9000E+02 6.63264E-05
0.65 2.1000E+02 5.65184E-05
0.65 2.3000E+02 4.80497E-05
0.65 2.5000E+02 4.28768E-05
0.65 2.7000E+02 3.80381E-05
0.65 2.9000E+02 3.26145E-05
0.65 3.1000E+02 2.94644E-05
0.65 3.3000E+02 2.66472E-05
0.65 3.5000E+02 2.43275E-05
0.65 3.7000E+02 2.22255E-05
0.65 3.9000E+02 2.05092E-05
0.65 4.3000E+02 1.70502E-05
0.65 4.7000E+02 1.45481E-05
0.65 5.1000E+02 1.26593E-05 


