0.40 2.5600E+01   NaN
0.40 2.6600E+01   NaN
0.40 2.7600E+01   NaN
0.40 2.8600E+01   NaN
0.40 2.9600E+01 5.71100E-05
0.40 3.0600E+01 1.68536E-05
0.40 3.1600E+01 9.79050E-05
0.40 3.2600E+01 1.17866E-04
0.40 3.3600E+01 2.32656E-04
0.40 3.4600E+01 3.47876E-04
0.40 4.0000E+01 2.26303E-03
0.40 4.5000E+01 1.76535E-03
0.40 5.0000E+01 1.69135E-03
0.40 5.5000E+01 1.77615E-03
0.40 6.0000E+01 1.50951E-03
0.40 6.5000E+01 1.71148E-03
0.40 7.0000E+01 9.07758E-04
0.40 7.5000E+01 1.36080E-03
0.40 8.0000E+01 1.43505E-03
0.40 8.5000E+01 1.16886E-03
0.40 1.0000E+02 1.09705E-03
0.40 1.1000E+02 6.59452E-04
0.40 1.2000E+02 7.37172E-04
0.40 1.3000E+02 7.48108E-04
0.40 1.4000E+02 6.59717E-04
0.40 1.5000E+02 5.88070E-04
0.40 1.6000E+02 5.44381E-04
0.40 1.7000E+02 4.77290E-04
0.40 1.8000E+02 4.49563E-04
0.40 1.9000E+02 4.33455E-04
0.40 2.1000E+02 3.99537E-04
0.40 2.3000E+02 2.99525E-04
0.40 2.5000E+02 2.63608E-04
0.40 2.7000E+02 2.35271E-04
0.40 2.9000E+02 2.12555E-04
0.40 3.1000E+02 1.91998E-04
0.40 3.3000E+02 1.74190E-04
0.40 3.5000E+02 1.58950E-04
0.40 3.7000E+02 1.45332E-04
0.40 3.9000E+02 1.33096E-04
0.40 4.3000E+02 1.12552E-04
0.40 4.7000E+02 9.56267E-05
0.40 5.1000E+02 8.29926E-05 


0.41 2.5600E+01   NaN
0.41 2.6600E+01   NaN
0.41 2.7600E+01   NaN
0.41 2.8600E+01   NaN
0.41 2.9600E+01 4.88080E-05
0.41 3.0600E+01 7.87330E-05
0.41 3.1600E+01 7.27608E-05
0.41 3.2600E+01 1.26650E-04
0.41 3.3600E+01 1.36640E-04
0.41 3.4600E+01 2.70932E-04
0.41 4.0000E+01 1.60172E-03
0.41 4.5000E+01 1.67986E-03
0.41 5.0000E+01 1.18692E-03
0.41 5.5000E+01 1.64736E-03
0.41 6.0000E+01 1.80816E-03
0.41 6.5000E+01 1.33669E-03
0.41 7.0000E+01 1.56543E-03
0.41 7.5000E+01 1.09604E-03
0.41 8.0000E+01 1.45063E-03
0.41 8.5000E+01 1.36593E-03
0.41 1.0000E+02 9.64270E-04
0.41 1.1000E+02 1.00585E-03
0.41 1.2000E+02 7.44000E-04
0.41 1.3000E+02 7.11311E-04
0.41 1.4000E+02 6.74534E-04
0.41 1.5000E+02 6.29740E-04
0.41 1.6000E+02 5.68831E-04
0.41 1.7000E+02 5.07692E-04
0.41 1.8000E+02 4.63270E-04
0.41 1.9000E+02 4.35592E-04
0.41 2.1000E+02 4.15097E-04
0.41 2.3000E+02 3.15207E-04
0.41 2.5000E+02 2.71634E-04
0.41 2.7000E+02 2.62609E-04
0.41 2.9000E+02 2.21566E-04
0.41 3.1000E+02 2.00273E-04
0.41 3.3000E+02 1.81731E-04
0.41 3.5000E+02 1.65875E-04
0.41 3.7000E+02 1.51934E-04
0.41 3.9000E+02 1.39419E-04
0.41 4.3000E+02 1.18333E-04
0.41 4.7000E+02 1.01319E-04
0.41 5.1000E+02 8.73829E-05 


0.42 2.5600E+01   NaN
0.42 2.6600E+01   NaN
0.42 2.7600E+01   NaN
0.42 2.8600E+01   NaN
0.42 2.9600E+01 1.82855E-05
0.42 3.0600E+01 7.67073E-06
0.42 3.1600E+01 3.22615E-05
0.42 3.2600E+01 9.82588E-05
0.42 3.3600E+01 1.34809E-04
0.42 3.4600E+01 2.29364E-04
0.42 4.0000E+01 1.79839E-03
0.42 4.5000E+01 2.01467E-03
0.42 5.0000E+01 1.27748E-03
0.42 5.5000E+01 1.80626E-03
0.42 6.0000E+01 2.13682E-03
0.42 6.5000E+01 1.58956E-03
0.42 7.0000E+01 1.37168E-03
0.42 7.5000E+01 1.52039E-03
0.42 8.0000E+01 1.24774E-03
0.42 8.5000E+01 1.42496E-03
0.42 1.0000E+02 9.96410E-04
0.42 1.1000E+02 1.08415E-03
0.42 1.2000E+02 7.59191E-04
0.42 1.3000E+02 7.24225E-04
0.42 1.4000E+02 6.93295E-04
0.42 1.5000E+02 6.49907E-04
0.42 1.6000E+02 6.01111E-04
0.42 1.7000E+02 5.45448E-04
0.42 1.8000E+02 4.89772E-04
0.42 1.9000E+02 4.46135E-04
0.42 2.1000E+02 4.05154E-04
0.42 2.3000E+02 3.75481E-04
0.42 2.5000E+02 2.82315E-04
0.42 2.7000E+02 2.55344E-04
0.42 2.9000E+02 2.29976E-04
0.42 3.1000E+02 2.08267E-04
0.42 3.3000E+02 1.89437E-04
0.42 3.5000E+02 1.72310E-04
0.42 3.7000E+02 1.58569E-04
0.42 3.9000E+02 1.45255E-04
0.42 4.3000E+02 1.23685E-04
0.42 4.7000E+02 1.05986E-04
0.42 5.1000E+02 9.18957E-05 


0.43 2.5600E+01   NaN
0.43 2.6600E+01   NaN
0.43 2.7600E+01   NaN
0.43 2.8600E+01   NaN
0.43 2.9600E+01 0.00000E+00
0.43 3.0600E+01 3.92895E-05
0.43 3.1600E+01 6.78727E-06
0.43 3.2600E+01 3.23960E-05
0.43 3.3600E+01 1.19999E-04
0.43 3.4600E+01 1.68765E-04
0.43 4.0000E+01 1.37280E-03
0.43 4.5000E+01 2.17660E-03
0.43 5.0000E+01 1.63386E-03
0.43 5.5000E+01 1.76689E-03
0.43 6.0000E+01 1.77585E-03
0.43 6.5000E+01 1.85251E-03
0.43 7.0000E+01 1.29465E-03
0.43 7.5000E+01 1.52393E-03
0.43 8.0000E+01 9.66598E-04
0.43 8.5000E+01 1.39914E-03
0.43 1.0000E+02 1.08100E-03
0.43 1.1000E+02 9.76811E-04
0.43 1.2000E+02 9.91401E-04
0.43 1.3000E+02 7.02503E-04
0.43 1.4000E+02 6.99837E-04
0.43 1.5000E+02 6.71907E-04
0.43 1.6000E+02 6.28242E-04
0.43 1.7000E+02 5.74196E-04
0.43 1.8000E+02 5.20885E-04
0.43 1.9000E+02 4.71929E-04
0.43 2.1000E+02 4.07166E-04
0.43 2.3000E+02 3.83134E-04
0.43 2.5000E+02 3.45064E-04
0.43 2.7000E+02 2.65435E-04
0.43 2.9000E+02 2.39301E-04
0.43 3.1000E+02 2.16559E-04
0.43 3.3000E+02 1.96946E-04
0.43 3.5000E+02 1.79704E-04
0.43 3.7000E+02 1.64706E-04
0.43 3.9000E+02 1.51518E-04
0.43 4.3000E+02 1.27064E-04
0.43 4.7000E+02 1.10888E-04
0.43 5.1000E+02 9.63281E-05 


0.44 2.5600E+01   NaN
0.44 2.6600E+01   NaN
0.44 2.7600E+01   NaN
0.44 2.8600E+01   NaN
0.44 2.9600E+01   NaN
0.44 3.0600E+01 1.88012E-06
0.44 3.1600E+01 1.68763E-04
0.44 3.2600E+01 4.19208E-05
0.44 3.3600E+01 6.83112E-05
0.44 3.4600E+01 1.17026E-04
0.44 4.0000E+01 1.38906E-03
0.44 4.5000E+01 2.37909E-03
0.44 5.0000E+01 1.57390E-03
0.44 5.5000E+01 1.40739E-03
0.44 6.0000E+01 1.65336E-03
0.44 6.5000E+01 1.99494E-03
0.44 7.0000E+01 1.48629E-03
0.44 7.5000E+01 1.46279E-03
0.44 8.0000E+01 1.22607E-03
0.44 8.5000E+01 1.17890E-03
0.44 1.0000E+02 1.21826E-03
0.44 1.1000E+02 9.65476E-04
0.44 1.2000E+02 1.00645E-03
0.44 1.3000E+02 8.02618E-04
0.44 1.4000E+02 6.93242E-04
0.44 1.5000E+02 6.75441E-04
0.44 1.6000E+02 6.44627E-04
0.44 1.7000E+02 5.99170E-04
0.44 1.8000E+02 5.49689E-04
0.44 1.9000E+02 5.00066E-04
0.44 2.1000E+02 4.18637E-04
0.44 2.3000E+02 3.78968E-04
0.44 2.5000E+02 3.54302E-04
0.44 2.7000E+02 2.75823E-04
0.44 2.9000E+02 2.48347E-04
0.44 3.1000E+02 2.27398E-04
0.44 3.3000E+02 2.04369E-04
0.44 3.5000E+02 1.86892E-04
0.44 3.7000E+02 1.70986E-04
0.44 3.9000E+02 1.57289E-04
0.44 4.3000E+02 1.34667E-04
0.44 4.7000E+02 1.16012E-04
0.44 5.1000E+02 1.00368E-04 


0.45 2.5600E+01   NaN
0.45 2.6600E+01   NaN
0.45 2.7600E+01   NaN
0.45 2.8600E+01   NaN
0.45 2.9600E+01   NaN
0.45 3.0600E+01 3.26548E-05
0.45 3.1600E+01 5.59794E-05
0.45 3.2600E+01 2.66300E-05
0.45 3.3600E+01 6.44117E-05
0.45 3.4600E+01 6.93954E-05
0.45 4.0000E+01 1.05157E-03
0.45 4.5000E+01 2.34096E-03
0.45 5.0000E+01 2.09321E-03
0.45 5.5000E+01 1.43243E-03
0.45 6.0000E+01 2.01141E-03
0.45 6.5000E+01 1.96193E-03
0.45 7.0000E+01 1.83625E-03
0.45 7.5000E+01 1.33685E-03
0.45 8.0000E+01 1.69842E-03
0.45 8.5000E+01 1.34194E-03
0.45 1.0000E+02 1.31395E-03
0.45 1.1000E+02 1.03673E-03
0.45 1.2000E+02 9.59443E-04
0.45 1.3000E+02 9.32457E-04
0.45 1.4000E+02 6.47081E-04
0.45 1.5000E+02 6.76919E-04
0.45 1.6000E+02 6.49853E-04
0.45 1.7000E+02 6.21310E-04
0.45 1.8000E+02 5.73708E-04
0.45 1.9000E+02 5.27275E-04
0.45 2.1000E+02 4.39675E-04
0.45 2.3000E+02 3.84110E-04
0.45 2.5000E+02 3.59137E-04
0.45 2.7000E+02 3.26922E-04
0.45 2.9000E+02 2.57207E-04
0.45 3.1000E+02 2.33011E-04
0.45 3.3000E+02 2.12061E-04
0.45 3.5000E+02 1.93394E-04
0.45 3.7000E+02 1.77978E-04
0.45 3.9000E+02 1.63115E-04
0.45 4.3000E+02 1.39684E-04
0.45 4.7000E+02 1.19740E-04
0.45 5.1000E+02 1.07341E-04 


0.46 2.5600E+01   NaN
0.46 2.6600E+01   NaN
0.46 2.7600E+01   NaN
0.46 2.8600E+01   NaN
0.46 2.9600E+01   NaN
0.46 3.0600E+01   NaN
0.46 3.1600E+01 3.06452E-05
0.46 3.2600E+01 3.50380E-05
0.46 3.3600E+01 3.86730E-05
0.46 3.4600E+01 1.15697E-04
0.46 4.0000E+01 8.35789E-04
0.46 4.5000E+01 2.17354E-03
0.46 5.0000E+01 2.43729E-03
0.46 5.5000E+01 1.74199E-03
0.46 6.0000E+01 1.64218E-03
0.46 6.5000E+01 1.51642E-03
0.46 7.0000E+01 2.00696E-03
0.46 7.5000E+01 1.53859E-03
0.46 8.0000E+01 1.42644E-03
0.46 8.5000E+01 1.36993E-03
0.46 1.0000E+02 1.34503E-03
0.46 1.1000E+02 1.14170E-03
0.46 1.2000E+02 9.36390E-04
0.46 1.3000E+02 9.66856E-04
0.46 1.4000E+02 6.16073E-04
0.46 1.5000E+02 6.60422E-04
0.46 1.6000E+02 6.52578E-04
0.46 1.7000E+02 6.26190E-04
0.46 1.8000E+02 5.92165E-04
0.46 1.9000E+02 5.52489E-04
0.46 2.1000E+02 4.63778E-04
0.46 2.3000E+02 3.94386E-04
0.46 2.5000E+02 3.60867E-04
0.46 2.7000E+02 3.29555E-04
0.46 2.9000E+02 2.93559E-04
0.46 3.1000E+02 2.38627E-04
0.46 3.3000E+02 2.19365E-04
0.46 3.5000E+02 2.00448E-04
0.46 3.7000E+02 1.82882E-04
0.46 3.9000E+02 1.69158E-04
0.46 4.3000E+02 1.44538E-04
0.46 4.7000E+02 1.25131E-04
0.46 5.1000E+02 1.09038E-04 


0.47 2.5600E+01   NaN
0.47 2.6600E+01   NaN
0.47 2.7600E+01   NaN
0.47 2.8600E+01   NaN
0.47 2.9600E+01   NaN
0.47 3.0600E+01   NaN
0.47 3.1600E+01 3.05577E-05
0.47 3.2600E+01 4.45803E-05
0.47 3.3600E+01 4.50331E-05
0.47 3.4600E+01 6.52910E-05
0.47 4.0000E+01 6.61660E-04
0.47 4.5000E+01 2.06672E-03
0.47 5.0000E+01 1.75624E-03
0.47 5.5000E+01 1.67964E-03
0.47 6.0000E+01 1.40982E-03
0.47 6.5000E+01 1.93070E-03
0.47 7.0000E+01 1.99020E-03
0.47 7.5000E+01 1.84219E-03
0.47 8.0000E+01 1.34936E-03
0.47 8.5000E+01 1.55801E-03
0.47 1.0000E+02 1.31260E-03
0.47 1.1000E+02 1.23743E-03
0.47 1.2000E+02 9.90993E-04
0.47 1.3000E+02 9.23795E-04
0.47 1.4000E+02 9.39610E-04
0.47 1.5000E+02 6.45842E-04
0.47 1.6000E+02 6.51792E-04
0.47 1.7000E+02 6.30736E-04
0.47 1.8000E+02 6.02378E-04
0.47 1.9000E+02 5.67970E-04
0.47 2.1000E+02 4.87566E-04
0.47 2.3000E+02 4.12715E-04
0.47 2.5000E+02 3.62347E-04
0.47 2.7000E+02 3.37306E-04
0.47 2.9000E+02 3.12982E-04
0.47 3.1000E+02 2.49665E-04
0.47 3.3000E+02 2.27318E-04
0.47 3.5000E+02 2.07207E-04
0.47 3.7000E+02 1.90071E-04
0.47 3.9000E+02 1.75002E-04
0.47 4.3000E+02 1.49683E-04
0.47 4.7000E+02 1.29442E-04
0.47 5.1000E+02 1.13278E-04 


0.48 2.5600E+01   NaN
0.48 2.6600E+01   NaN
0.48 2.7600E+01   NaN
0.48 2.8600E+01   NaN
0.48 2.9600E+01   NaN
0.48 3.0600E+01   NaN
0.48 3.1600E+01 0.00000E+00
0.48 3.2600E+01 4.93825E-05
0.48 3.3600E+01 4.15592E-05
0.48 3.4600E+01 6.03113E-05
0.48 4.0000E+01 5.18593E-04
0.48 4.5000E+01 1.66924E-03
0.48 5.0000E+01 2.55510E-03
0.48 5.5000E+01 1.69058E-03
0.48 6.0000E+01 1.55936E-03
0.48 6.5000E+01 1.98876E-03
0.48 7.0000E+01 1.70077E-03
0.48 7.5000E+01 2.01823E-03
0.48 8.0000E+01 1.56616E-03
0.48 8.5000E+01 1.36894E-03
0.48 1.0000E+02 1.23792E-03
0.48 1.1000E+02 1.29184E-03
0.48 1.2000E+02 1.06508E-03
0.48 1.3000E+02 9.08299E-04
0.48 1.4000E+02 9.27978E-04
0.48 1.5000E+02 8.64280E-04
0.48 1.6000E+02 6.54960E-04
0.48 1.7000E+02 6.28843E-04
0.48 1.8000E+02 5.93388E-04
0.48 1.9000E+02 5.79270E-04
0.48 2.1000E+02 5.08540E-04
0.48 2.3000E+02 4.33682E-04
0.48 2.5000E+02 3.72887E-04
0.48 2.7000E+02 3.39049E-04
0.48 2.9000E+02 3.17207E-04
0.48 3.1000E+02 2.91567E-04
0.48 3.3000E+02 2.35093E-04
0.48 3.5000E+02 2.14381E-04
0.48 3.7000E+02 1.95949E-04
0.48 3.9000E+02 1.80177E-04
0.48 4.3000E+02 1.55741E-04
0.48 4.7000E+02 1.34158E-04
0.48 5.1000E+02 1.17076E-04 


0.49 2.5600E+01   NaN
0.49 2.6600E+01   NaN
0.49 2.7600E+01   NaN
0.49 2.8600E+01   NaN
0.49 2.9600E+01   NaN
0.49 3.0600E+01   NaN
0.49 3.1600E+01   NaN
0.49 3.2600E+01 3.44448E-05
0.49 3.3600E+01 1.63377E-05
0.49 3.4600E+01 4.05330E-05
0.49 4.0000E+01 4.06192E-04
0.49 4.5000E+01 1.59829E-03
0.49 5.0000E+01 2.62436E-03
0.49 5.5000E+01 2.47433E-03
0.49 6.0000E+01 1.81200E-03
0.49 6.5000E+01 1.64031E-03
0.49 7.0000E+01 2.01832E-03
0.49 7.5000E+01 2.03204E-03
0.49 8.0000E+01 1.83890E-03
0.49 8.5000E+01 1.38765E-03
0.49 1.0000E+02 1.07889E-03
0.49 1.1000E+02 1.28546E-03
0.49 1.2000E+02 1.17070E-03
0.49 1.3000E+02 9.54375E-04
0.49 1.4000E+02 8.86850E-04
0.49 1.5000E+02 9.11838E-04
0.49 1.6000E+02 6.81726E-04
0.49 1.7000E+02 6.28985E-04
0.49 1.8000E+02 6.07907E-04
0.49 1.9000E+02 5.85661E-04
0.49 2.1000E+02 5.25996E-04
0.49 2.3000E+02 4.51903E-04
0.49 2.5000E+02 3.88974E-04
0.49 2.7000E+02 3.43496E-04
0.49 2.9000E+02 3.18628E-04
0.49 3.1000E+02 2.98093E-04
0.49 3.3000E+02 2.68276E-04
0.49 3.5000E+02 2.21344E-04
0.49 3.7000E+02 2.02852E-04
0.49 3.9000E+02 1.87593E-04
0.49 4.3000E+02 1.59474E-04
0.49 4.7000E+02 1.38116E-04
0.49 5.1000E+02 1.20804E-04 


0.50 2.5600E+01   NaN
0.50 2.6600E+01   NaN
0.50 2.7600E+01   NaN
0.50 2.8600E+01   NaN
0.50 2.9600E+01   NaN
0.50 3.0600E+01   NaN
0.50 3.1600E+01   NaN
0.50 3.2600E+01 2.64169E-05
0.50 3.3600E+01 3.43794E-05
0.50 3.4600E+01 3.69008E-05
0.50 4.0000E+01 3.15403E-04
0.50 4.5000E+01 1.43135E-03
0.50 5.0000E+01 2.28854E-03
0.50 5.5000E+01 2.63967E-03
0.50 6.0000E+01 1.71761E-03
0.50 6.5000E+01 1.43708E-03
0.50 7.0000E+01 2.12771E-03
0.50 7.5000E+01 1.80220E-03
0.50 8.0000E+01 2.00126E-03
0.50 8.5000E+01 1.60766E-03
0.50 1.0000E+02 1.44625E-03
0.50 1.1000E+02 1.20569E-03
0.50 1.2000E+02 1.22994E-03
0.50 1.3000E+02 1.03426E-03
0.50 1.4000E+02 8.78677E-04
0.50 1.5000E+02 8.65062E-04
0.50 1.6000E+02 8.52585E-04
0.50 1.7000E+02 6.08787E-04
0.50 1.8000E+02 6.06297E-04
0.50 1.9000E+02 5.87296E-04
0.50 2.1000E+02 5.36209E-04
0.50 2.3000E+02 4.62901E-04
0.50 2.5000E+02 4.07743E-04
0.50 2.7000E+02 3.54518E-04
0.50 2.9000E+02 3.20630E-04
0.50 3.1000E+02 3.00705E-04
0.50 3.3000E+02 2.78931E-04
0.50 3.5000E+02 2.36807E-04
0.50 3.7000E+02 2.09809E-04
0.50 3.9000E+02 1.92394E-04
0.50 4.3000E+02 1.64486E-04
0.50 4.7000E+02 1.42323E-04
0.50 5.1000E+02 1.24451E-04 


0.51 2.5600E+01   NaN
0.51 2.6600E+01   NaN
0.51 2.7600E+01   NaN
0.51 2.8600E+01   NaN
0.51 2.9600E+01   NaN
0.51 3.0600E+01   NaN
0.51 3.1600E+01   NaN
0.51 3.2600E+01 0.00000E+00
0.51 3.3600E+01 1.14367E-05
0.51 3.4600E+01 4.41097E-05
0.51 4.0000E+01 2.32382E-04
0.51 4.5000E+01 1.06524E-03
0.51 5.0000E+01 2.27302E-03
0.51 5.5000E+01 2.20212E-03
0.51 6.0000E+01 1.65299E-03
0.51 6.5000E+01 1.65643E-03
0.51 7.0000E+01 1.89003E-03
0.51 7.5000E+01 1.52281E-03
0.51 8.0000E+01 1.98457E-03
0.51 8.5000E+01 1.85247E-03
0.51 1.0000E+02 1.56232E-03
0.51 1.1000E+02 1.15056E-03
0.51 1.2000E+02 1.24224E-03
0.51 1.3000E+02 1.11490E-03
0.51 1.4000E+02 9.28412E-04
0.51 1.5000E+02 8.49254E-04
0.51 1.6000E+02 8.62448E-04
0.51 1.7000E+02 7.72481E-04
0.51 1.8000E+02 6.05977E-04
0.51 1.9000E+02 5.88183E-04
0.51 2.1000E+02 5.43330E-04
0.51 2.3000E+02 4.87757E-04
0.51 2.5000E+02 4.25139E-04
0.51 2.7000E+02 3.68923E-04
0.51 2.9000E+02 3.26760E-04
0.51 3.1000E+02 3.01224E-04
0.51 3.3000E+02 2.82429E-04
0.51 3.5000E+02 2.62067E-04
0.51 3.7000E+02 2.15707E-04
0.51 3.9000E+02 1.98706E-04
0.51 4.3000E+02 1.69565E-04
0.51 4.7000E+02 1.46580E-04
0.51 5.1000E+02 1.27991E-04 


0.52 2.5600E+01   NaN
0.52 2.6600E+01   NaN
0.52 2.7600E+01   NaN
0.52 2.8600E+01   NaN
0.52 2.9600E+01   NaN
0.52 3.0600E+01   NaN
0.52 3.1600E+01   NaN
0.52 3.2600E+01   NaN
0.52 3.3600E+01 4.30645E-05
0.52 3.4600E+01 4.08042E-05
0.52 4.0000E+01 1.79029E-04
0.52 4.5000E+01 8.90801E-04
0.52 5.0000E+01 2.12360E-03
0.52 5.5000E+01 2.73272E-03
0.52 6.0000E+01 2.48106E-03
0.52 6.5000E+01 1.84707E-03
0.52 7.0000E+01 1.57683E-03
0.52 7.5000E+01 2.06430E-03
0.52 8.0000E+01 1.86293E-03
0.52 8.5000E+01 1.97402E-03
0.52 1.0000E+02 1.44364E-03
0.52 1.1000E+02 8.81982E-04
0.52 1.2000E+02 1.20795E-03
0.52 1.3000E+02 1.17204E-03
0.52 1.4000E+02 9.95800E-04
0.52 1.5000E+02 8.51411E-04
0.52 1.6000E+02 8.35174E-04
0.52 1.7000E+02 8.27843E-04
0.52 1.8000E+02 6.33805E-04
0.52 1.9000E+02 5.88510E-04
0.52 2.1000E+02 5.48044E-04
0.52 2.3000E+02 4.97945E-04
0.52 2.5000E+02 4.41632E-04
0.52 2.7000E+02 3.84490E-04
0.52 2.9000E+02 3.37346E-04
0.52 3.1000E+02 3.04828E-04
0.52 3.3000E+02 2.84009E-04
0.52 3.5000E+02 2.65992E-04
0.52 3.7000E+02 2.45366E-04
0.52 3.9000E+02 2.05185E-04
0.52 4.3000E+02 1.74478E-04
0.52 4.7000E+02 1.51013E-04
0.52 5.1000E+02 1.31521E-04 


0.53 2.5600E+01   NaN
0.53 2.6600E+01   NaN
0.53 2.7600E+01   NaN
0.53 2.8600E+01   NaN
0.53 2.9600E+01   NaN
0.53 3.0600E+01   NaN
0.53 3.1600E+01   NaN
0.53 3.2600E+01   NaN
0.53 3.3600E+01 0.00000E+00
0.53 3.4600E+01 3.84904E-05
0.53 4.0000E+01 1.36168E-04
0.53 4.5000E+01 7.02270E-04
0.53 5.0000E+01 1.71501E-03
0.53 5.5000E+01 2.70278E-03
0.53 6.0000E+01 2.37631E-03
0.53 6.5000E+01 1.76567E-03
0.53 7.0000E+01 1.58367E-03
0.53 7.5000E+01 1.95524E-03
0.53 8.0000E+01 1.40459E-03
0.53 8.5000E+01 1.95556E-03
0.53 1.0000E+02 1.30648E-03
0.53 1.1000E+02 1.43338E-03
0.53 1.2000E+02 1.14650E-03
0.53 1.3000E+02 1.19004E-03
0.53 1.4000E+02 1.06560E-03
0.53 1.5000E+02 8.96699E-04
0.53 1.6000E+02 8.13892E-04
0.53 1.7000E+02 8.16730E-04
0.53 1.8000E+02 7.82521E-04
0.53 1.9000E+02 5.75090E-04
0.53 2.1000E+02 5.48672E-04
0.53 2.3000E+02 5.04594E-04
0.53 2.5000E+02 4.55091E-04
0.53 2.7000E+02 3.99826E-04
0.53 2.9000E+02 3.50310E-04
0.53 3.1000E+02 3.11939E-04
0.53 3.3000E+02 2.86183E-04
0.53 3.5000E+02 2.68214E-04
0.53 3.7000E+02 2.51523E-04
0.53 3.9000E+02 2.28918E-04
0.53 4.3000E+02 1.79594E-04
0.53 4.7000E+02 1.55028E-04
0.53 5.1000E+02 1.35595E-04 


0.54 2.5600E+01   NaN
0.54 2.6600E+01   NaN
0.54 2.7600E+01   NaN
0.54 2.8600E+01   NaN
0.54 2.9600E+01   NaN
0.54 3.0600E+01   NaN
0.54 3.1600E+01   NaN
0.54 3.2600E+01   NaN
0.54 3.3600E+01   NaN
0.54 3.4600E+01 4.54475E-05
0.54 4.0000E+01 1.79601E-04
0.54 4.5000E+01 5.41239E-04
0.54 5.0000E+01 1.66436E-03
0.54 5.5000E+01 2.35052E-03
0.54 6.0000E+01 2.08972E-03
0.54 6.5000E+01 1.72445E-03
0.54 7.0000E+01 1.81302E-03
0.54 7.5000E+01 1.65262E-03
0.54 8.0000E+01 2.03453E-03
0.54 8.5000E+01 1.81646E-03
0.54 1.0000E+02 1.34549E-03
0.54 1.1000E+02 1.48073E-03
0.54 1.2000E+02 1.01577E-03
0.54 1.3000E+02 1.16823E-03
0.54 1.4000E+02 1.11749E-03
0.54 1.5000E+02 9.63484E-04
0.54 1.6000E+02 8.21713E-04
0.54 1.7000E+02 7.93383E-04
0.54 1.8000E+02 7.91091E-04
0.54 1.9000E+02 7.21128E-04
0.54 2.1000E+02 5.49176E-04
0.54 2.3000E+02 5.09022E-04
0.54 2.5000E+02 4.64328E-04
0.54 2.7000E+02 4.14609E-04
0.54 2.9000E+02 3.64546E-04
0.54 3.1000E+02 3.22119E-04
0.54 3.3000E+02 2.90672E-04
0.54 3.5000E+02 2.69945E-04
0.54 3.7000E+02 2.53197E-04
0.54 3.9000E+02 2.37105E-04
0.54 4.3000E+02 1.85228E-04
0.54 4.7000E+02 1.59351E-04
0.54 5.1000E+02 1.39228E-04 


0.55 2.5600E+01   NaN
0.55 2.6600E+01   NaN
0.55 2.7600E+01   NaN
0.55 2.8600E+01   NaN
0.55 2.9600E+01   NaN
0.55 3.0600E+01   NaN
0.55 3.1600E+01   NaN
0.55 3.2600E+01   NaN
0.55 3.3600E+01   NaN
0.55 3.4600E+01 2.33785E-05
0.55 4.0000E+01 1.09528E-04
0.55 4.5000E+01 4.85151E-04
0.55 5.0000E+01 1.42844E-03
0.55 5.5000E+01 2.30630E-03
0.55 6.0000E+01 2.52276E-03
0.55 6.5000E+01 2.45667E-03
0.55 7.0000E+01 1.88616E-03
0.55 7.5000E+01 1.50969E-03
0.55 8.0000E+01 1.99146E-03
0.55 8.5000E+01 1.44834E-03
0.55 1.0000E+02 1.53009E-03
0.55 1.1000E+02 1.36616E-03
0.55 1.2000E+02 1.18396E-03
0.55 1.3000E+02 1.11958E-03
0.55 1.4000E+02 1.13673E-03
0.55 1.5000E+02 1.02341E-03
0.55 1.6000E+02 8.75170E-04
0.55 1.7000E+02 7.84976E-04
0.55 1.8000E+02 7.74949E-04
0.55 1.9000E+02 7.57408E-04
0.55 2.1000E+02 5.50197E-04
0.55 2.3000E+02 5.11549E-04
0.55 2.5000E+02 4.70254E-04
0.55 2.7000E+02 4.25618E-04
0.55 2.9000E+02 3.78042E-04
0.55 3.1000E+02 3.34482E-04
0.55 3.3000E+02 2.98316E-04
0.55 3.5000E+02 2.73007E-04
0.55 3.7000E+02 2.54921E-04
0.55 3.9000E+02 2.39809E-04
0.55 4.3000E+02 1.90691E-04
0.55 4.7000E+02 1.63745E-04
0.55 5.1000E+02 1.42861E-04 


0.56 2.5600E+01   NaN
0.56 2.6600E+01   NaN
0.56 2.7600E+01   NaN
0.56 2.8600E+01   NaN
0.56 2.9600E+01   NaN
0.56 3.0600E+01   NaN
0.56 3.1600E+01   NaN
0.56 3.2600E+01   NaN
0.56 3.3600E+01   NaN
0.56 3.4600E+01   NaN
0.56 4.0000E+01 9.22141E-05
0.56 4.5000E+01 3.65458E-04
0.56 5.0000E+01 1.11972E-03
0.56 5.5000E+01 2.23486E-03
0.56 6.0000E+01 2.84024E-03
0.56 6.5000E+01 2.46269E-03
0.56 7.0000E+01 1.75599E-03
0.56 7.5000E+01 1.66230E-03
0.56 8.0000E+01 1.71956E-03
0.56 8.5000E+01 1.98718E-03
0.56 1.0000E+02 1.71905E-03
0.56 1.1000E+02 1.26273E-03
0.56 1.2000E+02 1.41253E-03
0.56 1.3000E+02 1.03172E-03
0.56 1.4000E+02 1.12090E-03
0.56 1.5000E+02 1.06718E-03
0.56 1.6000E+02 9.32743E-04
0.56 1.7000E+02 8.05301E-04
0.56 1.8000E+02 7.54396E-04
0.56 1.9000E+02 7.52063E-04
0.56 2.1000E+02 5.40398E-04
0.56 2.3000E+02 5.12261E-04
0.56 2.5000E+02 4.74066E-04
0.56 2.7000E+02 4.33928E-04
0.56 2.9000E+02 3.89905E-04
0.56 3.1000E+02 3.46458E-04
0.56 3.3000E+02 3.08399E-04
0.56 3.5000E+02 2.78287E-04
0.56 3.7000E+02 2.57305E-04
0.56 3.9000E+02 2.41476E-04
0.56 4.3000E+02 2.12427E-04
0.56 4.7000E+02 1.68181E-04
0.56 5.1000E+02 1.46995E-04 


0.57 2.5600E+01   NaN
0.57 2.6600E+01   NaN
0.57 2.7600E+01   NaN
0.57 2.8600E+01   NaN
0.57 2.9600E+01   NaN
0.57 3.0600E+01   NaN
0.57 3.1600E+01   NaN
0.57 3.2600E+01   NaN
0.57 3.3600E+01   NaN
0.57 3.4600E+01   NaN
0.57 4.0000E+01 7.51797E-05
0.57 4.5000E+01 2.86989E-04
0.57 5.0000E+01 9.38187E-04
0.57 5.5000E+01 1.70716E-03
0.57 6.0000E+01 2.58917E-03
0.57 6.5000E+01 2.09149E-03
0.57 7.0000E+01 1.81207E-03
0.57 7.5000E+01 1.84899E-03
0.57 8.0000E+01 1.52743E-03
0.57 8.5000E+01 1.97450E-03
0.57 1.0000E+02 1.83290E-03
0.57 1.1000E+02 1.29722E-03
0.57 1.2000E+02 1.37268E-03
0.57 1.3000E+02 9.45087E-04
0.57 1.4000E+02 1.08027E-03
0.57 1.5000E+02 1.08382E-03
0.57 1.6000E+02 9.85475E-04
0.57 1.7000E+02 8.51866E-04
0.57 1.8000E+02 7.57433E-04
0.57 1.9000E+02 7.33875E-04
0.57 2.1000E+02 6.82157E-04
0.57 2.3000E+02 5.13937E-04
0.57 2.5000E+02 4.76511E-04
0.57 2.7000E+02 4.39243E-04
0.57 2.9000E+02 4.00199E-04
0.57 3.1000E+02 3.58119E-04
0.57 3.3000E+02 3.19200E-04
0.57 3.5000E+02 2.86165E-04
0.57 3.7000E+02 2.61138E-04
0.57 3.9000E+02 2.43345E-04
0.57 4.3000E+02 2.15447E-04
0.57 4.7000E+02 1.72761E-04
0.57 5.1000E+02 1.50131E-04 


0.58 2.5600E+01   NaN
0.58 2.6600E+01   NaN
0.58 2.7600E+01   NaN
0.58 2.8600E+01   NaN
0.58 2.9600E+01   NaN
0.58 3.0600E+01   NaN
0.58 3.1600E+01   NaN
0.58 3.2600E+01   NaN
0.58 3.3600E+01   NaN
0.58 3.4600E+01   NaN
0.58 4.0000E+01 6.30146E-05
0.58 4.5000E+01 2.28436E-04
0.58 5.0000E+01 7.65600E-04
0.58 5.5000E+01 1.71234E-03
0.58 6.0000E+01 2.30897E-03
0.58 6.5000E+01 2.38555E-03
0.58 7.0000E+01 2.50273E-03
0.58 7.5000E+01 1.83440E-03
0.58 8.0000E+01 1.58709E-03
0.58 8.5000E+01 1.73337E-03
0.58 1.0000E+02 1.84210E-03
0.58 1.1000E+02 1.45571E-03
0.58 1.2000E+02 1.27787E-03
0.58 1.3000E+02 1.28842E-03
0.58 1.4000E+02 1.02713E-03
0.58 1.5000E+02 1.07059E-03
0.58 1.6000E+02 1.02141E-03
0.58 1.7000E+02 9.04309E-04
0.58 1.8000E+02 7.87039E-04
0.58 1.9000E+02 7.23042E-04
0.58 2.1000E+02 7.00088E-04
0.58 2.3000E+02 5.11554E-04
0.58 2.5000E+02 4.78581E-04
0.58 2.7000E+02 4.42327E-04
0.58 2.9000E+02 4.06793E-04
0.58 3.1000E+02 3.68111E-04
0.58 3.3000E+02 3.29852E-04
0.58 3.5000E+02 2.95706E-04
0.58 3.7000E+02 2.67257E-04
0.58 3.9000E+02 2.46175E-04
0.58 4.3000E+02 2.17303E-04
0.58 4.7000E+02 1.90645E-04
0.58 5.1000E+02 1.54084E-04 


0.59 2.5600E+01   NaN
0.59 2.6600E+01   NaN
0.59 2.7600E+01   NaN
0.59 2.8600E+01   NaN
0.59 2.9600E+01   NaN
0.59 3.0600E+01   NaN
0.59 3.1600E+01   NaN
0.59 3.2600E+01   NaN
0.59 3.3600E+01   NaN
0.59 3.4600E+01   NaN
0.59 4.0000E+01 4.99457E-05
0.59 4.5000E+01 1.75211E-04
0.59 5.0000E+01 5.57849E-04
0.59 5.5000E+01 1.58779E-03
0.59 6.0000E+01 2.33135E-03
0.59 6.5000E+01 2.77563E-03
0.59 7.0000E+01 2.39474E-03
0.59 7.5000E+01 1.70317E-03
0.59 8.0000E+01 1.77473E-03
0.59 8.5000E+01 1.53650E-03
0.59 1.0000E+02 1.77496E-03
0.59 1.1000E+02 1.61810E-03
0.59 1.2000E+02 1.21036E-03
0.59 1.3000E+02 1.34198E-03
0.59 1.4000E+02 8.87771E-04
0.59 1.5000E+02 1.03570E-03
0.59 1.6000E+02 1.03381E-03
0.59 1.7000E+02 9.50588E-04
0.59 1.8000E+02 8.32163E-04
0.59 1.9000E+02 7.36781E-04
0.59 2.1000E+02 6.89891E-04
0.59 2.3000E+02 5.77901E-04
0.59 2.5000E+02 4.79825E-04
0.59 2.7000E+02 4.44826E-04
0.59 2.9000E+02 4.11291E-04
0.59 3.1000E+02 3.76224E-04
0.59 3.3000E+02 3.39673E-04
0.59 3.5000E+02 3.05264E-04
0.59 3.7000E+02 2.75172E-04
0.59 3.9000E+02 2.50852E-04
0.59 4.3000E+02 2.19660E-04
0.59 4.7000E+02 1.94945E-04
0.59 5.1000E+02 1.58382E-04 


0.60 2.5600E+01   NaN
0.60 2.6600E+01   NaN
0.60 2.7600E+01   NaN
0.60 2.8600E+01   NaN
0.60 2.9600E+01   NaN
0.60 3.0600E+01   NaN
0.60 3.1600E+01   NaN
0.60 3.2600E+01   NaN
0.60 3.3600E+01   NaN
0.60 3.4600E+01   NaN
0.60 4.0000E+01 4.94365E-05
0.60 4.5000E+01 1.31805E-04
0.60 5.0000E+01 5.43971E-04
0.60 5.5000E+01 1.26090E-03
0.60 6.0000E+01 2.24763E-03
0.60 6.5000E+01 2.68154E-03
0.60 7.0000E+01 2.07989E-03
0.60 7.5000E+01 1.96321E-03
0.60 8.0000E+01 1.84222E-03
0.60 8.5000E+01 1.54198E-03
0.60 1.0000E+02 1.56399E-03
0.60 1.1000E+02 1.72791E-03
0.60 1.2000E+02 1.26179E-03
0.60 1.3000E+02 1.27279E-03
0.60 1.4000E+02 1.16567E-03
0.60 1.5000E+02 9.89943E-04
0.60 1.6000E+02 1.01952E-03
0.60 1.7000E+02 9.78394E-04
0.60 1.8000E+02 8.77812E-04
0.60 1.9000E+02 7.70559E-04
0.60 2.1000E+02 6.75712E-04
0.60 2.3000E+02 6.40612E-04
0.60 2.5000E+02 4.81528E-04
0.60 2.7000E+02 4.47228E-04
0.60 2.9000E+02 4.14089E-04
0.60 3.1000E+02 3.82103E-04
0.60 3.3000E+02 3.47228E-04
0.60 3.5000E+02 3.14659E-04
0.60 3.7000E+02 2.83584E-04
0.60 3.9000E+02 2.57364E-04
0.60 4.3000E+02 2.20832E-04
0.60 4.7000E+02 1.96650E-04
0.60 5.1000E+02 1.71635E-04 


0.61 2.5600E+01   NaN
0.61 2.6600E+01   NaN
0.61 2.7600E+01   NaN
0.61 2.8600E+01   NaN
0.61 2.9600E+01   NaN
0.61 3.0600E+01   NaN
0.61 3.1600E+01   NaN
0.61 3.2600E+01   NaN
0.61 3.3600E+01   NaN
0.61 3.4600E+01   NaN
0.61 4.0000E+01 6.25758E-05
0.61 4.5000E+01 1.51309E-04
0.61 5.0000E+01 4.32557E-04
0.61 5.5000E+01 1.03475E-03
0.61 6.0000E+01 1.77728E-03
0.61 6.5000E+01 2.34604E-03
0.61 7.0000E+01 2.32315E-03
0.61 7.5000E+01 2.57733E-03
0.61 8.0000E+01 1.74458E-03
0.61 8.5000E+01 1.70540E-03
0.61 1.0000E+02 1.62742E-03
0.61 1.1000E+02 1.74952E-03
0.61 1.2000E+02 1.40061E-03
0.61 1.3000E+02 1.18586E-03
0.61 1.4000E+02 1.27645E-03
0.61 1.5000E+02 8.86062E-04
0.61 1.6000E+02 9.89095E-04
0.61 1.7000E+02 9.84333E-04
0.61 1.8000E+02 9.15774E-04
0.61 1.9000E+02 8.12776E-04
0.61 2.1000E+02 6.67167E-04
0.61 2.3000E+02 6.44128E-04
0.61 2.5000E+02 4.75723E-04
0.61 2.7000E+02 4.48226E-04
0.61 2.9000E+02 4.16002E-04
0.61 3.1000E+02 3.85432E-04
0.61 3.3000E+02 3.54558E-04
0.61 3.5000E+02 3.22743E-04
0.61 3.7000E+02 2.92287E-04
0.61 3.9000E+02 2.64896E-04
0.61 4.3000E+02 2.23305E-04
0.61 4.7000E+02 1.98223E-04
0.61 5.1000E+02 1.77427E-04 


0.62 2.5600E+01   NaN
0.62 2.6600E+01   NaN
0.62 2.7600E+01   NaN
0.62 2.8600E+01   NaN
0.62 2.9600E+01   NaN
0.62 3.0600E+01   NaN
0.62 3.1600E+01   NaN
0.62 3.2600E+01   NaN
0.62 3.3600E+01   NaN
0.62 3.4600E+01   NaN
0.62 4.0000E+01 5.80168E-05
0.62 4.5000E+01 1.19830E-04
0.62 5.0000E+01 3.35414E-04
0.62 5.5000E+01 8.91522E-04
0.62 6.0000E+01 1.70938E-03
0.62 6.5000E+01 2.24420E-03
0.62 7.0000E+01 2.68739E-03
0.62 7.5000E+01 2.31030E-03
0.62 8.0000E+01 1.72929E-03
0.62 8.5000E+01 1.81431E-03
0.62 1.0000E+02 1.88618E-03
0.62 1.1000E+02 1.69134E-03
0.62 1.2000E+02 1.54221E-03
0.62 1.3000E+02 1.16295E-03
0.62 1.4000E+02 1.24030E-03
0.62 1.5000E+02 1.05024E-03
0.62 1.6000E+02 9.49146E-04
0.62 1.7000E+02 9.68995E-04
0.62 1.8000E+02 9.36990E-04
0.62 1.9000E+02 8.51999E-04
0.62 2.1000E+02 6.78947E-04
0.62 2.3000E+02 6.33529E-04
0.62 2.5000E+02 5.77674E-04
0.62 2.7000E+02 4.50223E-04
0.62 2.9000E+02 4.18053E-04
0.62 3.1000E+02 3.88221E-04
0.62 3.3000E+02 3.59774E-04
0.62 3.5000E+02 3.29877E-04
0.62 3.7000E+02 3.00066E-04
0.62 3.9000E+02 2.72529E-04
0.62 4.3000E+02 2.27855E-04
0.62 4.7000E+02 1.99757E-04
0.62 5.1000E+02 1.79005E-04 


0.63 2.5600E+01   NaN
0.63 2.6600E+01   NaN
0.63 2.7600E+01   NaN
0.63 2.8600E+01   NaN
0.63 2.9600E+01   NaN
0.63 3.0600E+01   NaN
0.63 3.1600E+01   NaN
0.63 3.2600E+01   NaN
0.63 3.3600E+01   NaN
0.63 3.4600E+01   NaN
0.63 4.0000E+01 5.64697E-05
0.63 4.5000E+01 1.01796E-04
0.63 5.0000E+01 2.74957E-04
0.63 5.5000E+01 6.92507E-04
0.63 6.0000E+01 1.59594E-03
0.63 6.5000E+01 2.26387E-03
0.63 7.0000E+01 2.65084E-03
0.63 7.5000E+01 2.09917E-03
0.63 8.0000E+01 2.27295E-03
0.63 8.5000E+01 1.76404E-03
0.63 1.0000E+02 1.79183E-03
0.63 1.1000E+02 1.59025E-03
0.63 1.2000E+02 1.63358E-03
0.63 1.3000E+02 1.23910E-03
0.63 1.4000E+02 1.16486E-03
0.63 1.5000E+02 1.20329E-03
0.63 1.6000E+02 8.66987E-04
0.63 1.7000E+02 9.40508E-04
0.63 1.8000E+02 9.37192E-04
0.63 1.9000E+02 8.81681E-04
0.63 2.1000E+02 7.06373E-04
0.63 2.3000E+02 6.21922E-04
0.63 2.5000E+02 5.95226E-04
0.63 2.7000E+02 4.46003E-04
0.63 2.9000E+02 4.19943E-04
0.63 3.1000E+02 3.89985E-04
0.63 3.3000E+02 3.62792E-04
0.63 3.5000E+02 3.35359E-04
0.63 3.7000E+02 3.07198E-04
0.63 3.9000E+02 2.79777E-04
0.63 4.3000E+02 2.33367E-04
0.63 4.7000E+02 2.01639E-04
0.63 5.1000E+02 1.80254E-04 


0.64 2.5600E+01   NaN
0.64 2.6600E+01   NaN
0.64 2.7600E+01   NaN
0.64 2.8600E+01   NaN
0.64 2.9600E+01   NaN
0.64 3.0600E+01   NaN
0.64 3.1600E+01   NaN
0.64 3.2600E+01   NaN
0.64 3.3600E+01   NaN
0.64 3.4600E+01   NaN
0.64 4.0000E+01 5.77441E-05
0.64 4.5000E+01 8.53984E-05
0.64 5.0000E+01 2.21217E-04
0.64 5.5000E+01 5.86455E-04
0.64 6.0000E+01 1.29067E-03
0.64 6.5000E+01 1.99019E-03
0.64 7.0000E+01 2.33333E-03
0.64 7.5000E+01 2.39407E-03
0.64 8.0000E+01 2.46032E-03
0.64 8.5000E+01 1.65689E-03
0.64 1.0000E+02 1.59961E-03
0.64 1.1000E+02 1.37765E-03
0.64 1.2000E+02 1.64978E-03
0.64 1.3000E+02 1.36601E-03
0.64 1.4000E+02 1.11043E-03
0.64 1.5000E+02 1.19337E-03
0.64 1.6000E+02 9.66465E-04
0.64 1.7000E+02 9.05420E-04
0.64 1.8000E+02 9.20011E-04
0.64 1.9000E+02 8.96348E-04
0.64 2.1000E+02 7.40727E-04
0.64 2.3000E+02 6.18162E-04
0.64 2.5000E+02 5.90830E-04
0.64 2.7000E+02 5.13930E-04
0.64 2.9000E+02 4.21427E-04
0.64 3.1000E+02 3.91713E-04
0.64 3.3000E+02 3.64655E-04
0.64 3.5000E+02 3.39211E-04
0.64 3.7000E+02 3.12912E-04
0.64 3.9000E+02 2.86475E-04
0.64 4.3000E+02 2.39501E-04
0.64 4.7000E+02 2.04422E-04
0.64 5.1000E+02 1.81515E-04 


0.65 2.5600E+01   NaN
0.65 2.6600E+01   NaN
0.65 2.7600E+01   NaN
0.65 2.8600E+01   NaN
0.65 2.9600E+01   NaN
0.65 3.0600E+01   NaN
0.65 3.1600E+01   NaN
0.65 3.2600E+01   NaN
0.65 3.3600E+01   NaN
0.65 3.4600E+01   NaN
0.65 4.0000E+01 5.69821E-05
0.65 4.5000E+01 7.18527E-05
0.65 5.0000E+01 1.72963E-04
0.65 5.5000E+01 5.35336E-04
0.65 6.0000E+01 1.05566E-03
0.65 6.5000E+01 1.68197E-03
0.65 7.0000E+01 2.17215E-03
0.65 7.5000E+01 2.71541E-03
0.65 8.0000E+01 2.13089E-03
0.65 8.5000E+01 1.90292E-03
0.65 1.0000E+02 1.45842E-03
0.65 1.1000E+02 1.71714E-03
0.65 1.2000E+02 1.60031E-03
0.65 1.3000E+02 1.47865E-03
0.65 1.4000E+02 1.13139E-03
0.65 1.5000E+02 1.13073E-03
0.65 1.6000E+02 1.13113E-03
0.65 1.7000E+02 8.36236E-04
0.65 1.8000E+02 8.92991E-04
0.65 1.9000E+02 8.91536E-04
0.65 2.1000E+02 7.73274E-04
0.65 2.3000E+02 6.29332E-04
0.65 2.5000E+02 5.81313E-04
0.65 2.7000E+02 5.48511E-04
0.65 2.9000E+02 4.22709E-04
0.65 3.1000E+02 3.93620E-04
0.65 3.3000E+02 3.66110E-04
0.65 3.5000E+02 3.41637E-04
0.65 3.7000E+02 3.17343E-04
0.65 3.9000E+02 2.91682E-04
0.65 4.3000E+02 2.45755E-04
0.65 4.7000E+02 2.08360E-04
0.65 5.1000E+02 1.83066E-04 


