0.40 2.5600E+01 2.57424E-03
0.40 2.6600E+01 2.75915E-03
0.40 2.7600E+01 2.88901E-03
0.40 2.8600E+01 2.84619E-03
0.40 2.9600E+01 2.87998E-03
0.40 3.0600E+01 2.87231E-03
0.40 3.1600E+01 2.78589E-03
0.40 3.2600E+01 2.68106E-03
0.40 3.3600E+01 2.59825E-03
0.40 3.4600E+01 2.50509E-03
0.40 4.0000E+01 1.93346E-03
0.40 4.5000E+01 1.53634E-03
0.40 5.0000E+01 1.26957E-03
0.40 5.5000E+01 1.00190E-03
0.40 6.0000E+01 8.21520E-04
0.40 6.5000E+01 6.71853E-04
0.40 7.0000E+01 5.32299E-04
0.40 7.5000E+01 4.72028E-04
0.40 8.0000E+01 3.87687E-04
0.40 8.5000E+01 3.41920E-04
0.40 1.0000E+02 2.22037E-04
0.40 1.1000E+02 1.63561E-04
0.40 1.2000E+02 1.33264E-04
0.40 1.3000E+02 1.03579E-04
0.40 1.4000E+02 8.39836E-05
0.40 1.5000E+02 7.03258E-05
0.40 1.6000E+02 5.76636E-05
0.40 1.7000E+02 4.70880E-05
0.40 1.8000E+02 4.00445E-05
0.40 1.9000E+02 3.46872E-05
0.40 2.1000E+02 2.52416E-05
0.40 2.3000E+02 1.88422E-05
0.40 2.5000E+02 1.47311E-05
0.40 2.7000E+02 1.16438E-05
0.40 2.9000E+02 9.15830E-06
0.40 3.1000E+02 7.27610E-06
0.40 3.3000E+02 5.90824E-06
0.40 3.5000E+02 4.91334E-06
0.40 3.7000E+02 4.12340E-06
0.40 3.9000E+02 3.51669E-06
0.40 4.3000E+02 2.53262E-06
0.40 4.7000E+02 1.83809E-06
0.40 5.1000E+02 1.35105E-06 


0.41 2.5600E+01 2.53924E-03
0.41 2.6600E+01 2.80886E-03
0.41 2.7600E+01 2.85754E-03
0.41 2.8600E+01 2.94753E-03
0.41 2.9600E+01 2.86231E-03
0.41 3.0600E+01 2.85316E-03
0.41 3.1600E+01 2.70378E-03
0.41 3.2600E+01 2.69360E-03
0.41 3.3600E+01 2.55961E-03
0.41 3.4600E+01 2.43654E-03
0.41 4.0000E+01 2.01429E-03
0.41 4.5000E+01 1.59141E-03
0.41 5.0000E+01 1.23629E-03
0.41 5.5000E+01 1.01578E-03
0.41 6.0000E+01 7.88642E-04
0.41 6.5000E+01 6.59226E-04
0.41 7.0000E+01 5.58562E-04
0.41 7.5000E+01 4.67856E-04
0.41 8.0000E+01 3.91048E-04
0.41 8.5000E+01 3.34391E-04
0.41 1.0000E+02 2.15175E-04
0.41 1.1000E+02 1.67328E-04
0.41 1.2000E+02 1.32805E-04
0.41 1.3000E+02 1.05311E-04
0.41 1.4000E+02 8.33414E-05
0.41 1.5000E+02 6.93711E-05
0.41 1.6000E+02 5.81288E-05
0.41 1.7000E+02 4.78086E-05
0.41 1.8000E+02 3.96817E-05
0.41 1.9000E+02 3.38110E-05
0.41 2.1000E+02 2.58609E-05
0.41 2.3000E+02 1.80342E-05
0.41 2.5000E+02 1.47245E-05
0.41 2.7000E+02 1.18894E-05
0.41 2.9000E+02 9.25190E-06
0.41 3.1000E+02 7.35109E-06
0.41 3.3000E+02 5.92548E-06
0.41 3.5000E+02 4.87601E-06
0.41 3.7000E+02 4.09255E-06
0.41 3.9000E+02 3.47433E-06
0.41 4.3000E+02 2.54032E-06
0.41 4.7000E+02 1.86009E-06
0.41 5.1000E+02 1.37505E-06 


0.42 2.5600E+01 2.52949E-03
0.42 2.6600E+01 2.72734E-03
0.42 2.7600E+01 2.91574E-03
0.42 2.8600E+01 2.87286E-03
0.42 2.9600E+01 2.89760E-03
0.42 3.0600E+01 2.83283E-03
0.42 3.1600E+01 2.77569E-03
0.42 3.2600E+01 2.72947E-03
0.42 3.3600E+01 2.59052E-03
0.42 3.4600E+01 2.50927E-03
0.42 4.0000E+01 1.91554E-03
0.42 4.5000E+01 1.53941E-03
0.42 5.0000E+01 1.24375E-03
0.42 5.5000E+01 9.83213E-04
0.42 6.0000E+01 7.81990E-04
0.42 6.5000E+01 6.70982E-04
0.42 7.0000E+01 5.57942E-04
0.42 7.5000E+01 4.59045E-04
0.42 8.0000E+01 3.97342E-04
0.42 8.5000E+01 3.31957E-04
0.42 1.0000E+02 2.14896E-04
0.42 1.1000E+02 1.71638E-04
0.42 1.2000E+02 1.27290E-04
0.42 1.3000E+02 1.06692E-04
0.42 1.4000E+02 8.44425E-05
0.42 1.5000E+02 6.82430E-05
0.42 1.6000E+02 5.77973E-05
0.42 1.7000E+02 4.83961E-05
0.42 1.8000E+02 4.01955E-05
0.42 1.9000E+02 3.37301E-05
0.42 2.1000E+02 2.54808E-05
0.42 2.3000E+02 1.93625E-05
0.42 2.5000E+02 1.42631E-05
0.42 2.7000E+02 1.14825E-05
0.42 2.9000E+02 9.26671E-06
0.42 3.1000E+02 7.42845E-06
0.42 3.3000E+02 5.97953E-06
0.42 3.5000E+02 4.87210E-06
0.42 3.7000E+02 4.06465E-06
0.42 3.9000E+02 3.44340E-06
0.42 4.3000E+02 2.52821E-06
0.42 4.7000E+02 1.87580E-06
0.42 5.1000E+02 1.39711E-06 


0.43 2.5600E+01 2.53803E-03
0.43 2.6600E+01 2.74679E-03
0.43 2.7600E+01 2.87759E-03
0.43 2.8600E+01 2.90869E-03
0.43 2.9600E+01 2.84244E-03
0.43 3.0600E+01 2.86553E-03
0.43 3.1600E+01 2.73433E-03
0.43 3.2600E+01 2.65801E-03
0.43 3.3600E+01 2.56372E-03
0.43 3.4600E+01 2.48764E-03
0.43 4.0000E+01 2.00222E-03
0.43 4.5000E+01 1.55560E-03
0.43 5.0000E+01 1.25663E-03
0.43 5.5000E+01 1.02081E-03
0.43 6.0000E+01 8.14808E-04
0.43 6.5000E+01 6.67390E-04
0.43 7.0000E+01 5.46050E-04
0.43 7.5000E+01 4.72223E-04
0.43 8.0000E+01 3.93945E-04
0.43 8.5000E+01 3.37402E-04
0.43 1.0000E+02 2.19772E-04
0.43 1.1000E+02 1.66915E-04
0.43 1.2000E+02 1.32160E-04
0.43 1.3000E+02 1.05757E-04
0.43 1.4000E+02 8.52182E-05
0.43 1.5000E+02 6.87080E-05
0.43 1.6000E+02 5.68401E-05
0.43 1.7000E+02 4.83602E-05
0.43 1.8000E+02 4.06441E-05
0.43 1.9000E+02 3.40917E-05
0.43 2.1000E+02 2.49204E-05
0.43 2.3000E+02 1.94981E-05
0.43 2.5000E+02 1.44631E-05
0.43 2.7000E+02 1.12989E-05
0.43 2.9000E+02 9.21170E-06
0.43 3.1000E+02 7.46987E-06
0.43 3.3000E+02 6.04042E-06
0.43 3.5000E+02 4.92027E-06
0.43 3.7000E+02 4.05863E-06
0.43 3.9000E+02 3.40852E-06
0.43 4.3000E+02 2.43342E-06
0.43 4.7000E+02 1.88077E-06
0.43 5.1000E+02 1.41570E-06 


0.44 2.5600E+01 2.50540E-03
0.44 2.6600E+01 2.73825E-03
0.44 2.7600E+01 2.92136E-03
0.44 2.8600E+01 2.90994E-03
0.44 2.9600E+01 2.95681E-03
0.44 3.0600E+01 2.83665E-03
0.44 3.1600E+01 2.81799E-03
0.44 3.2600E+01 2.72024E-03
0.44 3.3600E+01 2.63000E-03
0.44 3.4600E+01 2.54736E-03
0.44 4.0000E+01 1.93082E-03
0.44 4.5000E+01 1.56691E-03
0.44 5.0000E+01 1.23196E-03
0.44 5.5000E+01 9.97660E-04
0.44 6.0000E+01 7.73979E-04
0.44 6.5000E+01 6.57475E-04
0.44 7.0000E+01 5.55702E-04
0.44 7.5000E+01 4.63288E-04
0.44 8.0000E+01 3.92717E-04
0.44 8.5000E+01 3.41385E-04
0.44 1.0000E+02 2.20246E-04
0.44 1.1000E+02 1.64846E-04
0.44 1.2000E+02 1.34192E-04
0.44 1.3000E+02 1.03008E-04
0.44 1.4000E+02 8.57220E-05
0.44 1.5000E+02 6.95932E-05
0.44 1.6000E+02 5.63456E-05
0.44 1.7000E+02 4.78565E-05
0.44 1.8000E+02 4.07415E-05
0.44 1.9000E+02 3.44339E-05
0.44 2.1000E+02 2.48505E-05
0.44 2.3000E+02 1.91429E-05
0.44 2.5000E+02 1.50020E-05
0.44 2.7000E+02 1.09870E-05
0.44 2.9000E+02 9.06126E-06
0.44 3.1000E+02 7.49194E-06
0.44 3.3000E+02 6.08661E-06
0.44 3.5000E+02 4.96806E-06
0.44 3.7000E+02 4.08879E-06
0.44 3.9000E+02 3.40640E-06
0.44 4.3000E+02 2.47299E-06
0.44 4.7000E+02 1.87075E-06
0.44 5.1000E+02 1.41617E-06 


0.45 2.5600E+01 2.55920E-03
0.45 2.6600E+01 2.74278E-03
0.45 2.7600E+01 2.83977E-03
0.45 2.8600E+01 2.87262E-03
0.45 2.9600E+01 2.86699E-03
0.45 3.0600E+01 2.87533E-03
0.45 3.1600E+01 2.76871E-03
0.45 3.2600E+01 2.65403E-03
0.45 3.3600E+01 2.55936E-03
0.45 3.4600E+01 2.45197E-03
0.45 4.0000E+01 1.99449E-03
0.45 4.5000E+01 1.55603E-03
0.45 5.0000E+01 1.27267E-03
0.45 5.5000E+01 1.00471E-03
0.45 6.0000E+01 8.09639E-04
0.45 6.5000E+01 6.63949E-04
0.45 7.0000E+01 5.54928E-04
0.45 7.5000E+01 4.58501E-04
0.45 8.0000E+01 4.01609E-04
0.45 8.5000E+01 3.36795E-04
0.45 1.0000E+02 2.16781E-04
0.45 1.1000E+02 1.67665E-04
0.45 1.2000E+02 1.31269E-04
0.45 1.3000E+02 1.04625E-04
0.45 1.4000E+02 8.56250E-05
0.45 1.5000E+02 6.98781E-05
0.45 1.6000E+02 5.73608E-05
0.45 1.7000E+02 4.72908E-05
0.45 1.8000E+02 4.04415E-05
0.45 1.9000E+02 3.45571E-05
0.45 2.1000E+02 2.50950E-05
0.45 2.3000E+02 1.87718E-05
0.45 2.5000E+02 1.49849E-05
0.45 2.7000E+02 1.15036E-05
0.45 2.9000E+02 8.91786E-06
0.45 3.1000E+02 7.38341E-06
0.45 3.3000E+02 6.09605E-06
0.45 3.5000E+02 5.01355E-06
0.45 3.7000E+02 4.14575E-06
0.45 3.9000E+02 3.42961E-06
0.45 4.3000E+02 2.45835E-06
0.45 4.7000E+02 1.84974E-06
0.45 5.1000E+02 1.40781E-06 


0.46 2.5600E+01 2.49332E-03
0.46 2.6600E+01 2.76539E-03
0.46 2.7600E+01 2.89687E-03
0.46 2.8600E+01 2.93404E-03
0.46 2.9600E+01 2.91478E-03
0.46 3.0600E+01 2.79329E-03
0.46 3.1600E+01 2.77784E-03
0.46 3.2600E+01 2.72489E-03
0.46 3.3600E+01 2.61060E-03
0.46 3.4600E+01 2.52420E-03
0.46 4.0000E+01 1.95250E-03
0.46 4.5000E+01 1.57816E-03
0.46 5.0000E+01 1.23084E-03
0.46 5.5000E+01 1.01426E-03
0.46 6.0000E+01 7.92564E-04
0.46 6.5000E+01 6.80796E-04
0.46 7.0000E+01 5.46435E-04
0.46 7.5000E+01 4.67045E-04
0.46 8.0000E+01 3.92207E-04
0.46 8.5000E+01 3.39381E-04
0.46 1.0000E+02 2.15721E-04
0.46 1.1000E+02 1.69540E-04
0.46 1.2000E+02 1.29622E-04
0.46 1.3000E+02 1.07007E-04
0.46 1.4000E+02 8.35241E-05
0.46 1.5000E+02 6.99516E-05
0.46 1.6000E+02 5.78871E-05
0.46 1.7000E+02 4.72390E-05
0.46 1.8000E+02 4.00209E-05
0.46 1.9000E+02 3.43785E-05
0.46 2.1000E+02 2.53227E-05
0.46 2.3000E+02 1.87325E-05
0.46 2.5000E+02 1.46447E-05
0.46 2.7000E+02 1.17669E-05
0.46 2.9000E+02 8.70314E-06
0.46 3.1000E+02 7.15047E-06
0.46 3.3000E+02 6.05607E-06
0.46 3.5000E+02 5.02657E-06
0.46 3.7000E+02 4.18992E-06
0.46 3.9000E+02 3.45486E-06
0.46 4.3000E+02 2.46229E-06
0.46 4.7000E+02 1.83760E-06
0.46 5.1000E+02 1.41131E-06 


0.47 2.5600E+01 2.58751E-03
0.47 2.6600E+01 2.72936E-03
0.47 2.7600E+01 2.83088E-03
0.47 2.8600E+01 2.88629E-03
0.47 2.9600E+01 2.84185E-03
0.47 3.0600E+01 2.88372E-03
0.47 3.1600E+01 2.75001E-03
0.47 3.2600E+01 2.63784E-03
0.47 3.3600E+01 2.56568E-03
0.47 3.4600E+01 2.46330E-03
0.47 4.0000E+01 1.96952E-03
0.47 4.5000E+01 1.54547E-03
0.47 5.0000E+01 1.25044E-03
0.47 5.5000E+01 9.96839E-04
0.47 6.0000E+01 7.92843E-04
0.47 6.5000E+01 6.57906E-04
0.47 7.0000E+01 5.51959E-04
0.47 7.5000E+01 4.67352E-04
0.47 8.0000E+01 3.87782E-04
0.47 8.5000E+01 3.41658E-04
0.47 1.0000E+02 2.18058E-04
0.47 1.1000E+02 1.68186E-04
0.47 1.2000E+02 1.30829E-04
0.47 1.3000E+02 1.04856E-04
0.47 1.4000E+02 8.55420E-05
0.47 1.5000E+02 6.88452E-05
0.47 1.6000E+02 5.78342E-05
0.47 1.7000E+02 4.82044E-05
0.47 1.8000E+02 3.96275E-05
0.47 1.9000E+02 3.40874E-05
0.47 2.1000E+02 2.54041E-05
0.47 2.3000E+02 1.89313E-05
0.47 2.5000E+02 1.44031E-05
0.47 2.7000E+02 1.16812E-05
0.47 2.9000E+02 9.29857E-06
0.47 3.1000E+02 7.05641E-06
0.47 3.3000E+02 5.96161E-06
0.47 3.5000E+02 4.99497E-06
0.47 3.7000E+02 4.18052E-06
0.47 3.9000E+02 3.48782E-06
0.47 4.3000E+02 2.46635E-06
0.47 4.7000E+02 1.86444E-06
0.47 5.1000E+02 1.40470E-06 


0.48 2.5600E+01 2.51106E-03
0.48 2.6600E+01 2.80651E-03
0.48 2.7600E+01 2.96490E-03
0.48 2.8600E+01 2.91527E-03
0.48 2.9600E+01 2.95032E-03
0.48 3.0600E+01 2.80274E-03
0.48 3.1600E+01 2.79735E-03
0.48 3.2600E+01 2.72277E-03
0.48 3.3600E+01 2.60760E-03
0.48 3.4600E+01 2.52167E-03
0.48 4.0000E+01 1.99729E-03
0.48 4.5000E+01 1.55823E-03
0.48 5.0000E+01 1.25476E-03
0.48 5.5000E+01 1.00385E-03
0.48 6.0000E+01 8.06377E-04
0.48 6.5000E+01 6.72698E-04
0.48 7.0000E+01 5.60644E-04
0.48 7.5000E+01 4.60104E-04
0.48 8.0000E+01 3.95827E-04
0.48 8.5000E+01 3.33726E-04
0.48 1.0000E+02 2.20391E-04
0.48 1.1000E+02 1.66243E-04
0.48 1.2000E+02 1.32287E-04
0.48 1.3000E+02 1.02990E-04
0.48 1.4000E+02 8.61783E-05
0.48 1.5000E+02 6.83036E-05
0.48 1.6000E+02 5.74855E-05
0.48 1.7000E+02 4.84872E-05
0.48 1.8000E+02 4.02847E-05
0.48 1.9000E+02 3.39007E-05
0.48 2.1000E+02 2.53116E-05
0.48 2.3000E+02 1.91026E-05
0.48 2.5000E+02 1.44031E-05
0.48 2.7000E+02 1.14126E-05
0.48 2.9000E+02 9.38957E-06
0.48 3.1000E+02 7.29206E-06
0.48 3.3000E+02 5.84027E-06
0.48 3.5000E+02 4.96145E-06
0.48 3.7000E+02 4.17456E-06
0.48 3.9000E+02 3.50280E-06
0.48 4.3000E+02 2.49643E-06
0.48 4.7000E+02 1.81906E-06
0.48 5.1000E+02 1.38447E-06 


0.49 2.5600E+01 2.51948E-03
0.49 2.6600E+01 2.76531E-03
0.49 2.7600E+01 2.82107E-03
0.49 2.8600E+01 2.87783E-03
0.49 2.9600E+01 2.86825E-03
0.49 3.0600E+01 2.87374E-03
0.49 3.1600E+01 2.73290E-03
0.49 3.2600E+01 2.65340E-03
0.49 3.3600E+01 2.56143E-03
0.49 3.4600E+01 2.46872E-03
0.49 4.0000E+01 1.95874E-03
0.49 4.5000E+01 1.55394E-03
0.49 5.0000E+01 1.23581E-03
0.49 5.5000E+01 1.00740E-03
0.49 6.0000E+01 7.98988E-04
0.49 6.5000E+01 6.71976E-04
0.49 7.0000E+01 5.43494E-04
0.49 7.5000E+01 4.60790E-04
0.49 8.0000E+01 3.97315E-04
0.49 8.5000E+01 3.32492E-04
0.49 1.0000E+02 2.18254E-04
0.49 1.1000E+02 1.66631E-04
0.49 1.2000E+02 1.32516E-04
0.49 1.3000E+02 1.04155E-04
0.49 1.4000E+02 8.46030E-05
0.49 1.5000E+02 7.02511E-05
0.49 1.6000E+02 5.55240E-05
0.49 1.7000E+02 4.85832E-05
0.49 1.8000E+02 4.08814E-05
0.49 1.9000E+02 3.37693E-05
0.49 2.1000E+02 2.51553E-05
0.49 2.3000E+02 1.91617E-05
0.49 2.5000E+02 1.45681E-05
0.49 2.7000E+02 1.12625E-05
0.49 2.9000E+02 9.22501E-06
0.49 3.1000E+02 7.54785E-06
0.49 3.3000E+02 5.73883E-06
0.49 3.5000E+02 4.85890E-06
0.49 3.7000E+02 4.14004E-06
0.49 3.9000E+02 6.17015E-06
0.49 4.3000E+02 2.50925E-06
0.49 4.7000E+02 1.82490E-06
0.49 5.1000E+02 1.30956E-06 


0.50 2.5600E+01 2.58565E-03
0.50 2.6600E+01 2.71985E-03
0.50 2.7600E+01 2.89758E-03
0.50 2.8600E+01 2.91720E-03
0.50 2.9600E+01 2.92641E-03
0.50 3.0600E+01 2.81028E-03
0.50 3.1600E+01 2.80221E-03
0.50 3.2600E+01 2.69383E-03
0.50 3.3600E+01 2.61803E-03
0.50 3.4600E+01 2.51564E-03
0.50 4.0000E+01 1.99004E-03
0.50 4.5000E+01 1.54611E-03
0.50 5.0000E+01 1.25683E-03
0.50 5.5000E+01 9.94779E-04
0.50 6.0000E+01 7.89414E-04
0.50 6.5000E+01 6.56676E-04
0.50 7.0000E+01 5.52095E-04
0.50 7.5000E+01 4.69216E-04
0.50 8.0000E+01 3.90492E-04
0.50 8.5000E+01 3.38044E-04
0.50 1.0000E+02 2.13572E-04
0.50 1.1000E+02 1.68769E-04
0.50 1.2000E+02 1.31061E-04
0.50 1.3000E+02 1.05636E-04
0.50 1.4000E+02 8.36274E-05
0.50 1.5000E+02 7.02278E-05
0.50 1.6000E+02 5.72248E-05
0.50 1.7000E+02 4.75299E-05
0.50 1.8000E+02 4.09300E-05
0.50 1.9000E+02 3.43933E-05
0.50 2.1000E+02 2.50318E-05
0.50 2.3000E+02 1.90935E-05
0.50 2.5000E+02 1.47164E-05
0.50 2.7000E+02 1.13031E-05
0.50 2.9000E+02 9.02675E-06
0.50 3.1000E+02 7.54383E-06
0.50 3.3000E+02 6.11231E-06
0.50 3.5000E+02 4.59187E-06
0.50 3.7000E+02 4.08127E-06
0.50 3.9000E+02 3.48122E-06
0.50 4.3000E+02 2.52635E-06
0.50 4.7000E+02 1.84240E-06
0.50 5.1000E+02 1.37783E-06 


0.51 2.5600E+01 2.46296E-03
0.51 2.6600E+01 2.82324E-03
0.51 2.7600E+01 2.84255E-03
0.51 2.8600E+01 2.91208E-03
0.51 2.9600E+01 2.85961E-03
0.51 3.0600E+01 2.88032E-03
0.51 3.1600E+01 2.73781E-03
0.51 3.2600E+01 2.68621E-03
0.51 3.3600E+01 2.60271E-03
0.51 3.4600E+01 2.46496E-03
0.51 4.0000E+01 1.94587E-03
0.51 4.5000E+01 1.57855E-03
0.51 5.0000E+01 1.25393E-03
0.51 5.5000E+01 1.01445E-03
0.51 6.0000E+01 8.14171E-04
0.51 6.5000E+01 6.64730E-04
0.51 7.0000E+01 5.58258E-04
0.51 7.5000E+01 4.64054E-04
0.51 8.0000E+01 3.88678E-04
0.51 8.5000E+01 3.39056E-04
0.51 1.0000E+02 2.20121E-04
0.51 1.1000E+02 1.70033E-04
0.51 1.2000E+02 1.30190E-04
0.51 1.3000E+02 1.05672E-04
0.51 1.4000E+02 8.41776E-05
0.51 1.5000E+02 6.89250E-05
0.51 1.6000E+02 5.83506E-05
0.51 1.7000E+02 4.66348E-05
0.51 1.8000E+02 4.04274E-05
0.51 1.9000E+02 3.47590E-05
0.51 2.1000E+02 2.50285E-05
0.51 2.3000E+02 1.89582E-05
0.51 2.5000E+02 1.47522E-05
0.51 2.7000E+02 1.14314E-05
0.51 2.9000E+02 8.94776E-06
0.51 3.1000E+02 7.38079E-06
0.51 3.3000E+02 6.17818E-06
0.51 3.5000E+02 4.92989E-06
0.51 3.7000E+02 3.94314E-06
0.51 3.9000E+02 3.43972E-06
0.51 4.3000E+02 2.53094E-06
0.51 4.7000E+02 1.85502E-06
0.51 5.1000E+02 1.38176E-06 


0.52 2.5600E+01 2.56895E-03
0.52 2.6600E+01 2.71424E-03
0.52 2.7600E+01 2.87388E-03
0.52 2.8600E+01 2.87190E-03
0.52 2.9600E+01 2.92111E-03
0.52 3.0600E+01 2.81473E-03
0.52 3.1600E+01 2.80211E-03
0.52 3.2600E+01 2.69259E-03
0.52 3.3600E+01 2.58263E-03
0.52 3.4600E+01 2.50210E-03
0.52 4.0000E+01 1.98277E-03
0.52 4.5000E+01 1.54979E-03
0.52 5.0000E+01 1.22249E-03
0.52 5.5000E+01 1.00750E-03
0.52 6.0000E+01 7.97738E-04
0.52 6.5000E+01 6.72905E-04
0.52 7.0000E+01 5.49726E-04
0.52 7.5000E+01 4.57496E-04
0.52 8.0000E+01 3.97445E-04
0.52 8.5000E+01 3.34073E-04
0.52 1.0000E+02 2.20328E-04
0.52 1.1000E+02 1.67369E-04
0.52 1.2000E+02 1.31235E-04
0.52 1.3000E+02 1.04601E-04
0.52 1.4000E+02 8.51665E-05
0.52 1.5000E+02 6.83895E-05
0.52 1.6000E+02 5.78297E-05
0.52 1.7000E+02 4.83156E-05
0.52 1.8000E+02 3.91218E-05
0.52 1.9000E+02 3.45931E-05
0.52 2.1000E+02 2.49560E-05
0.52 2.3000E+02 1.89046E-05
0.52 2.5000E+02 1.47007E-05
0.52 2.7000E+02 1.15577E-05
0.52 2.9000E+02 8.99940E-06
0.52 3.1000E+02 7.24227E-06
0.52 3.3000E+02 6.09612E-06
0.52 3.5000E+02 5.08525E-06
0.52 3.7000E+02 3.98578E-06
0.52 3.9000E+02 3.36027E-06
0.52 4.3000E+02 2.52240E-06
0.52 4.7000E+02 1.86941E-06
0.52 5.1000E+02 1.38123E-06 


0.53 2.5600E+01 2.53991E-03
0.53 2.6600E+01 2.78564E-03
0.53 2.7600E+01 2.89918E-03
0.53 2.8600E+01 2.94844E-03
0.53 2.9600E+01 2.86041E-03
0.53 3.0600E+01 2.84569E-03
0.53 3.1600E+01 2.73984E-03
0.53 3.2600E+01 2.68480E-03
0.53 3.3600E+01 2.61838E-03
0.53 3.4600E+01 2.49989E-03
0.53 4.0000E+01 1.97522E-03
0.53 4.5000E+01 1.56810E-03
0.53 5.0000E+01 1.26782E-03
0.53 5.5000E+01 9.95704E-04
0.53 6.0000E+01 7.96877E-04
0.53 6.5000E+01 6.62624E-04
0.53 7.0000E+01 5.48606E-04
0.53 7.5000E+01 4.68975E-04
0.53 8.0000E+01 4.00333E-04
0.53 8.5000E+01 3.32118E-04
0.53 1.0000E+02 2.16575E-04
0.53 1.1000E+02 1.65014E-04
0.53 1.2000E+02 1.32887E-04
0.53 1.3000E+02 1.03886E-04
0.53 1.4000E+02 8.55819E-05
0.53 1.5000E+02 6.91748E-05
0.53 1.6000E+02 5.67642E-05
0.53 1.7000E+02 4.87177E-05
0.53 1.8000E+02 3.99490E-05
0.53 1.9000E+02 3.39847E-05
0.53 2.1000E+02 2.53069E-05
0.53 2.3000E+02 1.88674E-05
0.53 2.5000E+02 1.45884E-05
0.53 2.7000E+02 1.15642E-05
0.53 2.9000E+02 9.10591E-06
0.53 3.1000E+02 7.20939E-06
0.53 3.3000E+02 5.96945E-06
0.53 3.5000E+02 5.07075E-06
0.53 3.7000E+02 4.19694E-06
0.53 3.9000E+02 3.26259E-06
0.53 4.3000E+02 2.50887E-06
0.53 4.7000E+02 1.87323E-06
0.53 5.1000E+02 1.40313E-06 


0.54 2.5600E+01 2.48582E-03
0.54 2.6600E+01 2.77160E-03
0.54 2.7600E+01 2.84450E-03
0.54 2.8600E+01 2.85496E-03
0.54 2.9600E+01 2.88771E-03
0.54 3.0600E+01 2.86212E-03
0.54 3.1600E+01 2.80210E-03
0.54 3.2600E+01 2.66569E-03
0.54 3.3600E+01 2.54206E-03
0.54 3.4600E+01 2.46974E-03
0.54 4.0000E+01 1.94645E-03
0.54 4.5000E+01 1.58127E-03
0.54 5.0000E+01 1.23772E-03
0.54 5.5000E+01 1.01105E-03
0.54 6.0000E+01 8.06632E-04
0.54 6.5000E+01 6.54923E-04
0.54 7.0000E+01 5.55415E-04
0.54 7.5000E+01 4.65687E-04
0.54 8.0000E+01 3.84434E-04
0.54 8.5000E+01 3.38604E-04
0.54 1.0000E+02 2.15683E-04
0.54 1.1000E+02 1.69489E-04
0.54 1.2000E+02 1.33465E-04
0.54 1.3000E+02 1.04319E-04
0.54 1.4000E+02 8.47984E-05
0.54 1.5000E+02 6.94322E-05
0.54 1.6000E+02 5.63896E-05
0.54 1.7000E+02 4.80362E-05
0.54 1.8000E+02 4.09609E-05
0.54 1.9000E+02 3.32759E-05
0.54 2.1000E+02 2.55718E-05
0.54 2.3000E+02 1.89472E-05
0.54 2.5000E+02 1.45123E-05
0.54 2.7000E+02 1.15167E-05
0.54 2.9000E+02 9.18562E-06
0.54 3.1000E+02 7.27381E-06
0.54 3.3000E+02 5.88741E-06
0.54 3.5000E+02 4.96764E-06
0.54 3.7000E+02 4.24045E-06
0.54 3.9000E+02 3.48604E-06
0.54 4.3000E+02 2.46323E-06
0.54 4.7000E+02 1.87443E-06
0.54 5.1000E+02 1.41498E-06 


0.55 2.5600E+01 2.56641E-03
0.55 2.6600E+01 2.68558E-03
0.55 2.7600E+01 2.91181E-03
0.55 2.8600E+01 2.94256E-03
0.55 2.9600E+01 2.91015E-03
0.55 3.0600E+01 2.79991E-03
0.55 3.1600E+01 2.76899E-03
0.55 3.2600E+01 2.71457E-03
0.55 3.3600E+01 2.62994E-03
0.55 3.4600E+01 2.52677E-03
0.55 4.0000E+01 1.99375E-03
0.55 4.5000E+01 1.54417E-03
0.55 5.0000E+01 1.24578E-03
0.55 5.5000E+01 1.01218E-03
0.55 6.0000E+01 7.98776E-04
0.55 6.5000E+01 6.82425E-04
0.55 7.0000E+01 5.54617E-04
0.55 7.5000E+01 4.59489E-04
0.55 8.0000E+01 3.96059E-04
0.55 8.5000E+01 3.41745E-04
0.55 1.0000E+02 2.18583E-04
0.55 1.1000E+02 1.69484E-04
0.55 1.2000E+02 1.28141E-04
0.55 1.3000E+02 1.05411E-04
0.55 1.4000E+02 8.38954E-05
0.55 1.5000E+02 6.98379E-05
0.55 1.6000E+02 5.71754E-05
0.55 1.7000E+02 4.72553E-05
0.55 1.8000E+02 4.09328E-05
0.55 1.9000E+02 3.43582E-05
0.55 2.1000E+02 2.54552E-05
0.55 2.3000E+02 1.89010E-05
0.55 2.5000E+02 1.45046E-05
0.55 2.7000E+02 1.14256E-05
0.55 2.9000E+02 9.19948E-06
0.55 3.1000E+02 7.35901E-06
0.55 3.3000E+02 5.89349E-06
0.55 3.5000E+02 4.79487E-06
0.55 3.7000E+02 4.20164E-06
0.55 3.9000E+02 3.53845E-06
0.55 4.3000E+02 2.35950E-06
0.55 4.7000E+02 1.85977E-06
0.55 5.1000E+02 1.41991E-06 


0.56 2.5600E+01 2.53372E-03
0.56 2.6600E+01 2.82206E-03
0.56 2.7600E+01 2.82874E-03
0.56 2.8600E+01 2.88712E-03
0.56 2.9600E+01 2.84052E-03
0.56 3.0600E+01 2.89778E-03
0.56 3.1600E+01 2.75463E-03
0.56 3.2600E+01 2.64272E-03
0.56 3.3600E+01 2.55927E-03
0.56 3.4600E+01 2.44286E-03
0.56 4.0000E+01 1.94219E-03
0.56 4.5000E+01 1.58335E-03
0.56 5.0000E+01 1.25995E-03
0.56 5.5000E+01 9.87414E-04
0.56 6.0000E+01 7.93014E-04
0.56 6.5000E+01 6.59699E-04
0.56 7.0000E+01 5.48186E-04
0.56 7.5000E+01 4.63005E-04
0.56 8.0000E+01 3.98094E-04
0.56 8.5000E+01 3.29556E-04
0.56 1.0000E+02 2.19842E-04
0.56 1.1000E+02 1.66888E-04
0.56 1.2000E+02 1.30837E-04
0.56 1.3000E+02 1.06122E-04
0.56 1.4000E+02 8.40421E-05
0.56 1.5000E+02 6.95237E-05
0.56 1.6000E+02 5.76335E-05
0.56 1.7000E+02 4.72549E-05
0.56 1.8000E+02 4.01926E-05
0.56 1.9000E+02 3.48259E-05
0.56 2.1000E+02 2.49534E-05
0.56 2.3000E+02 1.91323E-05
0.56 2.5000E+02 1.45717E-05
0.56 2.7000E+02 1.13613E-05
0.56 2.9000E+02 9.15886E-06
0.56 3.1000E+02 7.40994E-06
0.56 3.3000E+02 5.95275E-06
0.56 3.5000E+02 4.84743E-06
0.56 3.7000E+02 4.10437E-06
0.56 3.9000E+02 3.53641E-06
0.56 4.3000E+02 2.44475E-06
0.56 4.7000E+02 1.84353E-06
0.56 5.1000E+02 1.41206E-06 


0.57 2.5600E+01 2.47394E-03
0.57 2.6600E+01 2.71928E-03
0.57 2.7600E+01 2.89342E-03
0.57 2.8600E+01 2.87932E-03
0.57 2.9600E+01 2.95769E-03
0.57 3.0600E+01 2.79058E-03
0.57 3.1600E+01 2.80361E-03
0.57 3.2600E+01 2.72747E-03
0.57 3.3600E+01 2.60119E-03
0.57 3.4600E+01 2.52124E-03
0.57 4.0000E+01 1.98280E-03
0.57 4.5000E+01 1.55596E-03
0.57 5.0000E+01 1.23999E-03
0.57 5.5000E+01 1.01928E-03
0.57 6.0000E+01 8.04886E-04
0.57 6.5000E+01 6.58884E-04
0.57 7.0000E+01 5.50715E-04
0.57 7.5000E+01 4.67610E-04
0.57 8.0000E+01 3.90418E-04
0.57 8.5000E+01 3.35868E-04
0.57 1.0000E+02 2.17660E-04
0.57 1.1000E+02 1.66016E-04
0.57 1.2000E+02 1.33449E-04
0.57 1.3000E+02 1.04334E-04
0.57 1.4000E+02 8.49970E-05
0.57 1.5000E+02 6.88298E-05
0.57 1.6000E+02 5.75401E-05
0.57 1.7000E+02 4.78617E-05
0.57 1.8000E+02 3.97331E-05
0.57 1.9000E+02 3.45453E-05
0.57 2.1000E+02 2.46581E-05
0.57 2.3000E+02 1.92521E-05
0.57 2.5000E+02 1.46495E-05
0.57 2.7000E+02 1.13473E-05
0.57 2.9000E+02 9.08409E-06
0.57 3.1000E+02 7.41169E-06
0.57 3.3000E+02 6.01524E-06
0.57 3.5000E+02 4.87994E-06
0.57 3.7000E+02 4.04845E-06
0.57 3.9000E+02 3.47567E-06
0.57 4.3000E+02 2.54479E-06
0.57 4.7000E+02 1.80345E-06
0.57 5.1000E+02 1.41040E-06 


0.58 2.5600E+01 2.56786E-03
0.58 2.6600E+01 2.73725E-03
0.58 2.7600E+01 2.88649E-03
0.58 2.8600E+01 2.95305E-03
0.58 2.9600E+01 2.84690E-03
0.58 3.0600E+01 2.86007E-03
0.58 3.1600E+01 2.72744E-03
0.58 3.2600E+01 2.66818E-03
0.58 3.3600E+01 2.60902E-03
0.58 3.4600E+01 2.48852E-03
0.58 4.0000E+01 1.97124E-03
0.58 4.5000E+01 1.55570E-03
0.58 5.0000E+01 1.24205E-03
0.58 5.5000E+01 1.00591E-03
0.58 6.0000E+01 8.06646E-04
0.58 6.5000E+01 6.72357E-04
0.58 7.0000E+01 5.59327E-04
0.58 7.5000E+01 4.64213E-04
0.58 8.0000E+01 3.89350E-04
0.58 8.5000E+01 3.40220E-04
0.58 1.0000E+02 2.15580E-04
0.58 1.1000E+02 1.67959E-04
0.58 1.2000E+02 1.32454E-04
0.58 1.3000E+02 1.03080E-04
0.58 1.4000E+02 8.57922E-05
0.58 1.5000E+02 6.86263E-05
0.58 1.6000E+02 5.73846E-05
0.58 1.7000E+02 4.84212E-05
0.58 1.8000E+02 3.98935E-05
0.58 1.9000E+02 3.39845E-05
0.58 2.1000E+02 2.53252E-05
0.58 2.3000E+02 1.91354E-05
0.58 2.5000E+02 1.46075E-05
0.58 2.7000E+02 1.13945E-05
0.58 2.9000E+02 9.03255E-06
0.58 3.1000E+02 7.37942E-06
0.58 3.3000E+02 6.05069E-06
0.58 3.5000E+02 4.92729E-06
0.58 3.7000E+02 4.03818E-06
0.58 3.9000E+02 3.41630E-06
0.58 4.3000E+02 2.56133E-06
0.58 4.7000E+02 1.75820E-06
0.58 5.1000E+02 1.40765E-06 


0.59 2.5600E+01 2.56018E-03
0.59 2.6600E+01 2.82071E-03
0.59 2.7600E+01 2.82011E-03
0.59 2.8600E+01 2.83335E-03
0.59 2.9600E+01 2.88812E-03
0.59 3.0600E+01 2.85577E-03
0.59 3.1600E+01 2.81256E-03
0.59 3.2600E+01 2.67349E-03
0.59 3.3600E+01 2.53796E-03
0.59 3.4600E+01 2.47265E-03
0.59 4.0000E+01 1.94659E-03
0.59 4.5000E+01 1.58008E-03
0.59 5.0000E+01 1.26738E-03
0.59 5.5000E+01 9.95235E-04
0.59 6.0000E+01 7.81867E-04
0.59 6.5000E+01 6.67234E-04
0.59 7.0000E+01 5.48239E-04
0.59 7.5000E+01 4.59111E-04
0.59 8.0000E+01 3.95577E-04
0.59 8.5000E+01 3.35698E-04
0.59 1.0000E+02 2.16926E-04
0.59 1.1000E+02 1.69400E-04
0.59 1.2000E+02 1.30427E-04
0.59 1.3000E+02 1.05084E-04
0.59 1.4000E+02 8.54780E-05
0.59 1.5000E+02 6.92554E-05
0.59 1.6000E+02 5.70424E-05
0.59 1.7000E+02 4.79949E-05
0.59 1.8000E+02 4.04002E-05
0.59 1.9000E+02 3.37371E-05
0.59 2.1000E+02 2.55797E-05
0.59 2.3000E+02 1.84836E-05
0.59 2.5000E+02 1.47462E-05
0.59 2.7000E+02 1.14701E-05
0.59 2.9000E+02 9.01938E-06
0.59 3.1000E+02 7.31689E-06
0.59 3.3000E+02 6.04690E-06
0.59 3.5000E+02 4.97122E-06
0.59 3.7000E+02 4.07949E-06
0.59 3.9000E+02 3.38656E-06
0.59 4.3000E+02 2.57733E-06
0.59 4.7000E+02 1.85229E-06
0.59 5.1000E+02 1.37152E-06 


0.60 2.5600E+01 2.47934E-03
0.60 2.6600E+01 2.72536E-03
0.60 2.7600E+01 2.90921E-03
0.60 2.8600E+01 2.93863E-03
0.60 2.9600E+01 2.92556E-03
0.60 3.0600E+01 2.79142E-03
0.60 3.1600E+01 2.75756E-03
0.60 3.2600E+01 2.71821E-03
0.60 3.3600E+01 2.63750E-03
0.60 3.4600E+01 2.52312E-03
0.60 4.0000E+01 1.99703E-03
0.60 4.5000E+01 1.55413E-03
0.60 5.0000E+01 1.22998E-03
0.60 5.5000E+01 1.01202E-03
0.60 6.0000E+01 8.07405E-04
0.60 6.5000E+01 6.59075E-04
0.60 7.0000E+01 5.49733E-04
0.60 7.5000E+01 4.64329E-04
0.60 8.0000E+01 3.97029E-04
0.60 8.5000E+01 3.32311E-04
0.60 1.0000E+02 2.20569E-04
0.60 1.1000E+02 1.67993E-04
0.60 1.2000E+02 1.30468E-04
0.60 1.3000E+02 1.05979E-04
0.60 1.4000E+02 8.27061E-05
0.60 1.5000E+02 7.00611E-05
0.60 1.6000E+02 5.68736E-05
0.60 1.7000E+02 4.77392E-05
0.60 1.8000E+02 4.07644E-05
0.60 1.9000E+02 3.39689E-05
0.60 2.1000E+02 2.54236E-05
0.60 2.3000E+02 1.87931E-05
0.60 2.5000E+02 1.47713E-05
0.60 2.7000E+02 1.15139E-05
0.60 2.9000E+02 9.05517E-06
0.60 3.1000E+02 7.27495E-06
0.60 3.3000E+02 6.03402E-06
0.60 3.5000E+02 4.99145E-06
0.60 3.7000E+02 4.15112E-06
0.60 3.9000E+02 3.39162E-06
0.60 4.3000E+02 2.50311E-06
0.60 4.7000E+02 1.88957E-06
0.60 5.1000E+02 1.30031E-06 


0.61 2.5600E+01 2.49127E-03
0.61 2.6600E+01 2.74101E-03
0.61 2.7600E+01 2.88682E-03
0.61 2.8600E+01 2.92307E-03
0.61 2.9600E+01 2.84420E-03
0.61 3.0600E+01 2.90849E-03
0.61 3.1600E+01 2.74459E-03
0.61 3.2600E+01 2.65020E-03
0.61 3.3600E+01 2.55834E-03
0.61 3.4600E+01 2.46875E-03
0.61 4.0000E+01 1.94491E-03
0.61 4.5000E+01 1.56132E-03
0.61 5.0000E+01 1.25234E-03
0.61 5.5000E+01 1.00946E-03
0.61 6.0000E+01 8.08293E-04
0.61 6.5000E+01 6.65381E-04
0.61 7.0000E+01 5.55988E-04
0.61 7.5000E+01 4.68917E-04
0.61 8.0000E+01 3.90494E-04
0.61 8.5000E+01 3.35760E-04
0.61 1.0000E+02 2.18067E-04
0.61 1.1000E+02 1.66270E-04
0.61 1.2000E+02 1.31884E-04
0.61 1.3000E+02 1.05187E-04
0.61 1.4000E+02 8.44386E-05
0.61 1.5000E+02 7.02876E-05
0.61 1.6000E+02 5.71645E-05
0.61 1.7000E+02 4.76078E-05
0.61 1.8000E+02 4.04922E-05
0.61 1.9000E+02 3.43692E-05
0.61 2.1000E+02 2.50722E-05
0.61 2.3000E+02 1.91829E-05
0.61 2.5000E+02 1.45750E-05
0.61 2.7000E+02 1.14824E-05
0.61 2.9000E+02 9.10722E-06
0.61 3.1000E+02 7.25092E-06
0.61 3.3000E+02 5.96503E-06
0.61 3.5000E+02 4.98341E-06
0.61 3.7000E+02 4.14047E-06
0.61 3.9000E+02 3.43587E-06
0.61 4.3000E+02 2.45326E-06
0.61 4.7000E+02 1.87922E-06
0.61 5.1000E+02 1.38327E-06 


0.62 2.5600E+01 2.61115E-03
0.62 2.6600E+01 2.82009E-03
0.62 2.7600E+01 2.78620E-03
0.62 2.8600E+01 2.84192E-03
0.62 2.9600E+01 2.90694E-03
0.62 3.0600E+01 2.80575E-03
0.62 3.1600E+01 2.80893E-03
0.62 3.2600E+01 2.70151E-03
0.62 3.3600E+01 2.59057E-03
0.62 3.4600E+01 2.50068E-03
0.62 4.0000E+01 1.96623E-03
0.62 4.5000E+01 1.58098E-03
0.62 5.0000E+01 1.25857E-03
0.62 5.5000E+01 9.95517E-04
0.62 6.0000E+01 7.88660E-04
0.62 6.5000E+01 6.72352E-04
0.62 7.0000E+01 5.53326E-04
0.62 7.5000E+01 4.58575E-04
0.62 8.0000E+01 3.88042E-04
0.62 8.5000E+01 3.39178E-04
0.62 1.0000E+02 2.14594E-04
0.62 1.1000E+02 1.66485E-04
0.62 1.2000E+02 1.32547E-04
0.62 1.3000E+02 1.03912E-04
0.62 1.4000E+02 8.57201E-05
0.62 1.5000E+02 6.79595E-05
0.62 1.6000E+02 5.77469E-05
0.62 1.7000E+02 4.76220E-05
0.62 1.8000E+02 4.00754E-05
0.62 1.9000E+02 3.46096E-05
0.62 2.1000E+02 2.48997E-05
0.62 2.3000E+02 1.92367E-05
0.62 2.5000E+02 1.43119E-05
0.62 2.7000E+02 1.15512E-05
0.62 2.9000E+02 9.16509E-06
0.62 3.1000E+02 7.29569E-06
0.62 3.3000E+02 5.93227E-06
0.62 3.5000E+02 4.95029E-06
0.62 3.7000E+02 4.17165E-06
0.62 3.9000E+02 3.46896E-06
0.62 4.3000E+02 2.44601E-06
0.62 4.7000E+02 1.85577E-06
0.62 5.1000E+02 1.42843E-06 


0.63 2.5600E+01 2.50376E-03
0.63 2.6600E+01 2.73504E-03
0.63 2.7600E+01 2.93781E-03
0.63 2.8600E+01 2.97391E-03
0.63 2.9600E+01 2.90223E-03
0.63 3.0600E+01 2.82878E-03
0.63 3.1600E+01 2.74961E-03
0.63 3.2600E+01 2.69803E-03
0.63 3.3600E+01 2.61967E-03
0.63 3.4600E+01 2.51301E-03
0.63 4.0000E+01 1.98772E-03
0.63 4.5000E+01 1.54554E-03
0.63 5.0000E+01 1.23709E-03
0.63 5.5000E+01 1.00593E-03
0.63 6.0000E+01 7.96957E-04
0.63 6.5000E+01 6.62694E-04
0.63 7.0000E+01 5.48884E-04
0.63 7.5000E+01 4.62360E-04
0.63 8.0000E+01 4.01293E-04
0.63 8.5000E+01 3.36623E-04
0.63 1.0000E+02 2.18046E-04
0.63 1.1000E+02 1.68552E-04
0.63 1.2000E+02 1.31801E-04
0.63 1.3000E+02 1.04029E-04
0.63 1.4000E+02 8.53185E-05
0.63 1.5000E+02 6.83305E-05
0.63 1.6000E+02 5.81725E-05
0.63 1.7000E+02 4.77964E-05
0.63 1.8000E+02 4.00089E-05
0.63 1.9000E+02 3.44551E-05
0.63 2.1000E+02 2.49629E-05
0.63 2.3000E+02 1.91092E-05
0.63 2.5000E+02 1.46099E-05
0.63 2.7000E+02 1.14984E-05
0.63 2.9000E+02 9.13118E-06
0.63 3.1000E+02 7.34603E-06
0.63 3.3000E+02 5.92498E-06
0.63 3.5000E+02 4.91464E-06
0.63 3.7000E+02 4.13867E-06
0.63 3.9000E+02 3.48583E-06
0.63 4.3000E+02 2.45651E-06
0.63 4.7000E+02 1.83586E-06
0.63 5.1000E+02 1.44482E-06 


0.64 2.5600E+01 2.47530E-03
0.64 2.6600E+01 2.70652E-03
0.64 2.7600E+01 2.86515E-03
0.64 2.8600E+01 2.89513E-03
0.64 2.9600E+01 2.83909E-03
0.64 3.0600E+01 2.88285E-03
0.64 3.1600E+01 2.74344E-03
0.64 3.2600E+01 2.64551E-03
0.64 3.3600E+01 2.55250E-03
0.64 3.4600E+01 2.45764E-03
0.64 4.0000E+01 1.94924E-03
0.64 4.5000E+01 1.56709E-03
0.64 5.0000E+01 1.24651E-03
0.64 5.5000E+01 1.02004E-03
0.64 6.0000E+01 8.11841E-04
0.64 6.5000E+01 6.60530E-04
0.64 7.0000E+01 5.51795E-04
0.64 7.5000E+01 4.67661E-04
0.64 8.0000E+01 3.94496E-04
0.64 8.5000E+01 3.31700E-04
0.64 1.0000E+02 2.20005E-04
0.64 1.1000E+02 1.70324E-04
0.64 1.2000E+02 1.30843E-04
0.64 1.3000E+02 1.05125E-04
0.64 1.4000E+02 8.43584E-05
0.64 1.5000E+02 6.98018E-05
0.64 1.6000E+02 5.66683E-05
0.64 1.7000E+02 4.81398E-05
0.64 1.8000E+02 4.01573E-05
0.64 1.9000E+02 3.39443E-05
0.64 2.1000E+02 2.51834E-05
0.64 2.3000E+02 1.89164E-05
0.64 2.5000E+02 1.47687E-05
0.64 2.7000E+02 1.11829E-05
0.64 2.9000E+02 9.16393E-06
0.64 3.1000E+02 7.38872E-06
0.64 3.3000E+02 5.94982E-06
0.64 3.5000E+02 4.88786E-06
0.64 3.7000E+02 4.11462E-06
0.64 3.9000E+02 3.48678E-06
0.64 4.3000E+02 2.47703E-06
0.64 4.7000E+02 1.81826E-06
0.64 5.1000E+02 1.42568E-06 


0.65 2.5600E+01 2.55028E-03
0.65 2.6600E+01 2.80542E-03
0.65 2.7600E+01 2.81419E-03
0.65 2.8600E+01 2.85730E-03
0.65 2.9600E+01 2.92545E-03
0.65 3.0600E+01 2.81191E-03
0.65 3.1600E+01 2.82098E-03
0.65 3.2600E+01 2.71486E-03
0.65 3.3600E+01 2.61443E-03
0.65 3.4600E+01 2.51160E-03
0.65 4.0000E+01 1.96643E-03
0.65 4.5000E+01 1.57668E-03
0.65 5.0000E+01 1.26054E-03
0.65 5.5000E+01 9.90735E-04
0.65 6.0000E+01 8.00154E-04
0.65 6.5000E+01 6.73806E-04
0.65 7.0000E+01 5.56026E-04
0.65 7.5000E+01 4.64711E-04
0.65 8.0000E+01 3.86980E-04
0.65 8.5000E+01 3.34413E-04
0.65 1.0000E+02 2.18163E-04
0.65 1.1000E+02 1.65748E-04
0.65 1.2000E+02 1.30360E-04
0.65 1.3000E+02 1.05691E-04
0.65 1.4000E+02 8.40113E-05
0.65 1.5000E+02 7.02327E-05
0.65 1.6000E+02 5.63404E-05
0.65 1.7000E+02 4.84749E-05
0.65 1.8000E+02 4.03630E-05
0.65 1.9000E+02 3.39042E-05
0.65 2.1000E+02 2.53728E-05
0.65 2.3000E+02 1.88164E-05
0.65 2.5000E+02 1.47602E-05
0.65 2.7000E+02 1.13748E-05
0.65 2.9000E+02 9.15736E-06
0.65 3.1000E+02 7.38630E-06
0.65 3.3000E+02 5.98187E-06
0.65 3.5000E+02 4.88823E-06
0.65 3.7000E+02 4.08420E-06
0.65 3.9000E+02 3.43013E-06
0.65 4.3000E+02 2.48809E-06
0.65 4.7000E+02 1.81488E-06
0.65 5.1000E+02 1.40428E-06 


