0.40 2.5600E+01 8.26979E-04
0.40 2.6600E+01 9.33902E-04
0.40 2.7600E+01 1.04323E-03
0.40 2.8600E+01 1.06096E-03
0.40 2.9600E+01 1.14043E-03
0.40 3.0600E+01 1.19167E-03
0.40 3.1600E+01 1.21164E-03
0.40 3.2600E+01 1.21687E-03
0.40 3.3600E+01 1.23632E-03
0.40 3.4600E+01 1.23872E-03
0.40 4.0000E+01 1.17024E-03
0.40 4.5000E+01 1.09965E-03
0.40 5.0000E+01 1.05652E-03
0.40 5.5000E+01 9.68815E-04
0.40 6.0000E+01 9.07920E-04
0.40 6.5000E+01 8.35816E-04
0.40 7.0000E+01 7.60840E-04
0.40 7.5000E+01 7.26894E-04
0.40 8.0000E+01 6.63948E-04
0.40 8.5000E+01 6.27736E-04
0.40 1.0000E+02 5.14822E-04
0.40 1.1000E+02 4.45693E-04
0.40 1.2000E+02 4.04007E-04
0.40 1.3000E+02 3.60010E-04
0.40 1.4000E+02 3.22453E-04
0.40 1.5000E+02 2.93823E-04
0.40 1.6000E+02 2.68049E-04
0.40 1.7000E+02 2.42716E-04
0.40 1.8000E+02 2.20971E-04
0.40 1.9000E+02 2.05142E-04
0.40 2.1000E+02 1.76355E-04
0.40 2.3000E+02 1.50546E-04
0.40 2.5000E+02 1.32816E-04
0.40 2.7000E+02 1.17121E-04
0.40 2.9000E+02 1.03899E-04
0.40 3.1000E+02 9.27649E-05
0.40 3.3000E+02 8.33642E-05
0.40 3.5000E+02 7.54445E-05
0.40 3.7000E+02 6.85934E-05
0.40 3.9000E+02 6.27866E-05
0.40 4.3000E+02 5.30589E-05
0.40 4.7000E+02 4.53357E-05
0.40 5.1000E+02 3.92083E-05 


0.41 2.5600E+01 8.12108E-04
0.41 2.6600E+01 9.56086E-04
0.41 2.7600E+01 1.01523E-03
0.41 2.8600E+01 1.11291E-03
0.41 2.9600E+01 1.12207E-03
0.41 3.0600E+01 1.18775E-03
0.41 3.1600E+01 1.16681E-03
0.41 3.2600E+01 1.21768E-03
0.41 3.3600E+01 1.20365E-03
0.41 3.4600E+01 1.20221E-03
0.41 4.0000E+01 1.21818E-03
0.41 4.5000E+01 1.14190E-03
0.41 5.0000E+01 1.03147E-03
0.41 5.5000E+01 9.74564E-04
0.41 6.0000E+01 9.12227E-04
0.41 6.5000E+01 8.21240E-04
0.41 7.0000E+01 7.77876E-04
0.41 7.5000E+01 7.23365E-04
0.41 8.0000E+01 6.71425E-04
0.41 8.5000E+01 6.19145E-04
0.41 1.0000E+02 5.06149E-04
0.41 1.1000E+02 4.55618E-04
0.41 1.2000E+02 4.01827E-04
0.41 1.3000E+02 3.61657E-04
0.41 1.4000E+02 3.22990E-04
0.41 1.5000E+02 2.92107E-04
0.41 1.6000E+02 2.67272E-04
0.41 1.7000E+02 2.44291E-04
0.41 1.8000E+02 2.22129E-04
0.41 1.9000E+02 2.03938E-04
0.41 2.1000E+02 1.77460E-04
0.41 2.3000E+02 1.49388E-04
0.41 2.5000E+02 1.31954E-04
0.41 2.7000E+02 1.17205E-04
0.41 2.9000E+02 1.03977E-04
0.41 3.1000E+02 9.28886E-05
0.41 3.3000E+02 8.34460E-05
0.41 3.5000E+02 7.54368E-05
0.41 3.7000E+02 6.85968E-05
0.41 3.9000E+02 6.26879E-05
0.41 4.3000E+02 5.30458E-05
0.41 4.7000E+02 4.54294E-05
0.41 5.1000E+02 3.92934E-05 


0.42 2.5600E+01 8.04146E-04
0.42 2.6600E+01 9.19474E-04
0.42 2.7600E+01 1.05001E-03
0.42 2.8600E+01 1.07870E-03
0.42 2.9600E+01 1.15033E-03
0.42 3.0600E+01 1.16505E-03
0.42 3.1600E+01 1.20667E-03
0.42 3.2600E+01 1.23857E-03
0.42 3.3600E+01 1.22594E-03
0.42 3.4600E+01 1.23833E-03
0.42 4.0000E+01 1.15684E-03
0.42 4.5000E+01 1.10600E-03
0.42 5.0000E+01 1.04230E-03
0.42 5.5000E+01 9.51640E-04
0.42 6.0000E+01 8.91385E-04
0.42 6.5000E+01 8.39385E-04
0.42 7.0000E+01 7.73836E-04
0.42 7.5000E+01 7.16407E-04
0.42 8.0000E+01 6.72448E-04
0.42 8.5000E+01 6.19328E-04
0.42 1.0000E+02 5.09442E-04
0.42 1.1000E+02 4.53329E-04
0.42 1.2000E+02 3.97804E-04
0.42 1.3000E+02 3.61427E-04
0.42 1.4000E+02 3.24399E-04
0.42 1.5000E+02 2.91755E-04
0.42 1.6000E+02 2.66026E-04
0.42 1.7000E+02 2.44348E-04
0.42 1.8000E+02 2.23658E-04
0.42 1.9000E+02 2.04142E-04
0.42 2.1000E+02 1.75506E-04
0.42 2.3000E+02 1.52952E-04
0.42 2.5000E+02 1.31457E-04
0.42 2.7000E+02 1.16873E-04
0.42 2.9000E+02 1.03983E-04
0.42 3.1000E+02 9.29676E-05
0.42 3.3000E+02 8.35569E-05
0.42 3.5000E+02 7.55081E-05
0.42 3.7000E+02 6.86318E-05
0.42 3.9000E+02 6.26379E-05
0.42 4.3000E+02 5.29872E-05
0.42 4.7000E+02 4.54385E-05
0.42 5.1000E+02 3.93228E-05 


0.43 2.5600E+01 8.13907E-04
0.43 2.6600E+01 9.24277E-04
0.43 2.7600E+01 1.02839E-03
0.43 2.8600E+01 1.09279E-03
0.43 2.9600E+01 1.11537E-03
0.43 3.0600E+01 1.18949E-03
0.43 3.1600E+01 1.18348E-03
0.43 3.2600E+01 1.20390E-03
0.43 3.3600E+01 1.20915E-03
0.43 3.4600E+01 1.22293E-03
0.43 4.0000E+01 1.21087E-03
0.43 4.5000E+01 1.11846E-03
0.43 5.0000E+01 1.04771E-03
0.43 5.5000E+01 9.79180E-04
0.43 6.0000E+01 9.26053E-04
0.43 6.5000E+01 8.39656E-04
0.43 7.0000E+01 7.68249E-04
0.43 7.5000E+01 7.25319E-04
0.43 8.0000E+01 6.66374E-04
0.43 8.5000E+01 6.26072E-04
0.43 1.0000E+02 5.13968E-04
0.43 1.1000E+02 4.49088E-04
0.43 1.2000E+02 4.04553E-04
0.43 1.3000E+02 3.59405E-04
0.43 1.4000E+02 3.25709E-04
0.43 1.5000E+02 2.92535E-04
0.43 1.6000E+02 2.65454E-04
0.43 1.7000E+02 2.43314E-04
0.43 1.8000E+02 2.24070E-04
0.43 1.9000E+02 2.05553E-04
0.43 2.1000E+02 1.74211E-04
0.43 2.3000E+02 1.52932E-04
0.43 2.5000E+02 1.32511E-04
0.43 2.7000E+02 1.16478E-04
0.43 2.9000E+02 1.03856E-04
0.43 3.1000E+02 9.29761E-05
0.43 3.3000E+02 8.36223E-05
0.43 3.5000E+02 7.55793E-05
0.43 3.7000E+02 6.86537E-05
0.43 3.9000E+02 6.26711E-05
0.43 4.3000E+02 5.29486E-05
0.43 4.7000E+02 4.53512E-05
0.43 5.1000E+02 3.93511E-05 


0.44 2.5600E+01 7.94795E-04
0.44 2.6600E+01 9.24553E-04
0.44 2.7600E+01 1.04849E-03
0.44 2.8600E+01 1.09604E-03
0.44 2.9600E+01 1.18081E-03
0.44 3.0600E+01 1.17016E-03
0.44 3.1600E+01 1.22694E-03
0.44 3.2600E+01 1.23479E-03
0.44 3.3600E+01 1.24593E-03
0.44 3.4600E+01 1.26149E-03
0.44 4.0000E+01 1.16899E-03
0.44 4.5000E+01 1.12046E-03
0.44 5.0000E+01 1.03029E-03
0.44 5.5000E+01 9.59824E-04
0.44 6.0000E+01 9.08156E-04
0.44 6.5000E+01 8.26108E-04
0.44 7.0000E+01 7.76349E-04
0.44 7.5000E+01 7.19435E-04
0.44 8.0000E+01 6.71204E-04
0.44 8.5000E+01 6.26470E-04
0.44 1.0000E+02 5.12481E-04
0.44 1.1000E+02 4.48960E-04
0.44 1.2000E+02 4.05110E-04
0.44 1.3000E+02 3.58937E-04
0.44 1.4000E+02 3.24851E-04
0.44 1.5000E+02 2.93891E-04
0.44 1.6000E+02 2.65627E-04
0.44 1.7000E+02 2.42257E-04
0.44 1.8000E+02 2.23359E-04
0.44 1.9000E+02 2.06121E-04
0.44 2.1000E+02 1.74411E-04
0.44 2.3000E+02 1.51686E-04
0.44 2.5000E+02 1.33568E-04
0.44 2.7000E+02 1.15672E-04
0.44 2.9000E+02 1.03694E-04
0.44 3.1000E+02 9.28258E-05
0.44 3.3000E+02 8.36429E-05
0.44 3.5000E+02 7.56539E-05
0.44 3.7000E+02 6.87245E-05
0.44 3.9000E+02 6.27005E-05
0.44 4.3000E+02 5.28925E-05
0.44 4.7000E+02 4.53343E-05
0.44 5.1000E+02 3.92484E-05 


0.45 2.5600E+01 8.21378E-04
0.45 2.6600E+01 9.22884E-04
0.45 2.7600E+01 1.01130E-03
0.45 2.8600E+01 1.07388E-03
0.45 2.9600E+01 1.13023E-03
0.45 3.0600E+01 1.19484E-03
0.45 3.1600E+01 1.20447E-03
0.45 3.2600E+01 1.19993E-03
0.45 3.3600E+01 1.20883E-03
0.45 3.4600E+01 1.20740E-03
0.45 4.0000E+01 1.20852E-03
0.45 4.5000E+01 1.11691E-03
0.45 5.0000E+01 1.06208E-03
0.45 5.5000E+01 9.67712E-04
0.45 6.0000E+01 8.96312E-04
0.45 6.5000E+01 8.36829E-04
0.45 7.0000E+01 7.78631E-04
0.45 7.5000E+01 7.14390E-04
0.45 8.0000E+01 6.74284E-04
0.45 8.5000E+01 6.25129E-04
0.45 1.0000E+02 5.09536E-04
0.45 1.1000E+02 4.52424E-04
0.45 1.2000E+02 4.00616E-04
0.45 1.3000E+02 3.61499E-04
0.45 1.4000E+02 3.23565E-04
0.45 1.5000E+02 2.94647E-04
0.45 1.6000E+02 2.66316E-04
0.45 1.7000E+02 2.42485E-04
0.45 1.8000E+02 2.22298E-04
0.45 1.9000E+02 2.05733E-04
0.45 2.1000E+02 1.75368E-04
0.45 2.3000E+02 1.50854E-04
0.45 2.5000E+02 1.33338E-04
0.45 2.7000E+02 1.16944E-04
0.45 2.9000E+02 1.03324E-04
0.45 3.1000E+02 9.27368E-05
0.45 3.3000E+02 8.36290E-05
0.45 3.5000E+02 7.56742E-05
0.45 3.7000E+02 6.88605E-05
0.45 3.9000E+02 6.27621E-05
0.45 4.3000E+02 5.29092E-05
0.45 4.7000E+02 4.52563E-05
0.45 5.1000E+02 3.92454E-05 


0.46 2.5600E+01 7.88710E-04
0.46 2.6600E+01 9.37956E-04
0.46 2.7600E+01 1.03724E-03
0.46 2.8600E+01 1.10944E-03
0.46 2.9600E+01 1.15558E-03
0.46 3.0600E+01 1.15031E-03
0.46 3.1600E+01 1.20158E-03
0.46 3.2600E+01 1.23927E-03
0.46 3.3600E+01 1.23622E-03
0.46 3.4600E+01 1.24372E-03
0.46 4.0000E+01 1.17975E-03
0.46 4.5000E+01 1.12937E-03
0.46 5.0000E+01 1.02736E-03
0.46 5.5000E+01 9.73452E-04
0.46 6.0000E+01 9.16324E-04
0.46 6.5000E+01 8.38089E-04
0.46 7.0000E+01 7.70094E-04
0.46 7.5000E+01 7.21127E-04
0.46 8.0000E+01 6.66255E-04
0.46 8.5000E+01 6.28119E-04
0.46 1.0000E+02 5.08563E-04
0.46 1.1000E+02 4.53709E-04
0.46 1.2000E+02 3.99050E-04
0.46 1.3000E+02 3.62057E-04
0.46 1.4000E+02 3.20394E-04
0.46 1.5000E+02 2.92950E-04
0.46 1.6000E+02 2.67366E-04
0.46 1.7000E+02 2.43245E-04
0.46 1.8000E+02 2.21902E-04
0.46 1.9000E+02 2.04756E-04
0.46 2.1000E+02 1.76038E-04
0.46 2.3000E+02 1.50918E-04
0.46 2.5000E+02 1.32468E-04
0.46 2.7000E+02 1.17544E-04
0.46 2.9000E+02 1.02996E-04
0.46 3.1000E+02 9.24334E-05
0.46 3.3000E+02 8.35124E-05
0.46 3.5000E+02 7.56666E-05
0.46 3.7000E+02 6.86608E-05
0.46 3.9000E+02 6.28161E-05
0.46 4.3000E+02 5.29302E-05
0.46 4.7000E+02 4.52772E-05
0.46 5.1000E+02 3.92419E-05 


0.47 2.5600E+01 8.37289E-04
0.47 2.6600E+01 9.16773E-04
0.47 2.7600E+01 1.00609E-03
0.47 2.8600E+01 1.08005E-03
0.47 2.9600E+01 1.11699E-03
0.47 3.0600E+01 1.19685E-03
0.47 3.1600E+01 1.19413E-03
0.47 3.2600E+01 1.19154E-03
0.47 3.3600E+01 1.21040E-03
0.47 3.4600E+01 1.21381E-03
0.47 4.0000E+01 1.19530E-03
0.47 4.5000E+01 1.10666E-03
0.47 5.0000E+01 1.04673E-03
0.47 5.5000E+01 9.59491E-04
0.47 6.0000E+01 8.96533E-04
0.47 6.5000E+01 8.30463E-04
0.47 7.0000E+01 7.71513E-04
0.47 7.5000E+01 7.22544E-04
0.47 8.0000E+01 6.66013E-04
0.47 8.5000E+01 6.27135E-04
0.47 1.0000E+02 5.12085E-04
0.47 1.1000E+02 4.51726E-04
0.47 1.2000E+02 4.02185E-04
0.47 1.3000E+02 3.58484E-04
0.47 1.4000E+02 3.26791E-04
0.47 1.5000E+02 2.90916E-04
0.47 1.6000E+02 2.67546E-04
0.47 1.7000E+02 2.43537E-04
0.47 1.8000E+02 2.22912E-04
0.47 1.9000E+02 2.04176E-04
0.47 2.1000E+02 1.76013E-04
0.47 2.3000E+02 1.51555E-04
0.47 2.5000E+02 1.31867E-04
0.47 2.7000E+02 1.17242E-04
0.47 2.9000E+02 1.04246E-04
0.47 3.1000E+02 9.21624E-05
0.47 3.3000E+02 8.34056E-05
0.47 3.5000E+02 7.55837E-05
0.47 3.7000E+02 6.88007E-05
0.47 3.9000E+02 6.28370E-05
0.47 4.3000E+02 5.29795E-05
0.47 4.7000E+02 4.51635E-05
0.47 5.1000E+02 3.92090E-05 


0.48 2.5600E+01 8.02592E-04
0.48 2.6600E+01 9.56936E-04
0.48 2.7600E+01 1.07150E-03
0.48 2.8600E+01 1.10158E-03
0.48 2.9600E+01 1.16985E-03
0.48 3.0600E+01 1.15667E-03
0.48 3.1600E+01 1.21331E-03
0.48 3.2600E+01 1.23654E-03
0.48 3.3600E+01 1.23551E-03
0.48 3.4600E+01 1.24481E-03
0.48 4.0000E+01 1.20578E-03
0.48 4.5000E+01 1.11659E-03
0.48 5.0000E+01 1.04524E-03
0.48 5.5000E+01 9.67635E-04
0.48 6.0000E+01 9.04634E-04
0.48 6.5000E+01 8.42607E-04
0.48 7.0000E+01 7.84133E-04
0.48 7.5000E+01 7.16372E-04
0.48 8.0000E+01 6.71773E-04
0.48 8.5000E+01 6.19387E-04
0.48 1.0000E+02 5.13927E-04
0.48 1.1000E+02 4.49586E-04
0.48 1.2000E+02 4.03511E-04
0.48 1.3000E+02 3.57904E-04
0.48 1.4000E+02 3.25415E-04
0.48 1.5000E+02 2.92982E-04
0.48 1.6000E+02 2.66608E-04
0.48 1.7000E+02 2.44128E-04
0.48 1.8000E+02 2.23439E-04
0.48 1.9000E+02 2.04476E-04
0.48 2.1000E+02 1.75440E-04
0.48 2.3000E+02 1.52095E-04
0.48 2.5000E+02 1.31967E-04
0.48 2.7000E+02 1.16638E-04
0.48 2.9000E+02 1.04309E-04
0.48 3.1000E+02 9.28321E-05
0.48 3.3000E+02 8.32049E-05
0.48 3.5000E+02 7.54843E-05
0.48 3.7000E+02 6.87502E-05
0.48 3.9000E+02 6.28337E-05
0.48 4.3000E+02 5.30230E-05
0.48 4.7000E+02 4.53113E-05
0.48 5.1000E+02 3.92073E-05 


0.49 2.5600E+01 8.02938E-04
0.49 2.6600E+01 9.33842E-04
0.49 2.7600E+01 1.00142E-03
0.49 2.8600E+01 1.07457E-03
0.49 2.9600E+01 1.13085E-03
0.49 3.0600E+01 1.19475E-03
0.49 3.1600E+01 1.18571E-03
0.49 3.2600E+01 1.19836E-03
0.49 3.3600E+01 1.20460E-03
0.49 3.4600E+01 1.21378E-03
0.49 4.0000E+01 1.18860E-03
0.49 4.5000E+01 1.11108E-03
0.49 5.0000E+01 1.03375E-03
0.49 5.5000E+01 9.66211E-04
0.49 6.0000E+01 9.17803E-04
0.49 6.5000E+01 8.35265E-04
0.49 7.0000E+01 7.65428E-04
0.49 7.5000E+01 7.15361E-04
0.49 8.0000E+01 6.70521E-04
0.49 8.5000E+01 6.21641E-04
0.49 1.0000E+02 5.09523E-04
0.49 1.1000E+02 4.50819E-04
0.49 1.2000E+02 4.02452E-04
0.49 1.3000E+02 3.59591E-04
0.49 1.4000E+02 3.22525E-04
0.49 1.5000E+02 2.95591E-04
0.49 1.6000E+02 2.62710E-04
0.49 1.7000E+02 2.48551E-04
0.49 1.8000E+02 2.23470E-04
0.49 1.9000E+02 2.05529E-04
0.49 2.1000E+02 1.74791E-04
0.49 2.3000E+02 1.52131E-04
0.49 2.5000E+02 1.32389E-04
0.49 2.7000E+02 1.16297E-04
0.49 2.9000E+02 1.03934E-04
0.49 3.1000E+02 9.32611E-05
0.49 3.3000E+02 8.32154E-05
0.49 3.5000E+02 7.52455E-05
0.49 3.7000E+02 6.86591E-05
0.49 3.9000E+02 6.31961E-05
0.49 4.3000E+02 5.30497E-05
0.49 4.7000E+02 4.53534E-05
0.49 5.1000E+02 3.93185E-05 


0.50 2.5600E+01 8.33379E-04
0.50 2.6600E+01 9.15178E-04
0.50 2.7600E+01 1.03813E-03
0.50 2.8600E+01 1.10100E-03
0.50 2.9600E+01 1.16069E-03
0.50 3.0600E+01 1.15755E-03
0.50 3.1600E+01 1.21480E-03
0.50 3.2600E+01 1.22142E-03
0.50 3.3600E+01 1.24360E-03
0.50 3.4600E+01 1.24387E-03
0.50 4.0000E+01 1.20300E-03
0.50 4.5000E+01 1.11289E-03
0.50 5.0000E+01 1.04959E-03
0.50 5.5000E+01 9.57346E-04
0.50 6.0000E+01 9.02042E-04
0.50 6.5000E+01 8.29203E-04
0.50 7.0000E+01 7.71770E-04
0.50 7.5000E+01 7.23899E-04
0.50 8.0000E+01 6.65858E-04
0.50 8.5000E+01 6.26651E-04
0.50 1.0000E+02 5.07770E-04
0.50 1.1000E+02 4.53909E-04
0.50 1.2000E+02 4.00457E-04
0.50 1.3000E+02 3.61114E-04
0.50 1.4000E+02 3.21882E-04
0.50 1.5000E+02 2.93841E-04
0.50 1.6000E+02 2.67470E-04
0.50 1.7000E+02 2.42128E-04
0.50 1.8000E+02 2.23480E-04
0.50 1.9000E+02 2.05623E-04
0.50 2.1000E+02 1.74589E-04
0.50 2.3000E+02 1.51899E-04
0.50 2.5000E+02 1.32792E-04
0.50 2.7000E+02 1.16423E-04
0.50 2.9000E+02 1.03508E-04
0.50 3.1000E+02 9.31092E-05
0.50 3.3000E+02 8.38107E-05
0.50 3.5000E+02 7.49377E-05
0.50 3.7000E+02 6.85899E-05
0.50 3.9000E+02 6.27373E-05
0.50 4.3000E+02 5.30400E-05
0.50 4.7000E+02 4.53652E-05
0.50 5.1000E+02 3.92344E-05 


0.51 2.5600E+01 7.73018E-04
0.51 2.6600E+01 9.63119E-04
0.51 2.7600E+01 1.00840E-03
0.51 2.8600E+01 1.09249E-03
0.51 2.9600E+01 1.12294E-03
0.51 3.0600E+01 1.20105E-03
0.51 3.1600E+01 1.18494E-03
0.51 3.2600E+01 1.21103E-03
0.51 3.3600E+01 1.22924E-03
0.51 3.4600E+01 1.20862E-03
0.51 4.0000E+01 1.17696E-03
0.51 4.5000E+01 1.12942E-03
0.51 5.0000E+01 1.04446E-03
0.51 5.5000E+01 9.74787E-04
0.51 6.0000E+01 8.95113E-04
0.51 6.5000E+01 8.37795E-04
0.51 7.0000E+01 7.82528E-04
0.51 7.5000E+01 7.20544E-04
0.51 8.0000E+01 6.67021E-04
0.51 8.5000E+01 6.24752E-04
0.51 1.0000E+02 5.14701E-04
0.51 1.1000E+02 4.53986E-04
0.51 1.2000E+02 4.00613E-04
0.51 1.3000E+02 3.60738E-04
0.51 1.4000E+02 3.23873E-04
0.51 1.5000E+02 2.91775E-04
0.51 1.6000E+02 2.68308E-04
0.51 1.7000E+02 2.41992E-04
0.51 1.8000E+02 2.22984E-04
0.51 1.9000E+02 2.05569E-04
0.51 2.1000E+02 1.75002E-04
0.51 2.3000E+02 1.51411E-04
0.51 2.5000E+02 1.32909E-04
0.51 2.7000E+02 1.16742E-04
0.51 2.9000E+02 1.03362E-04
0.51 3.1000E+02 9.27946E-05
0.51 3.3000E+02 8.38592E-05
0.51 3.5000E+02 7.57022E-05
0.51 3.7000E+02 6.84272E-05
0.51 3.9000E+02 6.25780E-05
0.51 4.3000E+02 5.30001E-05
0.51 4.7000E+02 4.53785E-05
0.51 5.1000E+02 3.92432E-05 


0.52 2.5600E+01 8.27033E-04
0.52 2.6600E+01 9.10389E-04
0.52 2.7600E+01 1.03264E-03
0.52 2.8600E+01 1.07984E-03
0.52 2.9600E+01 1.15933E-03
0.52 3.0600E+01 1.15942E-03
0.52 3.1600E+01 1.21927E-03
0.52 3.2600E+01 1.22765E-03
0.52 3.3600E+01 1.22406E-03
0.52 3.4600E+01 1.23742E-03
0.52 4.0000E+01 1.20227E-03
0.52 4.5000E+01 1.11011E-03
0.52 5.0000E+01 1.02510E-03
0.52 5.5000E+01 9.67210E-04
0.52 6.0000E+01 9.31487E-04
0.52 6.5000E+01 8.38320E-04
0.52 7.0000E+01 7.72725E-04
0.52 7.5000E+01 7.12786E-04
0.52 8.0000E+01 6.72808E-04
0.52 8.5000E+01 6.20258E-04
0.52 1.0000E+02 5.12993E-04
0.52 1.1000E+02 4.49336E-04
0.52 1.2000E+02 4.02560E-04
0.52 1.3000E+02 3.59126E-04
0.52 1.4000E+02 3.25045E-04
0.52 1.5000E+02 2.91518E-04
0.52 1.6000E+02 2.66667E-04
0.52 1.7000E+02 2.44708E-04
0.52 1.8000E+02 2.20342E-04
0.52 1.9000E+02 2.05324E-04
0.52 2.1000E+02 1.75945E-04
0.52 2.3000E+02 1.51098E-04
0.52 2.5000E+02 1.32738E-04
0.52 2.7000E+02 1.17106E-04
0.52 2.9000E+02 1.03501E-04
0.52 3.1000E+02 9.25410E-05
0.52 3.3000E+02 8.36500E-05
0.52 3.5000E+02 7.58664E-05
0.52 3.7000E+02 6.87584E-05
0.52 3.9000E+02 6.26047E-05
0.52 4.3000E+02 5.29730E-05
0.52 4.7000E+02 4.53863E-05
0.52 5.1000E+02 3.91778E-05 


0.53 2.5600E+01 8.08870E-04
0.53 2.6600E+01 9.48491E-04
0.53 2.7600E+01 1.03707E-03
0.53 2.8600E+01 1.11168E-03
0.53 2.9600E+01 1.12196E-03
0.53 3.0600E+01 1.17909E-03
0.53 3.1600E+01 1.18115E-03
0.53 3.2600E+01 1.21221E-03
0.53 3.3600E+01 1.23761E-03
0.53 3.4600E+01 1.22901E-03
0.53 4.0000E+01 1.19149E-03
0.53 4.5000E+01 1.11963E-03
0.53 5.0000E+01 1.05596E-03
0.53 5.5000E+01 9.59854E-04
0.53 6.0000E+01 8.91446E-04
0.53 6.5000E+01 8.29471E-04
0.53 7.0000E+01 7.69040E-04
0.53 7.5000E+01 7.23573E-04
0.53 8.0000E+01 6.70509E-04
0.53 8.5000E+01 6.21306E-04
0.53 1.0000E+02 5.08325E-04
0.53 1.1000E+02 4.49968E-04
0.53 1.2000E+02 4.04015E-04
0.53 1.3000E+02 3.58350E-04
0.53 1.4000E+02 3.24510E-04
0.53 1.5000E+02 2.92718E-04
0.53 1.6000E+02 2.65190E-04
0.53 1.7000E+02 2.44387E-04
0.53 1.8000E+02 2.23400E-04
0.53 1.9000E+02 2.04249E-04
0.53 2.1000E+02 1.75943E-04
0.53 2.3000E+02 1.51191E-04
0.53 2.5000E+02 1.32394E-04
0.53 2.7000E+02 1.17118E-04
0.53 2.9000E+02 1.03733E-04
0.53 3.1000E+02 9.25105E-05
0.53 3.3000E+02 8.33936E-05
0.53 3.5000E+02 7.57656E-05
0.53 3.7000E+02 6.89376E-05
0.53 3.9000E+02 6.25889E-05
0.53 4.3000E+02 5.29826E-05
0.53 4.7000E+02 4.54203E-05
0.53 5.1000E+02 3.92467E-05 


0.54 2.5600E+01 7.85696E-04
0.54 2.6600E+01 9.36411E-04
0.54 2.7600E+01 1.01558E-03
0.54 2.8600E+01 1.06880E-03
0.54 2.9600E+01 1.14389E-03
0.54 3.0600E+01 1.18409E-03
0.54 3.1600E+01 1.22218E-03
0.54 3.2600E+01 1.20952E-03
0.54 3.3600E+01 1.20118E-03
0.54 3.4600E+01 1.21805E-03
0.54 4.0000E+01 1.18263E-03
0.54 4.5000E+01 1.12821E-03
0.54 5.0000E+01 1.03317E-03
0.54 5.5000E+01 9.72193E-04
0.54 6.0000E+01 9.05194E-04
0.54 6.5000E+01 8.35568E-04
0.54 7.0000E+01 7.78051E-04
0.54 7.5000E+01 7.21648E-04
0.54 8.0000E+01 6.64068E-04
0.54 8.5000E+01 6.27082E-04
0.54 1.0000E+02 5.09502E-04
0.54 1.1000E+02 4.54899E-04
0.54 1.2000E+02 4.02353E-04
0.54 1.3000E+02 3.59561E-04
0.54 1.4000E+02 3.23415E-04
0.54 1.5000E+02 2.94432E-04
0.54 1.6000E+02 2.65638E-04
0.54 1.7000E+02 2.42928E-04
0.54 1.8000E+02 2.24328E-04
0.54 1.9000E+02 2.04216E-04
0.54 2.1000E+02 1.75632E-04
0.54 2.3000E+02 1.51609E-04
0.54 2.5000E+02 1.32123E-04
0.54 2.7000E+02 1.16973E-04
0.54 2.9000E+02 1.03922E-04
0.54 3.1000E+02 9.26494E-05
0.54 3.3000E+02 8.32681E-05
0.54 3.5000E+02 7.55400E-05
0.54 3.7000E+02 6.89153E-05
0.54 3.9000E+02 6.29218E-05
0.54 4.3000E+02 5.28134E-05
0.54 4.7000E+02 4.53054E-05
0.54 5.1000E+02 3.93935E-05 


0.55 2.5600E+01 8.26188E-04
0.55 2.6600E+01 8.99807E-04
0.55 2.7600E+01 1.04479E-03
0.55 2.8600E+01 1.11281E-03
0.55 2.9600E+01 1.14848E-03
0.55 3.0600E+01 1.15677E-03
0.55 3.1600E+01 1.19543E-03
0.55 3.2600E+01 1.23160E-03
0.55 3.3600E+01 1.24626E-03
0.55 3.4600E+01 1.24791E-03
0.55 4.0000E+01 1.20447E-03
0.55 4.5000E+01 1.10916E-03
0.55 5.0000E+01 1.04219E-03
0.55 5.5000E+01 9.70832E-04
0.55 6.0000E+01 9.18061E-04
0.55 6.5000E+01 8.42755E-04
0.55 7.0000E+01 7.78778E-04
0.55 7.5000E+01 7.14841E-04
0.55 8.0000E+01 6.71861E-04
0.55 8.5000E+01 6.25392E-04
0.55 1.0000E+02 5.12576E-04
0.55 1.1000E+02 4.52784E-04
0.55 1.2000E+02 3.98000E-04
0.55 1.3000E+02 3.61248E-04
0.55 1.4000E+02 3.22877E-04
0.55 1.5000E+02 2.93722E-04
0.55 1.6000E+02 2.66506E-04
0.55 1.7000E+02 2.42144E-04
0.55 1.8000E+02 2.23547E-04
0.55 1.9000E+02 2.06334E-04
0.55 2.1000E+02 1.75261E-04
0.55 2.3000E+02 1.52290E-04
0.55 2.5000E+02 1.32102E-04
0.55 2.7000E+02 1.16727E-04
0.55 2.9000E+02 1.03957E-04
0.55 3.1000E+02 9.28154E-05
0.55 3.3000E+02 8.33138E-05
0.55 3.5000E+02 7.54889E-05
0.55 3.7000E+02 6.87388E-05
0.55 3.9000E+02 6.29707E-05
0.55 4.3000E+02 5.26407E-05
0.55 4.7000E+02 4.52872E-05
0.55 5.1000E+02 3.93083E-05 


0.56 2.5600E+01 8.05701E-04
0.56 2.6600E+01 9.64504E-04
0.56 2.7600E+01 1.00194E-03
0.56 2.8600E+01 1.07994E-03
0.56 2.9600E+01 1.11649E-03
0.56 3.0600E+01 1.20511E-03
0.56 3.1600E+01 1.19645E-03
0.56 3.2600E+01 1.19162E-03
0.56 3.3600E+01 1.20619E-03
0.56 3.4600E+01 1.19766E-03
0.56 4.0000E+01 1.17540E-03
0.56 4.5000E+01 1.13362E-03
0.56 5.0000E+01 1.05019E-03
0.56 5.5000E+01 9.52882E-04
0.56 6.0000E+01 9.02004E-04
0.56 6.5000E+01 8.27905E-04
0.56 7.0000E+01 7.69459E-04
0.56 7.5000E+01 7.18105E-04
0.56 8.0000E+01 6.71059E-04
0.56 8.5000E+01 6.17282E-04
0.56 1.0000E+02 5.12595E-04
0.56 1.1000E+02 4.49613E-04
0.56 1.2000E+02 4.02389E-04
0.56 1.3000E+02 3.61662E-04
0.56 1.4000E+02 3.23470E-04
0.56 1.5000E+02 2.92483E-04
0.56 1.6000E+02 2.67516E-04
0.56 1.7000E+02 2.42671E-04
0.56 1.8000E+02 2.21992E-04
0.56 1.9000E+02 2.06065E-04
0.56 2.1000E+02 1.74230E-04
0.56 2.3000E+02 1.52139E-04
0.56 2.5000E+02 1.32333E-04
0.56 2.7000E+02 1.16532E-04
0.56 2.9000E+02 1.03878E-04
0.56 3.1000E+02 9.29184E-05
0.56 3.3000E+02 8.34509E-05
0.56 3.5000E+02 7.53693E-05
0.56 3.7000E+02 6.86340E-05
0.56 3.9000E+02 6.28516E-05
0.56 4.3000E+02 5.30113E-05
0.56 4.7000E+02 4.51801E-05
0.56 5.1000E+02 3.92242E-05 


0.57 2.5600E+01 7.81999E-04
0.57 2.6600E+01 9.11006E-04
0.57 2.7600E+01 1.04327E-03
0.57 2.8600E+01 1.08369E-03
0.57 2.9600E+01 1.17846E-03
0.57 3.0600E+01 1.14906E-03
0.57 3.1600E+01 1.21721E-03
0.57 3.2600E+01 1.24294E-03
0.57 3.3600E+01 1.23428E-03
0.57 3.4600E+01 1.24811E-03
0.57 4.0000E+01 1.20229E-03
0.57 4.5000E+01 1.11315E-03
0.57 5.0000E+01 1.03532E-03
0.57 5.5000E+01 9.78910E-04
0.57 6.0000E+01 8.99418E-04
0.57 6.5000E+01 8.34149E-04
0.57 7.0000E+01 7.70879E-04
0.57 7.5000E+01 7.22803E-04
0.57 8.0000E+01 6.65917E-04
0.57 8.5000E+01 6.25891E-04
0.57 1.0000E+02 5.10014E-04
0.57 1.1000E+02 4.50430E-04
0.57 1.2000E+02 4.04312E-04
0.57 1.3000E+02 3.57531E-04
0.57 1.4000E+02 3.24653E-04
0.57 1.5000E+02 2.92070E-04
0.57 1.6000E+02 2.67210E-04
0.57 1.7000E+02 2.43458E-04
0.57 1.8000E+02 2.22106E-04
0.57 1.9000E+02 2.05000E-04
0.57 2.1000E+02 1.75100E-04
0.57 2.3000E+02 1.51776E-04
0.57 2.5000E+02 1.32662E-04
0.57 2.7000E+02 1.16466E-04
0.57 2.9000E+02 1.03691E-04
0.57 3.1000E+02 9.29970E-05
0.57 3.3000E+02 8.35166E-05
0.57 3.5000E+02 7.53878E-05
0.57 3.7000E+02 6.85598E-05
0.57 3.9000E+02 6.27236E-05
0.57 4.3000E+02 5.30843E-05
0.57 4.7000E+02 4.52227E-05
0.57 5.1000E+02 3.92036E-05 


0.58 2.5600E+01 8.26686E-04
0.58 2.6600E+01 9.25159E-04
0.58 2.7600E+01 1.02828E-03
0.58 2.8600E+01 1.11185E-03
0.58 2.9600E+01 1.11524E-03
0.58 3.0600E+01 1.19041E-03
0.58 3.1600E+01 1.17637E-03
0.58 3.2600E+01 1.20321E-03
0.58 3.3600E+01 1.23153E-03
0.58 3.4600E+01 1.22247E-03
0.58 4.0000E+01 1.19084E-03
0.58 4.5000E+01 1.11662E-03
0.58 5.0000E+01 1.03952E-03
0.58 5.5000E+01 9.65614E-04
0.58 6.0000E+01 9.15127E-04
0.58 6.5000E+01 8.40470E-04
0.58 7.0000E+01 7.86107E-04
0.58 7.5000E+01 7.20010E-04
0.58 8.0000E+01 6.67288E-04
0.58 8.5000E+01 6.26709E-04
0.58 1.0000E+02 5.08542E-04
0.58 1.1000E+02 4.52909E-04
0.58 1.2000E+02 4.02363E-04
0.58 1.3000E+02 3.57746E-04
0.58 1.4000E+02 3.25319E-04
0.58 1.5000E+02 2.92763E-04
0.58 1.6000E+02 2.65953E-04
0.58 1.7000E+02 2.43719E-04
0.58 1.8000E+02 2.22736E-04
0.58 1.9000E+02 2.04293E-04
0.58 2.1000E+02 1.76336E-04
0.58 2.3000E+02 1.51355E-04
0.58 2.5000E+02 1.33066E-04
0.58 2.7000E+02 1.16615E-04
0.58 2.9000E+02 1.03552E-04
0.58 3.1000E+02 9.28727E-05
0.58 3.3000E+02 8.36185E-05
0.58 3.5000E+02 7.55403E-05
0.58 3.7000E+02 6.85889E-05
0.58 3.9000E+02 6.26443E-05
0.58 4.3000E+02 5.30903E-05
0.58 4.7000E+02 4.52915E-05
0.58 5.1000E+02 3.91340E-05 


0.59 2.5600E+01 8.20094E-04
0.59 2.6600E+01 9.64358E-04
0.59 2.7600E+01 1.00188E-03
0.59 2.8600E+01 1.05706E-03
0.59 2.9600E+01 1.14529E-03
0.59 3.0600E+01 1.18049E-03
0.59 3.1600E+01 1.22872E-03
0.59 3.2600E+01 1.21255E-03
0.59 3.3600E+01 1.19734E-03
0.59 3.4600E+01 1.22018E-03
0.59 4.0000E+01 1.17919E-03
0.59 4.5000E+01 1.13117E-03
0.59 5.0000E+01 1.05584E-03
0.59 5.5000E+01 9.59780E-04
0.59 6.0000E+01 9.14045E-04
0.59 6.5000E+01 8.32651E-04
0.59 7.0000E+01 7.67990E-04
0.59 7.5000E+01 7.14073E-04
0.59 8.0000E+01 6.71166E-04
0.59 8.5000E+01 6.21179E-04
0.59 1.0000E+02 5.10695E-04
0.59 1.1000E+02 4.53012E-04
0.59 1.2000E+02 4.00312E-04
0.59 1.3000E+02 3.61828E-04
0.59 1.4000E+02 3.24261E-04
0.59 1.5000E+02 2.93709E-04
0.59 1.6000E+02 2.65364E-04
0.59 1.7000E+02 2.43955E-04
0.59 1.8000E+02 2.23319E-04
0.59 1.9000E+02 2.04563E-04
0.59 2.1000E+02 1.76060E-04
0.59 2.3000E+02 1.50278E-04
0.59 2.5000E+02 1.32812E-04
0.59 2.7000E+02 1.16827E-04
0.59 2.9000E+02 1.03504E-04
0.59 3.1000E+02 9.27438E-05
0.59 3.3000E+02 8.36072E-05
0.59 3.5000E+02 7.56200E-05
0.59 3.7000E+02 6.86431E-05
0.59 3.9000E+02 6.26892E-05
0.59 4.3000E+02 5.28773E-05
0.59 4.7000E+02 4.54281E-05
0.59 5.1000E+02 3.91428E-05 


0.60 2.5600E+01 7.80881E-04
0.60 2.6600E+01 9.11551E-04
0.60 2.7600E+01 1.04691E-03
0.60 2.8600E+01 1.11284E-03
0.60 2.9600E+01 1.15730E-03
0.60 3.0600E+01 1.15212E-03
0.60 3.1600E+01 1.19007E-03
0.60 3.2600E+01 1.23348E-03
0.60 3.3600E+01 1.25016E-03
0.60 3.4600E+01 1.24588E-03
0.60 4.0000E+01 1.21086E-03
0.60 4.5000E+01 1.11159E-03
0.60 5.0000E+01 1.02831E-03
0.60 5.5000E+01 9.72819E-04
0.60 6.0000E+01 8.84669E-04
0.60 6.5000E+01 8.30593E-04
0.60 7.0000E+01 7.71959E-04
0.60 7.5000E+01 7.19281E-04
0.60 8.0000E+01 6.70099E-04
0.60 8.5000E+01 6.20440E-04
0.60 1.0000E+02 5.14539E-04
0.60 1.1000E+02 4.51635E-04
0.60 1.2000E+02 4.00881E-04
0.60 1.3000E+02 3.61554E-04
0.60 1.4000E+02 3.21268E-04
0.60 1.5000E+02 2.94176E-04
0.60 1.6000E+02 2.66011E-04
0.60 1.7000E+02 2.42970E-04
0.60 1.8000E+02 2.23376E-04
0.60 1.9000E+02 2.05217E-04
0.60 2.1000E+02 1.75244E-04
0.60 2.3000E+02 1.51890E-04
0.60 2.5000E+02 1.32442E-04
0.60 2.7000E+02 1.17057E-04
0.60 2.9000E+02 1.03583E-04
0.60 3.1000E+02 9.26377E-05
0.60 3.3000E+02 8.34999E-05
0.60 3.5000E+02 7.56534E-05
0.60 3.7000E+02 6.87387E-05
0.60 3.9000E+02 6.26820E-05
0.60 4.3000E+02 5.29176E-05
0.60 4.7000E+02 4.54337E-05
0.60 5.1000E+02 3.91694E-05 


0.61 2.5600E+01 7.90956E-04
0.61 2.6600E+01 9.35670E-04
0.61 2.7600E+01 1.02913E-03
0.61 2.8600E+01 1.09707E-03
0.61 2.9600E+01 1.11607E-03
0.61 3.0600E+01 1.21363E-03
0.61 3.1600E+01 1.19110E-03
0.61 3.2600E+01 1.19499E-03
0.61 3.3600E+01 1.20519E-03
0.61 3.4600E+01 1.21168E-03
0.61 4.0000E+01 1.17397E-03
0.61 4.5000E+01 1.12227E-03
0.61 5.0000E+01 1.04727E-03
0.61 5.5000E+01 9.68967E-04
0.61 6.0000E+01 9.19955E-04
0.61 6.5000E+01 8.38881E-04
0.61 7.0000E+01 7.80892E-04
0.61 7.5000E+01 7.24764E-04
0.61 8.0000E+01 6.66514E-04
0.61 8.5000E+01 6.24917E-04
0.61 1.0000E+02 5.09290E-04
0.61 1.1000E+02 4.49806E-04
0.61 1.2000E+02 4.02789E-04
0.61 1.3000E+02 3.59131E-04
0.61 1.4000E+02 3.24160E-04
0.61 1.5000E+02 2.93575E-04
0.61 1.6000E+02 2.67039E-04
0.61 1.7000E+02 2.42321E-04
0.61 1.8000E+02 2.23372E-04
0.61 1.9000E+02 2.05572E-04
0.61 2.1000E+02 1.74581E-04
0.61 2.3000E+02 1.52453E-04
0.61 2.5000E+02 1.31830E-04
0.61 2.7000E+02 1.17185E-04
0.61 2.9000E+02 1.03711E-04
0.61 3.1000E+02 9.25731E-05
0.61 3.3000E+02 8.34511E-05
0.61 3.5000E+02 7.56336E-05
0.61 3.7000E+02 6.87710E-05
0.61 3.9000E+02 6.27424E-05
0.61 4.3000E+02 5.28953E-05
0.61 4.7000E+02 4.54247E-05
0.61 5.1000E+02 3.93044E-05 


0.62 2.5600E+01 8.46002E-04
0.62 2.6600E+01 9.62836E-04
0.62 2.7600E+01 9.83921E-04
0.62 2.8600E+01 1.06087E-03
0.62 2.9600E+01 1.15847E-03
0.62 3.0600E+01 1.15426E-03
0.62 3.1600E+01 1.22145E-03
0.62 3.2600E+01 1.23287E-03
0.62 3.3600E+01 1.22897E-03
0.62 3.4600E+01 1.23924E-03
0.62 4.0000E+01 1.19347E-03
0.62 4.5000E+01 1.12986E-03
0.62 5.0000E+01 1.04850E-03
0.62 5.5000E+01 9.59217E-04
0.62 6.0000E+01 9.10429E-04
0.62 6.5000E+01 8.38655E-04
0.62 7.0000E+01 7.75922E-04
0.62 7.5000E+01 7.13885E-04
0.62 8.0000E+01 6.66666E-04
0.62 8.5000E+01 6.25896E-04
0.62 1.0000E+02 5.07254E-04
0.62 1.1000E+02 4.50534E-04
0.62 1.2000E+02 4.03303E-04
0.62 1.3000E+02 3.58326E-04
0.62 1.4000E+02 3.25611E-04
0.62 1.5000E+02 2.90686E-04
0.62 1.6000E+02 2.67495E-04
0.62 1.7000E+02 2.42738E-04
0.62 1.8000E+02 2.22804E-04
0.62 1.9000E+02 2.05408E-04
0.62 2.1000E+02 1.74800E-04
0.62 2.3000E+02 1.52180E-04
0.62 2.5000E+02 1.31925E-04
0.62 2.7000E+02 1.16896E-04
0.62 2.9000E+02 1.03897E-04
0.62 3.1000E+02 9.26675E-05
0.62 3.3000E+02 8.33617E-05
0.62 3.5000E+02 7.55738E-05
0.62 3.7000E+02 6.87585E-05
0.62 3.9000E+02 6.27934E-05
0.62 4.3000E+02 5.28888E-05
0.62 4.7000E+02 4.54487E-05
0.62 5.1000E+02 3.93147E-05 


0.63 2.5600E+01 7.91549E-04
0.63 2.6600E+01 9.18195E-04
0.63 2.7600E+01 1.06111E-03
0.63 2.8600E+01 1.13070E-03
0.63 2.9600E+01 1.14180E-03
0.63 3.0600E+01 1.17496E-03
0.63 3.1600E+01 1.18624E-03
0.63 3.2600E+01 1.21838E-03
0.63 3.3600E+01 1.23902E-03
0.63 3.4600E+01 1.23609E-03
0.63 4.0000E+01 1.20183E-03
0.63 4.5000E+01 1.10750E-03
0.63 5.0000E+01 1.03365E-03
0.63 5.5000E+01 9.68891E-04
0.63 6.0000E+01 8.96481E-04
0.63 6.5000E+01 8.27176E-04
0.63 7.0000E+01 7.68951E-04
0.63 7.5000E+01 7.17164E-04
0.63 8.0000E+01 6.74396E-04
0.63 8.5000E+01 6.22297E-04
0.63 1.0000E+02 5.12518E-04
0.63 1.1000E+02 4.53659E-04
0.63 1.2000E+02 4.01934E-04
0.63 1.3000E+02 3.59600E-04
0.63 1.4000E+02 3.24615E-04
0.63 1.5000E+02 2.92783E-04
0.63 1.6000E+02 2.66995E-04
0.63 1.7000E+02 2.43726E-04
0.63 1.8000E+02 2.22246E-04
0.63 1.9000E+02 2.05200E-04
0.63 2.1000E+02 1.75367E-04
0.63 2.3000E+02 1.51508E-04
0.63 2.5000E+02 1.32979E-04
0.63 2.7000E+02 1.16513E-04
0.63 2.9000E+02 1.04125E-04
0.63 3.1000E+02 9.27707E-05
0.63 3.3000E+02 8.33549E-05
0.63 3.5000E+02 7.54966E-05
0.63 3.7000E+02 6.87502E-05
0.63 3.9000E+02 6.28103E-05
0.63 4.3000E+02 5.29170E-05
0.63 4.7000E+02 4.52533E-05
0.63 5.1000E+02 3.92526E-05 


0.64 2.5600E+01 7.80757E-04
0.64 2.6600E+01 9.09167E-04
0.64 2.7600E+01 1.01761E-03
0.64 2.8600E+01 1.08166E-03
0.64 2.9600E+01 1.11750E-03
0.64 3.0600E+01 1.19730E-03
0.64 3.1600E+01 1.19180E-03
0.64 3.2600E+01 1.19712E-03
0.64 3.3600E+01 1.20195E-03
0.64 3.4600E+01 1.20964E-03
0.64 4.0000E+01 1.17841E-03
0.64 4.5000E+01 1.12455E-03
0.64 5.0000E+01 1.04272E-03
0.64 5.5000E+01 9.76559E-04
0.64 6.0000E+01 9.08075E-04
0.64 6.5000E+01 8.37772E-04
0.64 7.0000E+01 7.74446E-04
0.64 7.5000E+01 7.23411E-04
0.64 8.0000E+01 6.67868E-04
0.64 8.5000E+01 6.19429E-04
0.64 1.0000E+02 5.13349E-04
0.64 1.1000E+02 4.53569E-04
0.64 1.2000E+02 4.00180E-04
0.64 1.3000E+02 3.60827E-04
0.64 1.4000E+02 3.22901E-04
0.64 1.5000E+02 2.94396E-04
0.64 1.6000E+02 2.64289E-04
0.64 1.7000E+02 2.44264E-04
0.64 1.8000E+02 2.22518E-04
0.64 1.9000E+02 2.04996E-04
0.64 2.1000E+02 1.75748E-04
0.64 2.3000E+02 1.51067E-04
0.64 2.5000E+02 1.33146E-04
0.64 2.7000E+02 1.15918E-04
0.64 2.9000E+02 1.03945E-04
0.64 3.1000E+02 9.28909E-05
0.64 3.3000E+02 8.34087E-05
0.64 3.5000E+02 7.54430E-05
0.64 3.7000E+02 6.86862E-05
0.64 3.9000E+02 6.28140E-05
0.64 4.3000E+02 5.29630E-05
0.64 4.7000E+02 4.52629E-05
0.64 5.1000E+02 3.92670E-05 


0.65 2.5600E+01 8.18816E-04
0.65 2.6600E+01 9.59695E-04
0.65 2.7600E+01 9.98763E-04
0.65 2.8600E+01 1.07101E-03
0.65 2.9600E+01 1.16280E-03
0.65 3.0600E+01 1.15781E-03
0.65 3.1600E+01 1.22432E-03
0.65 3.2600E+01 1.23519E-03
0.65 3.3600E+01 1.24484E-03
0.65 3.4600E+01 1.24223E-03
0.65 4.0000E+01 1.19300E-03
0.65 4.5000E+01 1.12772E-03
0.65 5.0000E+01 1.05086E-03
0.65 5.5000E+01 9.55488E-04
0.65 6.0000E+01 9.14534E-04
0.65 6.5000E+01 8.41377E-04
0.65 7.0000E+01 7.80881E-04
0.65 7.5000E+01 7.20140E-04
0.65 8.0000E+01 6.65263E-04
0.65 8.5000E+01 6.24840E-04
0.65 1.0000E+02 5.10152E-04
0.65 1.1000E+02 4.48503E-04
0.65 1.2000E+02 4.00905E-04
0.65 1.3000E+02 3.60675E-04
0.65 1.4000E+02 3.22741E-04
0.65 1.5000E+02 2.93837E-04
0.65 1.6000E+02 2.65660E-04
0.65 1.7000E+02 2.43934E-04
0.65 1.8000E+02 2.23317E-04
0.65 1.9000E+02 2.04627E-04
0.65 2.1000E+02 1.75724E-04
0.65 2.3000E+02 1.51187E-04
0.65 2.5000E+02 1.32790E-04
0.65 2.7000E+02 1.16829E-04
0.65 2.9000E+02 1.03667E-04
0.65 3.1000E+02 9.30186E-05
0.65 3.3000E+02 8.34985E-05
0.65 3.5000E+02 7.54453E-05
0.65 3.7000E+02 6.86436E-05
0.65 3.9000E+02 6.29094E-05
0.65 4.3000E+02 5.29860E-05
0.65 4.7000E+02 4.52788E-05
0.65 5.1000E+02 3.92350E-05 


