0.000E+00
0.000E+00
0.000E+00
0.000E+00
0.000E+00
0.000E+00
0.000E+00
0.000E+00
0.000E+00
0.000E+00
0.000E+00
0.000E+00
0.000E+00
0.000E+00
0.000E+00
0.000E+00
0.000E+00
0.000E+00
0.000E+00
0.000E+00
0.000E+00
0.000E+00
0.000E+00
0.000E+00
0.000E+00
0.000E+00
0.000E+00
0.000E+00
0.000E+00
0.000E+00
0.000E+00
0.000E+00
0.000E+00
0.000E+00
0.000E+00
0.000E+00
2.119E-06
3.388E-06
1.559E-05
1.698E-05
1.924E-05
2.132E-05
2.534E-05
2.699E-05
2.878E-05
3.304E-05
3.859E-05
4.524E-05
5.192E-05
5.280E-05
5.645E-05
6.044E-05
6.429E-05
6.640E-05
7.785E-05
7.804E-05
8.002E-05
8.565E-05
8.716E-05
8.864E-05
9.796E-05
1.002E-04
1.055E-04
1.128E-04
1.143E-04
1.196E-04
1.203E-04
1.232E-04
1.259E-04
1.274E-04
1.276E-04
1.357E-04
1.422E-04
1.539E-04
1.663E-04
1.809E-04
1.853E-04
1.963E-04
2.013E-04
2.077E-04
2.196E-04
2.204E-04
2.208E-04
2.220E-04
2.388E-04
2.431E-04
2.5600E+01 0.000E+00
2.6600E+01 0.000E+00
2.7600E+01 0.000E+00
2.8600E+01 0.000E+00
2.9600E+01 0.000E+00
3.0600E+01 0.000E+00
3.1600E+01 0.000E+00
3.2600E+01 0.000E+00
3.3600E+01 0.000E+00
3.4600E+01 0.000E+00
4.0000E+01 0.000E+00
4.5000E+01 0.000E+00
5.0000E+01 0.000E+00
5.5000E+01 0.000E+00
6.0000E+01 0.000E+00
6.5000E+01 0.000E+00
7.0000E+01 0.000E+00
7.5000E+01 0.000E+00
8.0000E+01 6.395E-07
8.5000E+01 1.567E-06
1.0000E+02 5.191E-05
1.1000E+02 7.055E-05
1.2000E+02 8.269E-05
1.3000E+02 1.073E-04
1.4000E+02 1.576E-04
1.5000E+02 2.013E-04
1.6000E+02 2.175E-04
1.7000E+02 2.780E-04
1.8000E+02 2.991E-04
1.9000E+02 3.247E-04
2.1000E+02 3.492E-04
2.3000E+02 3.632E-04
2.5000E+02 3.875E-04
2.7000E+02 4.095E-04
2.9000E+02 4.112E-04
3.1000E+02 3.913E-04
3.3000E+02 3.609E-04
3.5000E+02 3.278E-04
3.7000E+02 2.970E-04
3.9000E+02 2.684E-04
4.3000E+02 2.244E-04
4.7000E+02 1.991E-04
5.1000E+02 1.858E-04
