1.179E-03
1.373E-03
1.612E-03
1.630E-03
1.885E-03
1.927E-03
2.131E-03
2.218E-03
2.362E-03
2.640E-03
2.663E-03
2.940E-03
2.970E-03
3.264E-03
3.366E-03
3.639E-03
3.842E-03
4.083E-03
4.440E-03
4.609E-03
5.202E-03
5.258E-03
6.069E-03
6.177E-03
7.088E-03
7.512E-03
8.277E-03
8.355E-03
9.104E-03
1.014E-02
1.035E-02
1.111E-02
1.174E-02
1.221E-02
1.328E-02
1.386E-02
1.531E-02
1.557E-02
1.754E-02
1.803E-02
2.022E-02
2.123E-02
2.360E-02
2.559E-02
2.748E-02
3.295E-02
3.482E-02
3.942E-02
4.389E-02
4.480E-02
5.022E-02
5.040E-02
5.607E-02
5.621E-02
6.302E-02
6.440E-02
6.641E-02
6.750E-02
7.320E-02
7.409E-02
8.770E-02
9.049E-02
9.392E-02
1.028E-01
1.081E-01
1.094E-01
1.355E-01
1.357E-01
1.420E-01
1.431E-01
1.440E-01
1.442E-01
1.453E-01
1.475E-01
1.486E-01
1.895E-01
2.099E-01
2.745E-01
3.020E-01
3.041E-01
3.145E-01
3.302E-01
3.450E-01
3.654E-01
3.706E-01
3.726E-01
2.5600E+01 2.095E-03
2.6600E+01 4.467E-03
2.7600E+01 7.813E-03
2.8600E+01 1.046E-02
2.9600E+01 1.358E-02
3.0600E+01 1.633E-02
3.1600E+01 1.919E-02
3.2600E+01 2.216E-02
3.3600E+01 2.569E-02
3.4600E+01 2.732E-02
4.0000E+01 3.604E-02
4.5000E+01 4.309E-02
5.0000E+01 4.373E-02
5.5000E+01 4.488E-02
6.0000E+01 4.550E-02
6.5000E+01 4.247E-02
7.0000E+01 4.223E-02
7.5000E+01 3.934E-02
8.0000E+01 4.015E-02
8.5000E+01 3.563E-02
1.0000E+02 3.191E-02
1.1000E+02 2.964E-02
1.2000E+02 2.743E-02
1.3000E+02 2.409E-02
1.4000E+02 2.237E-02
1.5000E+02 2.152E-02
1.6000E+02 1.917E-02
1.7000E+02 1.612E-02
1.8000E+02 1.652E-02
1.9000E+02 1.549E-02
2.1000E+02 1.313E-02
2.3000E+02 1.118E-02
2.5000E+02 9.806E-03
2.7000E+02 8.785E-03
2.9000E+02 7.904E-03
3.1000E+02 7.088E-03
3.3000E+02 6.359E-03
3.5000E+02 5.740E-03
3.7000E+02 5.230E-03
3.9000E+02 4.823E-03
4.3000E+02 4.252E-03
4.7000E+02 3.830E-03
5.1000E+02 3.357E-03
