1.171E-03
1.376E-03
1.613E-03
1.614E-03
1.876E-03
1.938E-03
2.142E-03
2.225E-03
2.384E-03
2.655E-03
2.668E-03
2.923E-03
3.003E-03
3.247E-03
3.403E-03
3.630E-03
3.890E-03
4.076E-03
4.489E-03
4.601E-03
5.243E-03
5.290E-03
6.036E-03
6.240E-03
7.072E-03
7.600E-03
8.260E-03
8.376E-03
9.329E-03
9.895E-03
1.049E-02
1.087E-02
1.182E-02
1.210E-02
1.345E-02
1.353E-02
1.516E-02
1.558E-02
1.731E-02
1.814E-02
1.989E-02
2.140E-02
2.299E-02
2.575E-02
2.694E-02
3.228E-02
3.527E-02
3.955E-02
4.380E-02
4.490E-02
4.905E-02
5.060E-02
5.554E-02
5.706E-02
6.291E-02
6.428E-02
7.202E-02
7.278E-02
7.452E-02
7.547E-02
8.505E-02
9.085E-02
1.045E-01
1.061E-01
1.111E-01
1.124E-01
1.376E-01
1.397E-01
1.404E-01
1.462E-01
1.500E-01
1.505E-01
1.533E-01
1.563E-01
1.576E-01
1.856E-01
2.171E-01
2.692E-01
2.912E-01
3.089E-01
3.103E-01
3.269E-01
3.508E-01
3.636E-01
3.639E-01
3.688E-01
2.5600E+01 2.246E-03
2.6600E+01 4.785E-03
2.7600E+01 7.897E-03
2.8600E+01 1.080E-02
2.9600E+01 1.393E-02
3.0600E+01 1.709E-02
3.1600E+01 1.971E-02
3.2600E+01 2.260E-02
3.3600E+01 2.532E-02
3.4600E+01 2.731E-02
4.0000E+01 3.637E-02
4.5000E+01 4.086E-02
5.0000E+01 4.320E-02
5.5000E+01 4.512E-02
6.0000E+01 4.357E-02
6.5000E+01 4.226E-02
7.0000E+01 4.107E-02
7.5000E+01 4.067E-02
8.0000E+01 3.843E-02
8.5000E+01 3.645E-02
1.0000E+02 3.255E-02
1.1000E+02 2.909E-02
1.2000E+02 2.692E-02
1.3000E+02 2.527E-02
1.4000E+02 2.217E-02
1.5000E+02 2.058E-02
1.6000E+02 1.905E-02
1.7000E+02 1.722E-02
1.8000E+02 1.608E-02
1.9000E+02 1.517E-02
2.1000E+02 1.286E-02
2.3000E+02 1.145E-02
2.5000E+02 9.879E-03
2.7000E+02 8.842E-03
2.9000E+02 8.001E-03
3.1000E+02 7.137E-03
3.3000E+02 6.363E-03
3.5000E+02 5.766E-03
3.7000E+02 5.322E-03
3.9000E+02 4.915E-03
4.3000E+02 4.097E-03
4.7000E+02 3.625E-03
5.1000E+02 3.145E-03
