0.000E+00
0.000E+00
0.000E+00
0.000E+00
0.000E+00
0.000E+00
0.000E+00
0.000E+00
0.000E+00
0.000E+00
0.000E+00
0.000E+00
0.000E+00
0.000E+00
0.000E+00
0.000E+00
0.000E+00
0.000E+00
0.000E+00
0.000E+00
0.000E+00
0.000E+00
0.000E+00
0.000E+00
0.000E+00
0.000E+00
0.000E+00
0.000E+00
0.000E+00
0.000E+00
1.207E-05
2.164E-05
7.771E-04
7.907E-04
9.416E-04
1.137E-03
1.173E-03
1.238E-03
1.334E-03
1.359E-03
1.434E-03
1.501E-03
1.584E-03
1.681E-03
1.710E-03
1.942E-03
1.947E-03
2.012E-03
2.024E-03
2.116E-03
2.143E-03
2.251E-03
2.269E-03
2.500E-03
2.615E-03
2.689E-03
2.758E-03
2.803E-03
2.943E-03
2.985E-03
3.199E-03
3.208E-03
3.468E-03
3.491E-03
3.615E-03
3.734E-03
3.799E-03
3.826E-03
4.104E-03
4.192E-03
4.299E-03
4.430E-03
4.551E-03
4.682E-03
4.800E-03
4.882E-03
4.918E-03
5.062E-03
5.246E-03
5.530E-03
5.570E-03
5.829E-03
6.179E-03
6.518E-03
6.532E-03
6.597E-03
2.5600E+01 0.000E+00
2.6600E+01 0.000E+00
2.7600E+01 0.000E+00
2.8600E+01 0.000E+00
2.9600E+01 0.000E+00
3.0600E+01 0.000E+00
3.1600E+01 0.000E+00
3.2600E+01 0.000E+00
3.3600E+01 0.000E+00
3.4600E+01 0.000E+00
4.0000E+01 0.000E+00
4.5000E+01 0.000E+00
5.0000E+01 0.000E+00
5.5000E+01 0.000E+00
6.0000E+01 0.000E+00
6.5000E+01 1.397E-05
7.0000E+01 8.897E-05
7.5000E+01 6.623E-05
8.0000E+01 1.149E-04
8.5000E+01 1.326E-04
1.0000E+02 2.943E-04
1.1000E+02 3.429E-04
1.2000E+02 4.281E-04
1.3000E+02 5.048E-04
1.4000E+02 5.617E-04
1.5000E+02 6.972E-04
1.6000E+02 7.065E-04
1.7000E+02 6.945E-04
1.8000E+02 7.720E-04
1.9000E+02 8.022E-04
2.1000E+02 7.394E-04
2.3000E+02 7.074E-04
2.5000E+02 6.346E-04
2.7000E+02 5.592E-04
2.9000E+02 5.098E-04
3.1000E+02 4.677E-04
3.3000E+02 4.282E-04
3.5000E+02 4.003E-04
3.7000E+02 3.832E-04
3.9000E+02 3.653E-04
4.3000E+02 2.883E-04
4.7000E+02 2.644E-04
5.1000E+02 2.418E-04
