1.195E-03
1.395E-03
1.634E-03
1.649E-03
1.903E-03
1.986E-03
2.185E-03
2.239E-03
2.426E-03
2.682E-03
2.715E-03
2.951E-03
3.273E-03
3.476E-03
3.652E-03
4.626E-03
5.360E-03
6.352E-03
7.048E-03
7.654E-03
8.337E-03
8.505E-03
9.535E-03
9.982E-03
1.065E-02
1.105E-02
1.206E-02
1.234E-02
1.372E-02
1.373E-02
1.549E-02
1.596E-02
1.756E-02
1.853E-02
2.020E-02
2.204E-02
2.332E-02
2.629E-02
2.760E-02
3.278E-02
3.581E-02
4.039E-02
4.430E-02
4.536E-02
5.001E-02
5.145E-02
5.640E-02
5.828E-02
6.406E-02
6.537E-02
6.935E-02
7.315E-02
7.731E-02
7.943E-02
8.603E-02
9.137E-02
9.264E-02
1.086E-01
1.142E-01
1.231E-01
1.391E-01
1.422E-01
1.427E-01
1.497E-01
1.571E-01
1.589E-01
1.594E-01
1.606E-01
1.627E-01
1.897E-01
2.354E-01
2.702E-01
2.941E-01
3.216E-01
3.372E-01
3.401E-01
3.601E-01
3.671E-01
3.721E-01
3.877E-01
2.5600E+01 2.484E-03
2.6600E+01 5.251E-03
2.7600E+01 7.970E-03
2.8600E+01 1.140E-02
2.9600E+01 1.416E-02
3.0600E+01 1.746E-02
3.1600E+01 2.025E-02
3.2600E+01 2.356E-02
3.3600E+01 2.548E-02
3.4600E+01 2.726E-02
4.0000E+01 3.687E-02
4.5000E+01 4.110E-02
5.0000E+01 4.364E-02
5.5000E+01 4.454E-02
6.0000E+01 4.309E-02
6.5000E+01 4.333E-02
7.0000E+01 4.221E-02
7.5000E+01 4.023E-02
8.0000E+01 3.983E-02
8.5000E+01 3.641E-02
1.0000E+02 3.173E-02
1.1000E+02 3.021E-02
1.2000E+02 2.642E-02
1.3000E+02 2.544E-02
1.4000E+02 2.192E-02
1.5000E+02 2.011E-02
1.6000E+02 1.885E-02
1.7000E+02 1.734E-02
1.8000E+02 1.568E-02
1.9000E+02 1.418E-02
2.1000E+02 1.216E-02
2.3000E+02 1.089E-02
2.9000E+02 7.613E-03
3.3000E+02 6.124E-03
3.5000E+02 5.594E-03
3.7000E+02 5.164E-03
3.9000E+02 4.797E-03
4.3000E+02 4.157E-03
4.7000E+02 3.591E-03
5.1000E+02 3.119E-03
