0.000E+00
0.000E+00
0.000E+00
0.000E+00
0.000E+00
0.000E+00
0.000E+00
0.000E+00
0.000E+00
0.000E+00
0.000E+00
0.000E+00
0.000E+00
0.000E+00
0.000E+00
0.000E+00
0.000E+00
0.000E+00
0.000E+00
0.000E+00
0.000E+00
0.000E+00
0.000E+00
0.000E+00
0.000E+00
0.000E+00
0.000E+00
0.000E+00
0.000E+00
0.000E+00
8.762E-06
1.190E-05
7.805E-04
9.097E-04
1.057E-03
1.173E-03
1.256E-03
1.297E-03
1.340E-03
1.460E-03
1.505E-03
1.744E-03
1.823E-03
1.850E-03
1.973E-03
1.997E-03
2.118E-03
2.285E-03
2.336E-03
2.424E-03
2.503E-03
2.869E-03
2.899E-03
2.998E-03
3.110E-03
3.154E-03
3.319E-03
3.389E-03
3.582E-03
3.654E-03
4.038E-03
4.045E-03
4.182E-03
4.189E-03
4.320E-03
4.364E-03
4.408E-03
4.424E-03
4.864E-03
4.990E-03
5.068E-03
5.270E-03
5.501E-03
5.531E-03
5.789E-03
5.864E-03
6.137E-03
6.276E-03
6.354E-03
6.384E-03
2.5600E+01 0.000E+00
2.6600E+01 0.000E+00
2.7600E+01 0.000E+00
2.8600E+01 0.000E+00
2.9600E+01 0.000E+00
3.0600E+01 0.000E+00
3.1600E+01 0.000E+00
3.2600E+01 0.000E+00
3.3600E+01 0.000E+00
3.4600E+01 0.000E+00
4.0000E+01 0.000E+00
4.5000E+01 0.000E+00
5.0000E+01 0.000E+00
5.5000E+01 0.000E+00
6.0000E+01 0.000E+00
6.5000E+01 1.016E-06
7.0000E+01 1.979E-05
7.5000E+01 7.562E-05
8.0000E+01 1.092E-04
8.5000E+01 1.138E-04
1.0000E+02 1.999E-04
1.1000E+02 2.940E-04
1.2000E+02 2.670E-04
1.3000E+02 3.568E-04
1.4000E+02 3.579E-04
1.5000E+02 4.028E-04
1.6000E+02 4.554E-04
1.7000E+02 4.323E-04
1.8000E+02 4.291E-04
1.9000E+02 4.660E-04
2.1000E+02 5.012E-04
2.3000E+02 4.493E-04
2.9000E+02 3.966E-04
3.3000E+02 3.161E-04
3.5000E+02 2.870E-04
3.7000E+02 2.646E-04
3.9000E+02 2.482E-04
4.3000E+02 2.170E-04
4.7000E+02 1.906E-04
5.1000E+02 1.679E-04
