1.179E-03
1.375E-03
1.494E-03
1.609E-03
1.724E-03
1.918E-03
2.026E-03
2.115E-03
2.348E-03
2.436E-03
2.624E-03
2.693E-03
2.950E-03
2.992E-03
3.339E-03
3.340E-03
3.746E-03
3.811E-03
4.231E-03
4.399E-03
4.825E-03
5.150E-03
5.568E-03
6.115E-03
6.501E-03
7.402E-03
7.664E-03
8.154E-03
8.961E-03
9.351E-03
1.016E-02
1.025E-02
1.133E-02
1.150E-02
1.290E-02
1.300E-02
1.453E-02
1.494E-02
1.649E-02
1.757E-02
1.911E-02
2.075E-02
2.247E-02
2.501E-02
2.641E-02
3.200E-02
3.449E-02
3.924E-02
4.403E-02
4.467E-02
5.041E-02
5.079E-02
5.589E-02
5.720E-02
6.177E-02
6.530E-02
6.578E-02
6.764E-02
7.259E-02
7.388E-02
8.716E-02
8.868E-02
9.541E-02
1.010E-01
1.059E-01
1.091E-01
1.327E-01
1.330E-01
1.388E-01
1.401E-01
1.410E-01
1.426E-01
1.446E-01
1.451E-01
1.459E-01
1.908E-01
2.159E-01
2.791E-01
3.092E-01
3.106E-01
3.202E-01
3.376E-01
3.542E-01
3.758E-01
3.800E-01
3.845E-01
2.5600E+01 2.167E-03
2.6600E+01 4.654E-03
2.7600E+01 8.135E-03
2.8600E+01 1.082E-02
2.9600E+01 1.408E-02
3.0600E+01 1.688E-02
3.1600E+01 1.972E-02
3.2600E+01 2.264E-02
3.3600E+01 2.615E-02
3.4600E+01 2.783E-02
4.0000E+01 3.630E-02
4.5000E+01 4.323E-02
5.0000E+01 4.374E-02
5.5000E+01 4.482E-02
6.0000E+01 4.543E-02
6.5000E+01 4.237E-02
7.0000E+01 4.210E-02
7.5000E+01 3.922E-02
8.0000E+01 4.001E-02
8.5000E+01 3.549E-02
1.0000E+02 3.184E-02
1.1000E+02 2.957E-02
1.2000E+02 2.741E-02
1.3000E+02 2.412E-02
1.4000E+02 2.250E-02
1.5000E+02 2.177E-02
1.6000E+02 1.947E-02
1.7000E+02 1.652E-02
1.8000E+02 1.695E-02
1.9000E+02 1.599E-02
2.1000E+02 1.369E-02
2.3000E+02 1.178E-02
2.5000E+02 1.047E-02
2.7000E+02 9.499E-03
2.9000E+02 8.630E-03
3.1000E+02 7.787E-03
3.3000E+02 7.009E-03
3.5000E+02 6.334E-03
3.7000E+02 5.770E-03
3.9000E+02 5.304E-03
4.3000E+02 4.660E-03
4.7000E+02 4.193E-03
5.1000E+02 3.703E-03
