1.187E-03
1.389E-03
1.501E-03
1.652E-03
1.745E-03
1.957E-03
2.056E-03
2.165E-03
2.404E-03
2.471E-03
2.686E-03
2.714E-03
2.998E-03
3.025E-03
3.348E-03
3.438E-03
3.768E-03
3.929E-03
4.257E-03
4.530E-03
4.834E-03
5.294E-03
5.558E-03
6.239E-03
6.451E-03
7.464E-03
7.602E-03
8.242E-03
9.090E-03
9.171E-03
1.005E-02
1.025E-02
1.115E-02
1.156E-02
1.254E-02
1.325E-02
1.415E-02
1.523E-02
1.620E-02
1.782E-02
1.870E-02
2.091E-02
2.190E-02
2.519E-02
2.588E-02
3.111E-02
3.488E-02
3.945E-02
4.359E-02
4.487E-02
4.919E-02
5.076E-02
5.638E-02
5.664E-02
6.222E-02
6.399E-02
6.761E-02
7.031E-02
7.186E-02
7.397E-02
8.342E-02
8.970E-02
9.090E-02
1.057E-01
1.064E-01
1.076E-01
1.331E-01
1.348E-01
1.397E-01
1.402E-01
1.448E-01
1.468E-01
1.473E-01
1.497E-01
1.520E-01
1.833E-01
2.183E-01
2.680E-01
2.884E-01
3.071E-01
3.092E-01
3.262E-01
3.546E-01
3.608E-01
3.639E-01
3.780E-01
2.5600E+01 2.286E-03
2.6600E+01 4.768E-03
2.7600E+01 7.909E-03
2.8600E+01 1.123E-02
2.9600E+01 1.407E-02
3.0600E+01 1.735E-02
3.1600E+01 1.967E-02
3.2600E+01 2.268E-02
3.3600E+01 2.522E-02
3.4600E+01 2.740E-02
4.0000E+01 3.602E-02
4.5000E+01 4.242E-02
5.0000E+01 4.403E-02
5.5000E+01 4.351E-02
6.0000E+01 4.284E-02
6.5000E+01 4.208E-02
7.0000E+01 4.094E-02
7.5000E+01 4.063E-02
8.0000E+01 3.817E-02
8.5000E+01 3.612E-02
1.0000E+02 3.156E-02
1.1000E+02 2.843E-02
1.2000E+02 2.672E-02
1.3000E+02 2.323E-02
1.4000E+02 2.159E-02
1.5000E+02 1.931E-02
1.6000E+02 1.752E-02
1.7000E+02 1.648E-02
1.8000E+02 1.489E-02
1.9000E+02 1.368E-02
2.1000E+02 1.196E-02
2.3000E+02 1.035E-02
2.5000E+02 9.320E-03
2.7000E+02 8.276E-03
2.9000E+02 7.258E-03
3.1000E+02 6.505E-03
3.3000E+02 6.008E-03
3.5000E+02 5.527E-03
3.7000E+02 4.966E-03
3.9000E+02 4.444E-03
4.3000E+02 3.953E-03
4.7000E+02 3.390E-03
5.1000E+02 2.932E-03
