0.000E+00
0.000E+00
0.000E+00
0.000E+00
0.000E+00
0.000E+00
0.000E+00
0.000E+00
0.000E+00
0.000E+00
0.000E+00
0.000E+00
0.000E+00
0.000E+00
0.000E+00
0.000E+00
0.000E+00
0.000E+00
0.000E+00
0.000E+00
0.000E+00
0.000E+00
0.000E+00
0.000E+00
0.000E+00
0.000E+00
0.000E+00
0.000E+00
0.000E+00
0.000E+00
1.650E-05
2.083E-05
7.586E-04
8.814E-04
9.472E-04
1.120E-03
1.262E-03
1.314E-03
1.342E-03
1.394E-03
1.523E-03
1.525E-03
1.680E-03
1.719E-03
1.845E-03
1.873E-03
1.966E-03
1.971E-03
2.040E-03
2.199E-03
2.355E-03
2.375E-03
2.488E-03
2.633E-03
2.727E-03
2.855E-03
3.044E-03
3.214E-03
3.302E-03
3.428E-03
3.456E-03
3.530E-03
3.601E-03
3.678E-03
3.725E-03
4.065E-03
4.137E-03
4.281E-03
4.334E-03
4.511E-03
4.678E-03
4.753E-03
4.923E-03
4.927E-03
5.008E-03
5.041E-03
5.404E-03
5.755E-03
6.018E-03
6.085E-03
6.214E-03
6.749E-03
7.024E-03
7.139E-03
7.207E-03
7.351E-03
2.5600E+01 0.000E+00
2.6600E+01 0.000E+00
2.7600E+01 0.000E+00
2.8600E+01 0.000E+00
2.9600E+01 0.000E+00
3.0600E+01 0.000E+00
3.1600E+01 0.000E+00
3.2600E+01 0.000E+00
3.3600E+01 0.000E+00
3.4600E+01 0.000E+00
4.0000E+01 0.000E+00
4.5000E+01 0.000E+00
5.0000E+01 0.000E+00
5.5000E+01 0.000E+00
6.0000E+01 0.000E+00
6.5000E+01 2.693E-06
7.0000E+01 7.488E-05
7.5000E+01 1.137E-04
8.0000E+01 1.693E-04
8.5000E+01 2.256E-04
1.0000E+02 5.937E-04
1.1000E+02 8.624E-04
1.2000E+02 1.086E-03
1.3000E+02 1.503E-03
1.4000E+02 1.797E-03
1.5000E+02 1.811E-03
1.6000E+02 2.081E-03
1.7000E+02 2.259E-03
1.8000E+02 1.990E-03
1.9000E+02 1.831E-03
2.1000E+02 2.043E-03
2.3000E+02 1.850E-03
2.5000E+02 1.757E-03
2.7000E+02 1.672E-03
2.9000E+02 1.560E-03
3.1000E+02 1.466E-03
3.3000E+02 1.410E-03
3.5000E+02 1.342E-03
3.7000E+02 1.221E-03
3.9000E+02 1.073E-03
4.3000E+02 1.027E-03
4.7000E+02 9.032E-04
5.1000E+02 7.905E-04
