0.000E+00
0.000E+00
0.000E+00
0.000E+00
0.000E+00
0.000E+00
0.000E+00
0.000E+00
0.000E+00
0.000E+00
0.000E+00
0.000E+00
0.000E+00
0.000E+00
0.000E+00
0.000E+00
0.000E+00
0.000E+00
0.000E+00
0.000E+00
0.000E+00
0.000E+00
0.000E+00
0.000E+00
0.000E+00
0.000E+00
0.000E+00
0.000E+00
0.000E+00
0.000E+00
1.720E-05
2.457E-05
7.809E-04
9.039E-04
1.051E-03
1.101E-03
1.274E-03
1.320E-03
1.408E-03
1.468E-03
1.527E-03
1.556E-03
1.744E-03
1.784E-03
1.888E-03
1.933E-03
1.943E-03
1.947E-03
2.085E-03
2.186E-03
2.379E-03
2.413E-03
2.519E-03
2.550E-03
2.740E-03
2.986E-03
3.061E-03
3.089E-03
3.382E-03
3.438E-03
3.485E-03
3.530E-03
3.637E-03
3.824E-03
4.000E-03
4.100E-03
4.131E-03
4.224E-03
4.379E-03
4.415E-03
4.481E-03
4.771E-03
4.784E-03
5.132E-03
5.171E-03
5.175E-03
5.355E-03
5.829E-03
5.933E-03
6.001E-03
6.687E-03
6.801E-03
6.974E-03
7.136E-03
7.333E-03
7.441E-03
2.5600E+01 0.000E+00
2.6600E+01 0.000E+00
2.7600E+01 0.000E+00
2.8600E+01 0.000E+00
2.9600E+01 0.000E+00
3.0600E+01 0.000E+00
3.1600E+01 0.000E+00
3.2600E+01 0.000E+00
3.3600E+01 0.000E+00
3.4600E+01 0.000E+00
4.0000E+01 0.000E+00
4.5000E+01 0.000E+00
5.0000E+01 0.000E+00
5.5000E+01 0.000E+00
6.0000E+01 0.000E+00
6.5000E+01 1.768E-06
7.0000E+01 1.659E-05
7.5000E+01 4.285E-05
8.0000E+01 1.018E-04
8.5000E+01 1.566E-04
1.0000E+02 2.563E-04
1.1000E+02 4.260E-04
1.2000E+02 4.226E-04
1.3000E+02 4.968E-04
1.4000E+02 5.055E-04
1.5000E+02 5.763E-04
1.6000E+02 6.608E-04
1.7000E+02 6.025E-04
1.8000E+02 6.269E-04
1.9000E+02 6.976E-04
2.1000E+02 6.493E-04
2.3000E+02 7.078E-04
2.5000E+02 7.369E-04
2.7000E+02 6.991E-04
2.9000E+02 6.611E-04
3.1000E+02 6.564E-04
3.3000E+02 6.519E-04
3.5000E+02 6.005E-04
3.7000E+02 5.165E-04
3.9000E+02 4.539E-04
4.3000E+02 4.730E-04
4.7000E+02 4.091E-04
5.1000E+02 3.536E-04
