1.203E-03
1.404E-03
1.624E-03
1.664E-03
1.884E-03
2.008E-03
2.224E-03
2.225E-03
2.467E-03
2.668E-03
2.754E-03
2.935E-03
3.105E-03
3.232E-03
3.516E-03
3.623E-03
4.011E-03
4.058E-03
4.566E-03
4.618E-03
5.196E-03
5.379E-03
5.956E-03
6.355E-03
6.894E-03
7.642E-03
8.136E-03
8.480E-03
9.385E-03
9.794E-03
1.056E-02
1.081E-02
1.197E-02
1.202E-02
1.352E-02
1.366E-02
1.519E-02
1.574E-02
1.726E-02
1.838E-02
1.983E-02
2.172E-02
2.299E-02
2.612E-02
2.712E-02
3.246E-02
3.559E-02
3.979E-02
4.402E-02
4.474E-02
4.919E-02
5.107E-02
5.569E-02
5.709E-02
6.332E-02
6.430E-02
6.887E-02
7.247E-02
7.596E-02
7.920E-02
8.482E-02
9.113E-02
9.170E-02
1.070E-01
1.120E-01
1.171E-01
1.379E-01
1.400E-01
1.403E-01
1.463E-01
1.507E-01
1.509E-01
1.553E-01
1.558E-01
1.604E-01
1.860E-01
2.347E-01
2.707E-01
2.909E-01
3.119E-01
3.238E-01
3.334E-01
3.500E-01
3.630E-01
3.716E-01
3.764E-01
2.5600E+01 2.422E-03
2.6600E+01 4.955E-03
2.7600E+01 7.855E-03
2.8600E+01 1.085E-02
2.9600E+01 1.442E-02
3.0600E+01 1.688E-02
3.1600E+01 2.001E-02
3.2600E+01 2.264E-02
3.3600E+01 2.519E-02
3.4600E+01 2.739E-02
4.0000E+01 3.650E-02
4.5000E+01 4.084E-02
5.0000E+01 4.352E-02
5.5000E+01 4.365E-02
6.0000E+01 4.428E-02
6.5000E+01 4.268E-02
7.0000E+01 4.184E-02
7.5000E+01 4.010E-02
8.0000E+01 3.816E-02
8.5000E+01 3.665E-02
1.0000E+02 3.192E-02
1.1000E+02 2.908E-02
1.2000E+02 2.668E-02
1.3000E+02 2.401E-02
1.4000E+02 2.141E-02
1.5000E+02 1.964E-02
1.6000E+02 1.770E-02
1.7000E+02 1.617E-02
1.8000E+02 1.499E-02
1.9000E+02 1.371E-02
2.1000E+02 1.188E-02
2.3000E+02 1.058E-02
2.5000E+02 9.316E-03
2.7000E+02 8.228E-03
2.9000E+02 7.524E-03
3.1000E+02 6.675E-03
3.3000E+02 5.974E-03
3.5000E+02 5.592E-03
3.7000E+02 5.034E-03
3.9000E+02 4.581E-03
4.3000E+02 3.945E-03
4.7000E+02 3.430E-03
5.1000E+02 2.982E-03
