0.000E+00
0.000E+00
0.000E+00
0.000E+00
0.000E+00
0.000E+00
0.000E+00
0.000E+00
0.000E+00
0.000E+00
0.000E+00
0.000E+00
0.000E+00
0.000E+00
0.000E+00
0.000E+00
0.000E+00
0.000E+00
0.000E+00
0.000E+00
0.000E+00
0.000E+00
0.000E+00
0.000E+00
0.000E+00
0.000E+00
0.000E+00
0.000E+00
0.000E+00
0.000E+00
0.000E+00
0.000E+00
0.000E+00
0.000E+00
3.422E-06
7.230E-06
4.112E-05
5.569E-05
8.248E-05
9.687E-05
1.144E-04
1.151E-04
1.439E-04
1.519E-04
1.606E-04
1.677E-04
1.859E-04
1.887E-04
1.983E-04
2.047E-04
2.154E-04
2.171E-04
2.335E-04
2.594E-04
2.805E-04
2.895E-04
2.919E-04
3.387E-04
3.496E-04
3.689E-04
3.903E-04
4.150E-04
4.213E-04
4.277E-04
4.289E-04
4.324E-04
4.334E-04
4.498E-04
4.663E-04
4.704E-04
4.744E-04
4.757E-04
5.002E-04
5.127E-04
5.485E-04
6.131E-04
6.149E-04
6.191E-04
6.249E-04
6.552E-04
6.564E-04
6.665E-04
6.672E-04
6.811E-04
6.849E-04
6.934E-04
2.5600E+01 0.000E+00
2.6600E+01 0.000E+00
2.7600E+01 0.000E+00
2.8600E+01 0.000E+00
2.9600E+01 0.000E+00
3.0600E+01 0.000E+00
3.1600E+01 0.000E+00
3.2600E+01 0.000E+00
3.3600E+01 0.000E+00
3.4600E+01 0.000E+00
4.0000E+01 0.000E+00
4.5000E+01 0.000E+00
5.0000E+01 0.000E+00
5.5000E+01 0.000E+00
6.0000E+01 0.000E+00
6.5000E+01 0.000E+00
7.0000E+01 0.000E+00
7.5000E+01 5.888E-06
8.0000E+01 4.629E-05
8.5000E+01 5.424E-05
1.0000E+02 1.288E-04
1.1000E+02 1.077E-04
1.2000E+02 1.825E-04
1.3000E+02 3.038E-04
1.4000E+02 2.939E-04
1.5000E+02 4.067E-04
1.6000E+02 4.591E-04
1.7000E+02 5.958E-04
1.8000E+02 5.763E-04
1.9000E+02 5.692E-04
2.1000E+02 5.494E-04
2.3000E+02 5.238E-04
2.5000E+02 4.622E-04
2.7000E+02 3.635E-04
2.9000E+02 2.968E-04
3.1000E+02 2.992E-04
3.3000E+02 2.920E-04
3.5000E+02 2.215E-04
3.7000E+02 2.144E-04
3.9000E+02 2.068E-04
4.3000E+02 1.949E-04
4.7000E+02 1.785E-04
5.1000E+02 1.512E-04
