0.000E+00
0.000E+00
0.000E+00
0.000E+00
0.000E+00
0.000E+00
0.000E+00
0.000E+00
0.000E+00
0.000E+00
0.000E+00
0.000E+00
0.000E+00
0.000E+00
0.000E+00
0.000E+00
0.000E+00
0.000E+00
0.000E+00
0.000E+00
0.000E+00
0.000E+00
0.000E+00
0.000E+00
0.000E+00
0.000E+00
0.000E+00
0.000E+00
0.000E+00
0.000E+00
1.686E-05
2.179E-05
7.844E-04
8.819E-04
9.827E-04
1.133E-03
1.257E-03
1.339E-03
1.371E-03
1.483E-03
1.513E-03
1.516E-03
1.708E-03
1.733E-03
1.885E-03
1.978E-03
2.003E-03
2.015E-03
2.080E-03
2.155E-03
2.365E-03
2.390E-03
2.614E-03
2.631E-03
2.684E-03
2.921E-03
3.031E-03
3.105E-03
3.168E-03
3.459E-03
3.472E-03
3.588E-03
3.644E-03
3.658E-03
3.704E-03
3.994E-03
4.152E-03
4.284E-03
4.397E-03
4.553E-03
4.653E-03
4.835E-03
4.940E-03
4.999E-03
5.073E-03
5.120E-03
5.443E-03
5.515E-03
5.970E-03
6.160E-03
6.162E-03
6.717E-03
6.938E-03
7.085E-03
7.270E-03
7.426E-03
2.5600E+01 0.000E+00
2.6600E+01 0.000E+00
2.7600E+01 0.000E+00
2.8600E+01 0.000E+00
2.9600E+01 0.000E+00
3.0600E+01 0.000E+00
3.1600E+01 0.000E+00
3.2600E+01 0.000E+00
3.3600E+01 0.000E+00
3.4600E+01 0.000E+00
4.0000E+01 0.000E+00
4.5000E+01 0.000E+00
5.0000E+01 0.000E+00
5.5000E+01 0.000E+00
6.0000E+01 0.000E+00
6.5000E+01 5.476E-06
7.0000E+01 9.616E-05
7.5000E+01 1.294E-04
8.0000E+01 1.766E-04
8.5000E+01 2.167E-04
1.0000E+02 6.154E-04
1.1000E+02 8.558E-04
1.2000E+02 1.318E-03
1.3000E+02 1.392E-03
1.4000E+02 1.685E-03
1.5000E+02 1.800E-03
1.6000E+02 1.857E-03
1.7000E+02 1.955E-03
1.8000E+02 2.132E-03
1.9000E+02 2.142E-03
2.1000E+02 1.911E-03
2.3000E+02 1.736E-03
2.5000E+02 1.721E-03
2.7000E+02 1.591E-03
2.9000E+02 1.362E-03
3.1000E+02 1.294E-03
3.3000E+02 1.202E-03
3.5000E+02 1.107E-03
3.7000E+02 1.023E-03
3.9000E+02 9.376E-04
4.3000E+02 8.070E-04
4.7000E+02 7.074E-04
5.1000E+02 6.255E-04
