0.000E+00
0.000E+00
0.000E+00
0.000E+00
0.000E+00
0.000E+00
0.000E+00
0.000E+00
0.000E+00
0.000E+00
0.000E+00
0.000E+00
0.000E+00
0.000E+00
0.000E+00
0.000E+00
0.000E+00
0.000E+00
0.000E+00
0.000E+00
0.000E+00
0.000E+00
0.000E+00
0.000E+00
0.000E+00
0.000E+00
0.000E+00
0.000E+00
0.000E+00
0.000E+00
2.753E-05
6.491E-05
9.009E-04
9.982E-04
1.039E-03
1.217E-03
1.272E-03
1.333E-03
1.505E-03
1.568E-03
1.602E-03
1.777E-03
1.860E-03
1.970E-03
1.972E-03
2.016E-03
2.071E-03
2.149E-03
2.163E-03
2.289E-03
2.363E-03
2.593E-03
2.745E-03
3.029E-03
3.045E-03
3.190E-03
3.279E-03
3.280E-03
3.295E-03
3.386E-03
3.517E-03
3.638E-03
3.661E-03
3.668E-03
3.723E-03
3.990E-03
4.001E-03
4.138E-03
4.344E-03
4.399E-03
4.430E-03
4.606E-03
4.804E-03
4.992E-03
4.994E-03
5.011E-03
5.129E-03
5.364E-03
5.389E-03
5.662E-03
5.779E-03
6.162E-03
6.422E-03
6.514E-03
6.548E-03
6.580E-03
2.5600E+01 0.000E+00
2.6600E+01 0.000E+00
2.7600E+01 0.000E+00
2.8600E+01 0.000E+00
2.9600E+01 0.000E+00
3.0600E+01 0.000E+00
3.1600E+01 0.000E+00
3.2600E+01 0.000E+00
3.3600E+01 0.000E+00
3.4600E+01 0.000E+00
4.0000E+01 0.000E+00
4.5000E+01 0.000E+00
5.0000E+01 0.000E+00
5.5000E+01 0.000E+00
6.0000E+01 0.000E+00
6.5000E+01 5.650E-05
7.0000E+01 1.661E-04
7.5000E+01 2.277E-04
8.0000E+01 2.677E-04
8.5000E+01 2.243E-04
1.0000E+02 5.184E-04
1.1000E+02 6.912E-04
1.2000E+02 9.031E-04
1.3000E+02 1.042E-03
1.4000E+02 1.080E-03
1.5000E+02 1.213E-03
1.6000E+02 1.322E-03
1.7000E+02 1.389E-03
1.8000E+02 1.406E-03
1.9000E+02 1.369E-03
2.1000E+02 1.202E-03
2.3000E+02 1.016E-03
2.5000E+02 8.694E-04
2.7000E+02 7.783E-04
2.9000E+02 7.441E-04
3.1000E+02 7.332E-04
3.3000E+02 7.092E-04
3.5000E+02 6.714E-04
3.7000E+02 6.279E-04
3.9000E+02 5.442E-04
4.3000E+02 4.377E-04
4.7000E+02 3.798E-04
5.1000E+02 3.356E-04
