0.000E+00
0.000E+00
0.000E+00
0.000E+00
0.000E+00
0.000E+00
0.000E+00
0.000E+00
0.000E+00
0.000E+00
0.000E+00
0.000E+00
0.000E+00
0.000E+00
0.000E+00
0.000E+00
0.000E+00
0.000E+00
0.000E+00
0.000E+00
0.000E+00
0.000E+00
0.000E+00
0.000E+00
0.000E+00
0.000E+00
0.000E+00
0.000E+00
0.000E+00
0.000E+00
0.000E+00
0.000E+00
0.000E+00
0.000E+00
0.000E+00
0.000E+00
1.407E-05
1.544E-05
1.924E-05
2.067E-05
2.067E-05
2.177E-05
2.410E-05
2.863E-05
3.515E-05
3.726E-05
3.970E-05
4.146E-05
4.294E-05
4.832E-05
5.031E-05
6.027E-05
6.063E-05
7.050E-05
7.220E-05
7.690E-05
8.286E-05
8.309E-05
8.585E-05
8.598E-05
8.979E-05
9.016E-05
9.974E-05
1.007E-04
1.072E-04
1.178E-04
1.184E-04
1.185E-04
1.325E-04
1.345E-04
1.372E-04
1.397E-04
1.452E-04
1.588E-04
1.692E-04
1.784E-04
1.861E-04
2.229E-04
2.449E-04
2.506E-04
2.539E-04
2.648E-04
2.733E-04
2.785E-04
2.896E-04
3.073E-04
2.5600E+01 0.000E+00
2.6600E+01 0.000E+00
2.7600E+01 0.000E+00
2.8600E+01 0.000E+00
2.9600E+01 0.000E+00
3.0600E+01 0.000E+00
3.1600E+01 0.000E+00
3.2600E+01 0.000E+00
3.3600E+01 0.000E+00
3.4600E+01 0.000E+00
4.0000E+01 0.000E+00
4.5000E+01 0.000E+00
5.0000E+01 0.000E+00
5.5000E+01 0.000E+00
6.0000E+01 0.000E+00
6.5000E+01 0.000E+00
7.0000E+01 0.000E+00
7.5000E+01 0.000E+00
8.0000E+01 1.361E-06
8.5000E+01 8.516E-07
1.0000E+02 1.467E-05
1.1000E+02 3.070E-05
1.2000E+02 3.694E-05
1.3000E+02 3.018E-05
1.4000E+02 4.499E-05
1.5000E+02 5.496E-05
1.6000E+02 5.271E-05
1.7000E+02 5.036E-05
1.8000E+02 4.732E-05
1.9000E+02 4.532E-05
2.1000E+02 4.283E-05
2.3000E+02 3.933E-05
2.5000E+02 3.737E-05
2.7000E+02 3.844E-05
2.9000E+02 4.167E-05
3.1000E+02 4.217E-05
3.3000E+02 3.745E-05
3.5000E+02 3.062E-05
3.7000E+02 2.305E-05
3.9000E+02 1.689E-05
4.3000E+02 2.332E-05
4.7000E+02 2.065E-05
5.1000E+02 1.834E-05
