1.180E-03
1.363E-03
1.566E-03
1.622E-03
1.806E-03
1.915E-03
2.107E-03
2.135E-03
2.368E-03
2.546E-03
2.665E-03
2.846E-03
3.003E-03
3.174E-03
3.385E-03
3.532E-03
3.854E-03
3.937E-03
4.414E-03
4.421E-03
5.015E-03
5.181E-03
5.785E-03
6.163E-03
6.763E-03
7.454E-03
7.984E-03
8.258E-03
9.201E-03
9.560E-03
1.030E-02
1.056E-02
1.160E-02
1.175E-02
1.314E-02
1.333E-02
1.475E-02
1.538E-02
1.692E-02
1.807E-02
1.928E-02
2.087E-02
2.245E-02
2.582E-02
2.592E-02
3.174E-02
3.480E-02
3.912E-02
4.297E-02
4.409E-02
4.843E-02
4.923E-02
5.389E-02
5.495E-02
5.614E-02
6.131E-02
6.262E-02
6.616E-02
7.114E-02
7.385E-02
8.179E-02
8.619E-02
8.840E-02
9.994E-02
1.034E-01
1.091E-01
1.306E-01
1.336E-01
1.362E-01
1.367E-01
1.432E-01
1.443E-01
1.446E-01
1.459E-01
1.459E-01
1.628E-01
1.807E-01
2.606E-01
2.698E-01
2.722E-01
2.984E-01
3.112E-01
3.188E-01
3.290E-01
3.357E-01
3.517E-01
2.5600E+01 1.724E-03
2.6600E+01 4.240E-03
2.7600E+01 7.323E-03
2.8600E+01 1.048E-02
2.9600E+01 1.294E-02
3.0600E+01 1.582E-02
3.1600E+01 1.883E-02
3.2600E+01 2.242E-02
3.3600E+01 2.382E-02
3.4600E+01 2.715E-02
4.0000E+01 3.683E-02
4.5000E+01 4.033E-02
5.0000E+01 4.387E-02
5.5000E+01 4.473E-02
6.0000E+01 4.004E-02
6.5000E+01 4.383E-02
7.0000E+01 4.004E-02
7.5000E+01 4.027E-02
8.0000E+01 3.909E-02
8.5000E+01 3.585E-02
1.0000E+02 3.345E-02
1.1000E+02 2.571E-02
1.2000E+02 2.762E-02
1.3000E+02 2.469E-02
1.4000E+02 2.176E-02
1.5000E+02 1.959E-02
1.6000E+02 1.805E-02
1.7000E+02 1.691E-02
1.8000E+02 1.585E-02
1.9000E+02 1.474E-02
2.1000E+02 1.252E-02
2.3000E+02 1.075E-02
2.5000E+02 9.587E-03
2.7000E+02 8.931E-03
2.9000E+02 8.464E-03
3.1000E+02 7.785E-03
3.3000E+02 6.846E-03
3.5000E+02 5.832E-03
3.7000E+02 4.843E-03
3.9000E+02 4.389E-03
4.3000E+02 4.421E-03
4.7000E+02 3.868E-03
5.1000E+02 3.371E-03
