0.000E+00
0.000E+00
0.000E+00
0.000E+00
0.000E+00
0.000E+00
0.000E+00
0.000E+00
0.000E+00
0.000E+00
0.000E+00
0.000E+00
0.000E+00
0.000E+00
0.000E+00
0.000E+00
0.000E+00
0.000E+00
0.000E+00
0.000E+00
0.000E+00
0.000E+00
0.000E+00
0.000E+00
0.000E+00
0.000E+00
0.000E+00
0.000E+00
0.000E+00
0.000E+00
0.000E+00
0.000E+00
0.000E+00
0.000E+00
4.247E-05
1.096E-04
1.786E-04
2.124E-04
2.355E-04
2.683E-04
2.701E-04
2.757E-04
3.139E-04
3.471E-04
4.203E-04
4.336E-04
4.352E-04
4.629E-04
4.803E-04
4.909E-04
5.061E-04
5.138E-04
5.344E-04
5.612E-04
5.758E-04
5.977E-04
6.451E-04
6.928E-04
6.939E-04
7.843E-04
7.966E-04
8.401E-04
8.773E-04
9.148E-04
9.157E-04
9.352E-04
9.407E-04
9.430E-04
1.013E-03
1.068E-03
1.148E-03
1.150E-03
1.155E-03
1.180E-03
1.321E-03
1.351E-03
1.528E-03
1.625E-03
1.742E-03
1.781E-03
1.886E-03
1.993E-03
2.073E-03
2.097E-03
2.204E-03
2.363E-03
2.5600E+01 0.000E+00
2.6600E+01 0.000E+00
2.7600E+01 0.000E+00
2.8600E+01 0.000E+00
2.9600E+01 0.000E+00
3.0600E+01 0.000E+00
3.1600E+01 0.000E+00
3.2600E+01 0.000E+00
3.3600E+01 0.000E+00
3.4600E+01 0.000E+00
4.0000E+01 0.000E+00
4.5000E+01 0.000E+00
5.0000E+01 0.000E+00
5.5000E+01 0.000E+00
6.0000E+01 0.000E+00
6.5000E+01 0.000E+00
7.0000E+01 0.000E+00
7.5000E+01 7.731E-07
8.0000E+01 2.525E-06
8.5000E+01 4.246E-06
1.0000E+02 2.242E-05
1.1000E+02 3.929E-05
1.2000E+02 4.204E-05
1.3000E+02 4.841E-05
1.4000E+02 5.408E-05
1.5000E+02 5.908E-05
1.6000E+02 6.747E-05
1.7000E+02 6.377E-05
1.8000E+02 5.942E-05
1.9000E+02 5.653E-05
2.1000E+02 5.320E-05
2.3000E+02 5.043E-05
2.5000E+02 5.056E-05
2.7000E+02 5.489E-05
2.9000E+02 6.080E-05
3.1000E+02 6.075E-05
3.3000E+02 5.270E-05
3.5000E+02 4.158E-05
3.7000E+02 3.035E-05
3.9000E+02 2.380E-05
4.3000E+02 3.871E-05
4.7000E+02 3.526E-05
5.1000E+02 3.145E-05
