0.000E+00
0.000E+00
0.000E+00
0.000E+00
0.000E+00
0.000E+00
0.000E+00
0.000E+00
0.000E+00
0.000E+00
0.000E+00
0.000E+00
0.000E+00
0.000E+00
0.000E+00
0.000E+00
0.000E+00
0.000E+00
0.000E+00
0.000E+00
0.000E+00
0.000E+00
0.000E+00
0.000E+00
0.000E+00
0.000E+00
0.000E+00
0.000E+00
0.000E+00
0.000E+00
0.000E+00
0.000E+00
0.000E+00
0.000E+00
5.460E-08
2.844E-07
2.329E-05
3.233E-05
3.938E-05
4.160E-05
4.558E-05
4.616E-05
4.961E-05
6.119E-05
7.389E-05
8.510E-05
9.049E-05
9.256E-05
9.352E-05
1.022E-04
1.070E-04
1.212E-04
1.267E-04
1.370E-04
1.481E-04
1.494E-04
1.650E-04
1.685E-04
1.747E-04
1.813E-04
1.875E-04
1.998E-04
2.080E-04
2.390E-04
2.407E-04
2.453E-04
2.559E-04
2.609E-04
2.723E-04
2.901E-04
2.998E-04
3.028E-04
3.175E-04
3.211E-04
3.665E-04
4.274E-04
4.285E-04
4.605E-04
4.723E-04
4.730E-04
4.827E-04
4.918E-04
5.302E-04
5.821E-04
5.936E-04
6.357E-04
2.5600E+01 0.000E+00
2.6600E+01 0.000E+00
2.7600E+01 0.000E+00
2.8600E+01 0.000E+00
2.9600E+01 0.000E+00
3.0600E+01 0.000E+00
3.1600E+01 0.000E+00
3.2600E+01 0.000E+00
3.3600E+01 0.000E+00
3.4600E+01 0.000E+00
4.0000E+01 0.000E+00
4.5000E+01 0.000E+00
5.0000E+01 0.000E+00
5.5000E+01 0.000E+00
6.0000E+01 0.000E+00
6.5000E+01 0.000E+00
7.0000E+01 0.000E+00
7.5000E+01 1.134E-08
8.0000E+01 9.453E-07
8.5000E+01 2.161E-06
1.0000E+02 1.483E-05
1.1000E+02 3.358E-05
1.2000E+02 3.420E-05
1.3000E+02 3.778E-05
1.4000E+02 4.479E-05
1.5000E+02 5.761E-05
1.6000E+02 6.294E-05
1.7000E+02 5.956E-05
1.8000E+02 5.518E-05
1.9000E+02 5.219E-05
2.1000E+02 4.895E-05
2.3000E+02 4.568E-05
2.5000E+02 4.457E-05
2.7000E+02 4.708E-05
2.9000E+02 5.159E-05
3.1000E+02 5.175E-05
3.3000E+02 4.527E-05
3.5000E+02 3.601E-05
3.7000E+02 2.664E-05
3.9000E+02 1.953E-05
4.3000E+02 3.037E-05
4.7000E+02 2.726E-05
5.1000E+02 2.406E-05
