1.177E-03
1.374E-03
1.612E-03
1.629E-03
1.886E-03
1.927E-03
2.127E-03
2.218E-03
2.363E-03
2.641E-03
2.660E-03
2.940E-03
2.970E-03
3.263E-03
3.364E-03
3.639E-03
3.843E-03
4.081E-03
4.441E-03
4.611E-03
5.203E-03
5.256E-03
6.068E-03
6.178E-03
7.088E-03
7.514E-03
8.282E-03
8.357E-03
9.108E-03
1.014E-02
1.036E-02
1.111E-02
1.175E-02
1.221E-02
1.329E-02
1.386E-02
1.532E-02
1.557E-02
1.755E-02
1.805E-02
2.022E-02
2.126E-02
2.361E-02
2.561E-02
2.749E-02
3.296E-02
3.484E-02
3.944E-02
4.391E-02
4.481E-02
5.024E-02
5.041E-02
5.609E-02
5.622E-02
6.307E-02
6.441E-02
6.636E-02
6.759E-02
7.320E-02
7.413E-02
8.769E-02
9.054E-02
9.401E-02
1.028E-01
1.081E-01
1.094E-01
1.357E-01
1.358E-01
1.421E-01
1.432E-01
1.441E-01
1.441E-01
1.454E-01
1.476E-01
1.486E-01
1.894E-01
2.105E-01
2.740E-01
3.024E-01
3.036E-01
3.139E-01
3.294E-01
3.443E-01
3.646E-01
3.701E-01
3.723E-01
2.5600E+01 2.118E-03
2.6600E+01 4.492E-03
2.7600E+01 7.830E-03
2.8600E+01 1.046E-02
2.9600E+01 1.356E-02
3.0600E+01 1.630E-02
3.1600E+01 1.915E-02
3.2600E+01 2.212E-02
3.3600E+01 2.564E-02
3.4600E+01 2.727E-02
4.0000E+01 3.599E-02
4.5000E+01 4.305E-02
5.0000E+01 4.371E-02
5.5000E+01 4.487E-02
6.0000E+01 4.552E-02
6.5000E+01 4.246E-02
7.0000E+01 4.223E-02
7.5000E+01 3.934E-02
8.0000E+01 4.016E-02
8.5000E+01 3.563E-02
1.0000E+02 3.191E-02
1.1000E+02 2.964E-02
1.2000E+02 2.743E-02
1.3000E+02 2.408E-02
1.4000E+02 2.235E-02
1.5000E+02 2.150E-02
1.6000E+02 1.915E-02
1.7000E+02 1.609E-02
1.8000E+02 1.648E-02
1.9000E+02 1.545E-02
2.1000E+02 1.309E-02
2.3000E+02 1.113E-02
2.5000E+02 9.751E-03
2.7000E+02 8.727E-03
2.9000E+02 7.845E-03
3.1000E+02 7.031E-03
3.3000E+02 6.306E-03
3.5000E+02 5.691E-03
3.7000E+02 5.187E-03
3.9000E+02 4.790E-03
4.3000E+02 4.219E-03
4.7000E+02 3.801E-03
5.1000E+02 3.332E-03
