1.188E-03
1.384E-03
1.496E-03
1.663E-03
1.732E-03
1.963E-03
2.071E-03
2.166E-03
2.423E-03
2.465E-03
2.707E-03
2.734E-03
3.008E-03
3.089E-03
3.376E-03
3.483E-03
3.807E-03
3.950E-03
4.300E-03
4.561E-03
4.885E-03
5.284E-03
5.619E-03
6.248E-03
6.515E-03
7.450E-03
7.699E-03
8.239E-03
9.121E-03
9.169E-03
1.007E-02
1.022E-02
1.119E-02
1.155E-02
1.249E-02
1.309E-02
1.419E-02
1.511E-02
1.617E-02
1.757E-02
1.870E-02
2.093E-02
2.171E-02
2.516E-02
2.571E-02
3.120E-02
3.483E-02
3.933E-02
4.332E-02
4.431E-02
4.938E-02
5.054E-02
5.587E-02
5.649E-02
6.193E-02
6.408E-02
6.493E-02
6.808E-02
7.240E-02
7.328E-02
8.271E-02
8.795E-02
9.060E-02
1.006E-01
1.050E-01
1.075E-01
1.336E-01
1.357E-01
1.364E-01
1.399E-01
1.441E-01
1.444E-01
1.457E-01
1.488E-01
1.489E-01
1.838E-01
2.010E-01
2.709E-01
2.886E-01
2.896E-01
3.091E-01
3.240E-01
3.477E-01
3.631E-01
3.639E-01
3.705E-01
2.5600E+01 2.105E-03
2.6600E+01 4.507E-03
2.7600E+01 7.988E-03
2.8600E+01 1.099E-02
2.9600E+01 1.412E-02
3.0600E+01 1.701E-02
3.1600E+01 1.970E-02
3.2600E+01 2.290E-02
3.3600E+01 2.537E-02
3.4600E+01 2.799E-02
4.0000E+01 3.663E-02
4.5000E+01 4.111E-02
5.0000E+01 4.358E-02
5.5000E+01 4.415E-02
6.0000E+01 4.416E-02
6.5000E+01 4.352E-02
7.0000E+01 4.179E-02
7.5000E+01 3.928E-02
8.0000E+01 3.872E-02
8.5000E+01 3.678E-02
1.0000E+02 3.213E-02
1.1000E+02 2.945E-02
1.2000E+02 2.557E-02
1.3000E+02 2.414E-02
1.4000E+02 2.148E-02
1.5000E+02 2.006E-02
1.6000E+02 1.810E-02
1.7000E+02 1.654E-02
1.8000E+02 1.563E-02
1.9000E+02 1.431E-02
2.1000E+02 1.262E-02
2.3000E+02 1.084E-02
2.5000E+02 9.538E-03
2.7000E+02 8.706E-03
2.9000E+02 7.839E-03
3.1000E+02 6.968E-03
3.3000E+02 6.267E-03
3.5000E+02 5.770E-03
3.7000E+02 5.365E-03
3.9000E+02 4.933E-03
4.3000E+02 4.149E-03
4.7000E+02 3.695E-03
5.1000E+02 3.214E-03
