0.000E+00
0.000E+00
0.000E+00
0.000E+00
0.000E+00
0.000E+00
0.000E+00
0.000E+00
0.000E+00
0.000E+00
0.000E+00
0.000E+00
0.000E+00
0.000E+00
0.000E+00
0.000E+00
0.000E+00
0.000E+00
0.000E+00
0.000E+00
0.000E+00
0.000E+00
0.000E+00
0.000E+00
0.000E+00
0.000E+00
0.000E+00
0.000E+00
0.000E+00
0.000E+00
1.093E-05
1.666E-05
8.587E-04
9.500E-04
1.019E-03
1.143E-03
1.244E-03
1.373E-03
1.403E-03
1.523E-03
1.572E-03
1.676E-03
1.714E-03
1.807E-03
1.816E-03
1.872E-03
1.923E-03
1.939E-03
2.109E-03
2.110E-03
2.328E-03
2.438E-03
2.584E-03
2.813E-03
2.855E-03
2.899E-03
3.105E-03
3.264E-03
3.296E-03
3.339E-03
3.511E-03
3.519E-03
3.667E-03
3.734E-03
3.846E-03
3.867E-03
4.186E-03
4.276E-03
4.295E-03
4.438E-03
4.651E-03
4.746E-03
4.754E-03
4.967E-03
4.985E-03
5.071E-03
5.673E-03
5.675E-03
5.937E-03
5.942E-03
6.552E-03
6.642E-03
7.103E-03
7.162E-03
7.174E-03
7.190E-03
2.5600E+01 0.000E+00
2.6600E+01 0.000E+00
2.7600E+01 0.000E+00
2.8600E+01 0.000E+00
2.9600E+01 0.000E+00
3.0600E+01 0.000E+00
3.1600E+01 0.000E+00
3.2600E+01 0.000E+00
3.3600E+01 0.000E+00
3.4600E+01 0.000E+00
4.0000E+01 0.000E+00
4.5000E+01 0.000E+00
5.0000E+01 0.000E+00
5.5000E+01 0.000E+00
6.0000E+01 0.000E+00
6.5000E+01 9.709E-07
7.0000E+01 1.272E-05
7.5000E+01 3.322E-05
8.0000E+01 9.523E-05
8.5000E+01 1.377E-04
1.0000E+02 2.334E-04
1.1000E+02 3.640E-04
1.2000E+02 3.884E-04
1.3000E+02 4.350E-04
1.4000E+02 4.832E-04
1.5000E+02 4.546E-04
1.6000E+02 3.693E-04
1.7000E+02 4.205E-04
1.8000E+02 4.793E-04
1.9000E+02 4.650E-04
2.1000E+02 4.114E-04
2.3000E+02 4.180E-04
2.5000E+02 4.320E-04
2.7000E+02 4.415E-04
2.9000E+02 4.298E-04
3.1000E+02 3.979E-04
3.3000E+02 3.596E-04
3.5000E+02 3.232E-04
3.7000E+02 2.923E-04
3.9000E+02 2.674E-04
4.3000E+02 2.363E-04
4.7000E+02 2.219E-04
5.1000E+02 2.046E-04
