0.000E+00
0.000E+00
0.000E+00
0.000E+00
0.000E+00
0.000E+00
0.000E+00
0.000E+00
0.000E+00
0.000E+00
0.000E+00
0.000E+00
0.000E+00
0.000E+00
0.000E+00
0.000E+00
0.000E+00
0.000E+00
0.000E+00
0.000E+00
0.000E+00
0.000E+00
0.000E+00
0.000E+00
0.000E+00
0.000E+00
0.000E+00
0.000E+00
0.000E+00
0.000E+00
0.000E+00
0.000E+00
0.000E+00
0.000E+00
5.188E-05
1.202E-04
2.007E-04
2.100E-04
2.306E-04
2.665E-04
3.057E-04
3.190E-04
3.432E-04
3.779E-04
4.270E-04
4.285E-04
4.883E-04
4.909E-04
4.973E-04
5.377E-04
5.382E-04
5.513E-04
5.634E-04
6.192E-04
6.423E-04
6.879E-04
6.890E-04
7.466E-04
7.826E-04
8.241E-04
8.350E-04
9.262E-04
9.767E-04
1.000E-03
1.046E-03
1.061E-03
1.094E-03
1.119E-03
1.220E-03
1.290E-03
1.294E-03
1.312E-03
1.331E-03
1.349E-03
1.382E-03
1.539E-03
1.727E-03
1.821E-03
1.822E-03
2.045E-03
2.171E-03
2.260E-03
2.301E-03
2.344E-03
2.362E-03
2.444E-03
2.5600E+01 0.000E+00
2.6600E+01 0.000E+00
2.7600E+01 0.000E+00
2.8600E+01 0.000E+00
2.9600E+01 0.000E+00
3.0600E+01 0.000E+00
3.1600E+01 0.000E+00
3.2600E+01 0.000E+00
3.3600E+01 0.000E+00
3.4600E+01 0.000E+00
4.0000E+01 0.000E+00
4.5000E+01 0.000E+00
5.0000E+01 0.000E+00
5.5000E+01 0.000E+00
6.0000E+01 0.000E+00
6.5000E+01 0.000E+00
7.0000E+01 0.000E+00
7.5000E+01 1.852E-05
8.0000E+01 2.040E-05
8.5000E+01 3.136E-05
1.0000E+02 6.119E-05
1.1000E+02 1.337E-04
1.2000E+02 1.962E-04
1.3000E+02 2.314E-04
1.4000E+02 2.121E-04
1.5000E+02 2.608E-04
1.6000E+02 3.051E-04
1.7000E+02 3.207E-04
1.8000E+02 3.283E-04
1.9000E+02 3.589E-04
2.1000E+02 4.371E-04
2.3000E+02 3.887E-04
2.5000E+02 4.278E-04
2.7000E+02 3.643E-04
2.9000E+02 3.406E-04
3.1000E+02 3.086E-04
3.3000E+02 2.777E-04
3.5000E+02 2.512E-04
3.7000E+02 2.293E-04
3.9000E+02 2.218E-04
4.3000E+02 1.831E-04
4.7000E+02 1.598E-04
5.1000E+02 1.402E-04
