0.000E+00
0.000E+00
0.000E+00
0.000E+00
0.000E+00
0.000E+00
0.000E+00
0.000E+00
0.000E+00
0.000E+00
0.000E+00
0.000E+00
0.000E+00
0.000E+00
0.000E+00
0.000E+00
0.000E+00
0.000E+00
0.000E+00
0.000E+00
0.000E+00
0.000E+00
0.000E+00
0.000E+00
0.000E+00
0.000E+00
0.000E+00
0.000E+00
0.000E+00
0.000E+00
9.332E-06
1.008E-05
8.080E-04
9.408E-04
1.091E-03
1.232E-03
1.299E-03
1.312E-03
1.388E-03
1.512E-03
1.521E-03
1.685E-03
1.764E-03
1.807E-03
1.878E-03
1.983E-03
1.995E-03
2.015E-03
2.147E-03
2.188E-03
2.316E-03
2.438E-03
2.540E-03
2.548E-03
2.825E-03
3.008E-03
3.045E-03
3.127E-03
3.134E-03
3.231E-03
3.314E-03
3.324E-03
3.343E-03
3.643E-03
3.745E-03
3.774E-03
4.115E-03
4.188E-03
4.206E-03
4.288E-03
4.419E-03
4.448E-03
4.485E-03
4.586E-03
4.925E-03
5.123E-03
5.200E-03
5.409E-03
5.526E-03
5.564E-03
5.747E-03
6.081E-03
6.369E-03
6.480E-03
6.491E-03
6.619E-03
2.5600E+01 0.000E+00
2.6600E+01 0.000E+00
2.7600E+01 0.000E+00
2.8600E+01 0.000E+00
2.9600E+01 0.000E+00
3.0600E+01 0.000E+00
3.1600E+01 0.000E+00
3.2600E+01 0.000E+00
3.3600E+01 0.000E+00
3.4600E+01 0.000E+00
4.0000E+01 0.000E+00
4.5000E+01 0.000E+00
5.0000E+01 0.000E+00
5.5000E+01 0.000E+00
6.0000E+01 0.000E+00
6.5000E+01 8.268E-07
7.0000E+01 1.547E-05
7.5000E+01 5.317E-05
8.0000E+01 9.575E-05
8.5000E+01 1.210E-04
1.0000E+02 2.075E-04
1.1000E+02 2.742E-04
1.2000E+02 2.825E-04
1.3000E+02 3.576E-04
1.4000E+02 3.636E-04
1.5000E+02 4.281E-04
1.6000E+02 5.113E-04
1.7000E+02 4.788E-04
1.8000E+02 4.760E-04
1.9000E+02 5.135E-04
2.1000E+02 5.817E-04
2.3000E+02 5.071E-04
2.5000E+02 6.015E-04
2.7000E+02 4.739E-04
2.9000E+02 4.390E-04
3.1000E+02 3.951E-04
3.3000E+02 3.550E-04
3.5000E+02 3.216E-04
3.7000E+02 2.950E-04
3.9000E+02 2.805E-04
4.3000E+02 2.400E-04
4.7000E+02 2.108E-04
5.1000E+02 1.855E-04
