1.177E-03
1.368E-03
1.491E-03
1.613E-03
1.735E-03
1.938E-03
2.052E-03
2.139E-03
2.371E-03
2.466E-03
2.673E-03
2.719E-03
2.967E-03
3.006E-03
3.325E-03
3.366E-03
3.730E-03
3.853E-03
4.237E-03
4.450E-03
4.843E-03
5.202E-03
5.564E-03
6.186E-03
6.457E-03
7.436E-03
7.678E-03
8.267E-03
9.190E-03
9.247E-03
1.024E-02
1.032E-02
1.144E-02
1.157E-02
1.286E-02
1.333E-02
1.445E-02
1.532E-02
1.655E-02
1.792E-02
1.891E-02
2.122E-02
2.211E-02
2.555E-02
2.624E-02
3.180E-02
3.560E-02
3.992E-02
4.438E-02
4.550E-02
5.010E-02
5.158E-02
5.722E-02
5.757E-02
6.333E-02
6.515E-02
6.874E-02
7.318E-02
7.565E-02
8.475E-02
8.497E-02
9.071E-02
9.235E-02
1.085E-01
1.121E-01
1.151E-01
1.350E-01
1.396E-01
1.404E-01
1.448E-01
1.503E-01
1.510E-01
1.548E-01
1.569E-01
1.574E-01
1.932E-01
2.569E-01
2.786E-01
2.988E-01
3.220E-01
3.320E-01
3.452E-01
3.652E-01
3.655E-01
3.838E-01
3.880E-01
2.5600E+01 2.750E-03
2.6600E+01 5.138E-03
2.7600E+01 7.966E-03
2.8600E+01 1.140E-02
2.9600E+01 1.467E-02
3.0600E+01 1.783E-02
3.1600E+01 2.072E-02
3.2600E+01 2.332E-02
3.3600E+01 2.571E-02
3.4600E+01 2.808E-02
4.0000E+01 3.768E-02
4.5000E+01 4.169E-02
5.0000E+01 4.443E-02
5.5000E+01 4.332E-02
6.0000E+01 4.320E-02
6.5000E+01 4.212E-02
7.0000E+01 4.158E-02
7.5000E+01 4.065E-02
8.0000E+01 3.799E-02
8.5000E+01 3.757E-02
1.0000E+02 3.218E-02
1.1000E+02 2.944E-02
1.2000E+02 2.640E-02
1.3000E+02 2.415E-02
1.4000E+02 2.242E-02
1.5000E+02 1.929E-02
1.6000E+02 1.888E-02
1.7000E+02 1.708E-02
1.8000E+02 1.560E-02
1.9000E+02 1.457E-02
2.1000E+02 1.288E-02
2.3000E+02 1.109E-02
2.5000E+02 9.964E-03
2.7000E+02 9.216E-03
2.9000E+02 8.031E-03
3.1000E+02 6.846E-03
3.3000E+02 6.819E-03
3.5000E+02 6.221E-03
3.7000E+02 5.667E-03
3.9000E+02 5.172E-03
4.3000E+02 4.391E-03
4.7000E+02 3.829E-03
5.1000E+02 3.388E-03
