0.000E+00
0.000E+00
0.000E+00
0.000E+00
0.000E+00
0.000E+00
0.000E+00
0.000E+00
0.000E+00
0.000E+00
0.000E+00
0.000E+00
0.000E+00
0.000E+00
0.000E+00
0.000E+00
0.000E+00
0.000E+00
0.000E+00
0.000E+00
0.000E+00
0.000E+00
0.000E+00
0.000E+00
0.000E+00
0.000E+00
0.000E+00
0.000E+00
0.000E+00
0.000E+00
9.525E-06
1.868E-05
7.851E-04
8.709E-04
9.901E-04
1.171E-03
1.284E-03
1.346E-03
1.372E-03
1.399E-03
1.508E-03
1.632E-03
1.727E-03
1.817E-03
1.837E-03
1.880E-03
1.923E-03
2.050E-03
2.109E-03
2.250E-03
2.425E-03
2.440E-03
2.464E-03
2.591E-03
2.841E-03
2.942E-03
2.999E-03
3.192E-03
3.372E-03
3.387E-03
3.394E-03
3.398E-03
3.690E-03
3.695E-03
3.762E-03
3.868E-03
4.037E-03
4.249E-03
4.444E-03
4.449E-03
4.572E-03
4.671E-03
4.723E-03
4.940E-03
5.105E-03
5.249E-03
5.361E-03
5.773E-03
5.976E-03
5.995E-03
6.593E-03
6.629E-03
6.835E-03
7.127E-03
7.144E-03
7.207E-03
2.5600E+01 0.000E+00
2.6600E+01 0.000E+00
2.7600E+01 0.000E+00
2.8600E+01 0.000E+00
2.9600E+01 0.000E+00
3.0600E+01 0.000E+00
3.1600E+01 0.000E+00
3.2600E+01 0.000E+00
3.3600E+01 0.000E+00
3.4600E+01 0.000E+00
4.0000E+01 0.000E+00
4.5000E+01 0.000E+00
5.0000E+01 0.000E+00
5.5000E+01 0.000E+00
6.0000E+01 0.000E+00
6.5000E+01 9.913E-06
7.0000E+01 3.668E-05
7.5000E+01 9.681E-05
8.0000E+01 1.266E-04
8.5000E+01 1.751E-04
1.0000E+02 4.225E-04
1.1000E+02 5.919E-04
1.2000E+02 7.453E-04
1.3000E+02 1.017E-03
1.4000E+02 1.046E-03
1.5000E+02 1.245E-03
1.6000E+02 1.287E-03
1.7000E+02 1.257E-03
1.8000E+02 1.218E-03
1.9000E+02 1.335E-03
2.1000E+02 1.285E-03
2.3000E+02 1.124E-03
2.5000E+02 9.771E-04
2.7000E+02 9.154E-04
2.9000E+02 8.847E-04
3.1000E+02 8.243E-04
3.3000E+02 6.908E-04
3.5000E+02 6.432E-04
3.7000E+02 5.897E-04
3.9000E+02 5.432E-04
4.3000E+02 4.693E-04
4.7000E+02 4.131E-04
5.1000E+02 3.694E-04
