0.000E+00
0.000E+00
0.000E+00
0.000E+00
0.000E+00
0.000E+00
0.000E+00
0.000E+00
0.000E+00
0.000E+00
0.000E+00
0.000E+00
0.000E+00
0.000E+00
0.000E+00
0.000E+00
0.000E+00
0.000E+00
0.000E+00
0.000E+00
0.000E+00
0.000E+00
0.000E+00
0.000E+00
0.000E+00
0.000E+00
0.000E+00
0.000E+00
0.000E+00
0.000E+00
2.996E-05
7.627E-05
8.538E-04
9.679E-04
1.015E-03
1.127E-03
1.260E-03
1.343E-03
1.514E-03
1.550E-03
1.628E-03
1.752E-03
1.786E-03
1.880E-03
1.903E-03
1.944E-03
1.992E-03
1.994E-03
2.006E-03
2.174E-03
2.388E-03
2.519E-03
2.770E-03
2.939E-03
3.053E-03
3.181E-03
3.190E-03
3.288E-03
3.298E-03
3.516E-03
3.570E-03
3.748E-03
3.804E-03
3.812E-03
3.863E-03
4.087E-03
4.164E-03
4.376E-03
4.590E-03
4.637E-03
4.675E-03
4.716E-03
5.036E-03
5.130E-03
5.273E-03
5.329E-03
5.332E-03
5.700E-03
5.821E-03
6.102E-03
6.258E-03
6.698E-03
7.046E-03
7.257E-03
7.263E-03
7.379E-03
2.5600E+01 0.000E+00
2.6600E+01 0.000E+00
2.7600E+01 0.000E+00
2.8600E+01 0.000E+00
2.9600E+01 0.000E+00
3.0600E+01 0.000E+00
3.1600E+01 0.000E+00
3.2600E+01 0.000E+00
3.3600E+01 0.000E+00
3.4600E+01 0.000E+00
4.0000E+01 0.000E+00
4.5000E+01 0.000E+00
5.0000E+01 0.000E+00
5.5000E+01 0.000E+00
6.0000E+01 0.000E+00
6.5000E+01 5.984E-05
7.0000E+01 1.812E-04
7.5000E+01 2.485E-04
8.0000E+01 2.972E-04
8.5000E+01 2.708E-04
1.0000E+02 6.240E-04
1.1000E+02 8.320E-04
1.2000E+02 1.072E-03
1.3000E+02 1.230E-03
1.4000E+02 1.272E-03
1.5000E+02 1.443E-03
1.6000E+02 1.558E-03
1.7000E+02 1.629E-03
1.8000E+02 1.642E-03
1.9000E+02 1.594E-03
2.1000E+02 1.399E-03
2.3000E+02 1.187E-03
2.5000E+02 1.021E-03
2.7000E+02 9.240E-04
2.9000E+02 8.920E-04
3.1000E+02 8.784E-04
3.3000E+02 8.419E-04
3.5000E+02 7.874E-04
3.7000E+02 7.304E-04
3.9000E+02 6.341E-04
4.3000E+02 5.261E-04
4.7000E+02 4.566E-04
5.1000E+02 4.000E-04
