0.000E+00
0.000E+00
0.000E+00
0.000E+00
0.000E+00
0.000E+00
0.000E+00
0.000E+00
0.000E+00
0.000E+00
0.000E+00
0.000E+00
0.000E+00
0.000E+00
0.000E+00
0.000E+00
0.000E+00
0.000E+00
0.000E+00
0.000E+00
0.000E+00
0.000E+00
0.000E+00
0.000E+00
0.000E+00
0.000E+00
0.000E+00
0.000E+00
0.000E+00
0.000E+00
0.000E+00
0.000E+00
0.000E+00
0.000E+00
0.000E+00
0.000E+00
5.062E-06
9.892E-06
3.625E-05
4.029E-05
4.378E-05
5.476E-05
6.704E-05
6.921E-05
6.928E-05
7.551E-05
8.380E-05
1.018E-04
1.108E-04
1.211E-04
1.366E-04
1.431E-04
1.656E-04
1.668E-04
1.948E-04
2.054E-04
2.324E-04
2.414E-04
2.496E-04
2.566E-04
2.653E-04
2.755E-04
2.911E-04
3.164E-04
3.194E-04
3.244E-04
3.496E-04
3.652E-04
3.665E-04
3.796E-04
3.820E-04
3.869E-04
4.167E-04
4.173E-04
4.189E-04
4.548E-04
4.593E-04
5.007E-04
5.471E-04
5.636E-04
5.849E-04
6.026E-04
6.456E-04
6.635E-04
6.680E-04
6.831E-04
2.5600E+01 0.000E+00
2.6600E+01 0.000E+00
2.7600E+01 0.000E+00
2.8600E+01 0.000E+00
2.9600E+01 0.000E+00
3.0600E+01 0.000E+00
3.1600E+01 0.000E+00
3.2600E+01 0.000E+00
3.3600E+01 0.000E+00
3.4600E+01 0.000E+00
4.0000E+01 0.000E+00
4.5000E+01 0.000E+00
5.0000E+01 0.000E+00
5.5000E+01 0.000E+00
6.0000E+01 0.000E+00
6.5000E+01 0.000E+00
7.0000E+01 0.000E+00
7.5000E+01 0.000E+00
8.0000E+01 2.917E-06
8.5000E+01 2.077E-06
1.0000E+02 1.962E-05
1.1000E+02 2.962E-05
1.2000E+02 4.122E-05
1.3000E+02 5.371E-05
1.4000E+02 8.664E-05
1.5000E+02 1.001E-04
1.6000E+02 1.294E-04
1.7000E+02 1.313E-04
1.8000E+02 1.376E-04
1.9000E+02 1.435E-04
2.1000E+02 1.767E-04
2.3000E+02 1.742E-04
2.5000E+02 1.768E-04
2.7000E+02 1.933E-04
2.9000E+02 2.154E-04
3.1000E+02 1.981E-04
3.3000E+02 1.514E-04
3.5000E+02 1.450E-04
3.7000E+02 1.698E-04
3.9000E+02 1.619E-04
4.3000E+02 1.400E-04
4.7000E+02 1.182E-04
5.1000E+02 1.005E-04
