0.000E+00
0.000E+00
0.000E+00
0.000E+00
0.000E+00
0.000E+00
0.000E+00
0.000E+00
0.000E+00
0.000E+00
0.000E+00
0.000E+00
0.000E+00
0.000E+00
0.000E+00
0.000E+00
0.000E+00
0.000E+00
0.000E+00
0.000E+00
0.000E+00
0.000E+00
0.000E+00
0.000E+00
0.000E+00
0.000E+00
0.000E+00
0.000E+00
0.000E+00
0.000E+00
0.000E+00
0.000E+00
0.000E+00
0.000E+00
6.640E-05
1.298E-04
2.348E-04
2.789E-04
2.792E-04
3.068E-04
3.587E-04
4.012E-04
4.102E-04
4.597E-04
5.115E-04
5.530E-04
5.548E-04
5.923E-04
6.448E-04
6.502E-04
6.550E-04
7.184E-04
7.310E-04
8.209E-04
8.642E-04
9.207E-04
9.592E-04
1.002E-03
1.056E-03
1.106E-03
1.134E-03
1.179E-03
1.186E-03
1.239E-03
1.260E-03
1.274E-03
1.282E-03
1.348E-03
1.349E-03
1.354E-03
1.371E-03
1.434E-03
1.550E-03
1.684E-03
1.951E-03
2.158E-03
2.362E-03
2.401E-03
2.456E-03
2.690E-03
2.727E-03
2.733E-03
2.820E-03
2.835E-03
2.856E-03
2.958E-03
2.5600E+01 0.000E+00
2.6600E+01 0.000E+00
2.7600E+01 0.000E+00
2.8600E+01 0.000E+00
2.9600E+01 0.000E+00
3.0600E+01 0.000E+00
3.1600E+01 0.000E+00
3.2600E+01 0.000E+00
3.3600E+01 0.000E+00
3.4600E+01 0.000E+00
4.0000E+01 0.000E+00
4.5000E+01 0.000E+00
5.0000E+01 0.000E+00
5.5000E+01 0.000E+00
6.0000E+01 0.000E+00
6.5000E+01 0.000E+00
7.0000E+01 0.000E+00
7.5000E+01 5.305E-05
8.0000E+01 7.127E-05
8.5000E+01 6.791E-05
1.0000E+02 9.287E-05
1.1000E+02 1.306E-04
1.2000E+02 1.605E-04
1.3000E+02 2.369E-04
1.4000E+02 2.417E-04
1.5000E+02 2.944E-04
1.6000E+02 3.384E-04
1.7000E+02 4.209E-04
1.8000E+02 4.060E-04
1.9000E+02 4.304E-04
2.1000E+02 4.159E-04
2.3000E+02 4.384E-04
2.5000E+02 4.114E-04
2.7000E+02 3.663E-04
2.9000E+02 3.545E-04
3.1000E+02 3.357E-04
3.3000E+02 2.991E-04
3.5000E+02 2.854E-04
3.7000E+02 2.675E-04
3.9000E+02 2.503E-04
4.3000E+02 2.151E-04
4.7000E+02 1.898E-04
5.1000E+02 1.700E-04
