1.188E-03
1.393E-03
1.613E-03
1.642E-03
1.878E-03
1.982E-03
2.200E-03
2.220E-03
2.429E-03
2.654E-03
2.724E-03
2.924E-03
3.063E-03
3.218E-03
3.468E-03
3.611E-03
3.958E-03
4.037E-03
4.541E-03
4.572E-03
5.173E-03
5.331E-03
5.932E-03
6.291E-03
6.843E-03
7.551E-03
8.099E-03
8.356E-03
9.311E-03
9.721E-03
1.043E-02
1.075E-02
1.182E-02
1.196E-02
1.343E-02
1.345E-02
1.508E-02
1.549E-02
1.704E-02
1.810E-02
1.964E-02
2.141E-02
2.282E-02
2.583E-02
2.691E-02
3.220E-02
3.537E-02
3.968E-02
4.385E-02
4.471E-02
4.912E-02
5.092E-02
5.565E-02
5.710E-02
6.325E-02
6.376E-02
6.796E-02
7.241E-02
7.567E-02
7.822E-02
8.465E-02
9.015E-02
9.156E-02
1.064E-01
1.117E-01
1.171E-01
1.370E-01
1.400E-01
1.403E-01
1.448E-01
1.506E-01
1.512E-01
1.557E-01
1.563E-01
1.588E-01
1.863E-01
2.335E-01
2.720E-01
2.899E-01
3.144E-01
3.257E-01
3.365E-01
3.522E-01
3.599E-01
3.777E-01
3.778E-01
2.5600E+01 2.420E-03
2.6600E+01 5.012E-03
2.7600E+01 7.803E-03
2.8600E+01 1.107E-02
2.9600E+01 1.450E-02
3.0600E+01 1.716E-02
3.1600E+01 2.032E-02
3.2600E+01 2.290E-02
3.3600E+01 2.513E-02
3.4600E+01 2.769E-02
4.0000E+01 3.657E-02
4.5000E+01 4.181E-02
5.0000E+01 4.327E-02
5.5000E+01 4.327E-02
6.0000E+01 4.404E-02
6.5000E+01 4.275E-02
7.0000E+01 4.178E-02
7.5000E+01 4.019E-02
8.0000E+01 3.816E-02
8.5000E+01 3.653E-02
1.0000E+02 3.197E-02
1.1000E+02 2.918E-02
1.2000E+02 2.677E-02
1.3000E+02 2.415E-02
1.4000E+02 2.150E-02
1.5000E+02 1.991E-02
1.6000E+02 1.801E-02
1.7000E+02 1.651E-02
1.8000E+02 1.535E-02
1.9000E+02 1.404E-02
2.1000E+02 1.228E-02
2.3000E+02 1.089E-02
2.5000E+02 9.611E-03
2.7000E+02 8.444E-03
2.9000E+02 7.710E-03
3.1000E+02 6.866E-03
3.3000E+02 6.157E-03
3.5000E+02 5.724E-03
3.7000E+02 5.164E-03
3.9000E+02 4.703E-03
4.3000E+02 4.063E-03
4.7000E+02 3.534E-03
5.1000E+02 3.065E-03
