0.000E+00
0.000E+00
0.000E+00
0.000E+00
0.000E+00
0.000E+00
0.000E+00
0.000E+00
0.000E+00
0.000E+00
0.000E+00
0.000E+00
0.000E+00
0.000E+00
0.000E+00
0.000E+00
0.000E+00
0.000E+00
0.000E+00
0.000E+00
0.000E+00
0.000E+00
0.000E+00
0.000E+00
0.000E+00
0.000E+00
0.000E+00
0.000E+00
0.000E+00
0.000E+00
3.121E-05
5.429E-05
8.671E-04
9.950E-04
1.104E-03
1.271E-03
1.334E-03
1.383E-03
1.456E-03
1.537E-03
1.585E-03
1.726E-03
1.750E-03
1.857E-03
1.883E-03
2.004E-03
2.028E-03
2.078E-03
2.182E-03
2.206E-03
2.303E-03
2.535E-03
2.586E-03
2.778E-03
2.840E-03
2.971E-03
3.129E-03
3.293E-03
3.340E-03
3.461E-03
3.481E-03
3.560E-03
3.662E-03
3.725E-03
3.854E-03
4.124E-03
4.203E-03
4.259E-03
4.435E-03
4.521E-03
4.583E-03
4.654E-03
4.741E-03
4.889E-03
4.901E-03
4.992E-03
5.219E-03
5.439E-03
5.518E-03
5.782E-03
5.958E-03
6.391E-03
6.634E-03
6.725E-03
6.861E-03
6.894E-03
2.5600E+01 0.000E+00
2.6600E+01 0.000E+00
2.7600E+01 0.000E+00
2.8600E+01 0.000E+00
2.9600E+01 0.000E+00
3.0600E+01 0.000E+00
3.1600E+01 0.000E+00
3.2600E+01 0.000E+00
3.3600E+01 0.000E+00
3.4600E+01 0.000E+00
4.0000E+01 0.000E+00
4.5000E+01 0.000E+00
5.0000E+01 0.000E+00
5.5000E+01 0.000E+00
6.0000E+01 0.000E+00
6.5000E+01 6.502E-05
7.0000E+01 8.492E-05
7.5000E+01 1.951E-04
8.0000E+01 1.900E-04
8.5000E+01 1.494E-04
1.0000E+02 3.707E-04
1.1000E+02 5.847E-04
1.2000E+02 8.402E-04
1.3000E+02 1.026E-03
1.4000E+02 1.219E-03
1.5000E+02 1.430E-03
1.6000E+02 1.396E-03
1.7000E+02 1.439E-03
1.8000E+02 1.448E-03
1.9000E+02 1.285E-03
2.1000E+02 1.238E-03
2.3000E+02 1.075E-03
2.5000E+02 1.023E-03
2.7000E+02 9.966E-04
2.9000E+02 9.556E-04
3.1000E+02 8.722E-04
3.3000E+02 8.317E-04
3.5000E+02 8.406E-04
3.7000E+02 7.665E-04
3.9000E+02 7.153E-04
4.3000E+02 6.353E-04
4.7000E+02 5.703E-04
5.1000E+02 5.033E-04
