0.000E+00
0.000E+00
0.000E+00
0.000E+00
0.000E+00
0.000E+00
0.000E+00
0.000E+00
0.000E+00
0.000E+00
0.000E+00
0.000E+00
0.000E+00
0.000E+00
0.000E+00
0.000E+00
0.000E+00
0.000E+00
0.000E+00
0.000E+00
0.000E+00
0.000E+00
0.000E+00
0.000E+00
0.000E+00
0.000E+00
0.000E+00
0.000E+00
0.000E+00
0.000E+00
0.000E+00
0.000E+00
0.000E+00
0.000E+00
9.721E-09
7.506E-08
1.380E-05
3.011E-05
3.061E-05
3.456E-05
3.792E-05
4.374E-05
4.867E-05
5.535E-05
6.334E-05
6.376E-05
7.363E-05
8.141E-05
8.763E-05
9.546E-05
9.764E-05
1.118E-04
1.133E-04
1.214E-04
1.244E-04
1.402E-04
1.432E-04
1.433E-04
1.437E-04
1.445E-04
1.537E-04
1.600E-04
1.647E-04
1.692E-04
1.709E-04
1.715E-04
1.790E-04
1.804E-04
1.943E-04
2.039E-04
2.292E-04
2.527E-04
2.571E-04
2.687E-04
2.850E-04
3.058E-04
3.167E-04
3.200E-04
3.588E-04
3.593E-04
3.768E-04
3.911E-04
3.913E-04
3.952E-04
4.158E-04
4.340E-04
2.5600E+01 0.000E+00
2.6600E+01 0.000E+00
2.7600E+01 0.000E+00
2.8600E+01 0.000E+00
2.9600E+01 0.000E+00
3.0600E+01 0.000E+00
3.1600E+01 0.000E+00
3.2600E+01 0.000E+00
3.3600E+01 0.000E+00
3.4600E+01 0.000E+00
4.0000E+01 0.000E+00
4.5000E+01 0.000E+00
5.0000E+01 0.000E+00
5.5000E+01 0.000E+00
6.0000E+01 0.000E+00
6.5000E+01 0.000E+00
7.0000E+01 0.000E+00
7.5000E+01 5.525E-08
8.0000E+01 1.374E-06
8.5000E+01 2.333E-06
1.0000E+02 4.234E-05
1.1000E+02 6.391E-05
1.2000E+02 7.688E-05
1.3000E+02 1.054E-04
1.4000E+02 1.540E-04
1.5000E+02 1.842E-04
1.6000E+02 1.894E-04
1.7000E+02 2.368E-04
1.8000E+02 2.460E-04
1.9000E+02 2.659E-04
2.1000E+02 2.734E-04
2.3000E+02 2.872E-04
2.5000E+02 3.074E-04
2.7000E+02 3.252E-04
2.9000E+02 3.266E-04
3.1000E+02 3.107E-04
3.3000E+02 2.863E-04
3.5000E+02 2.602E-04
3.7000E+02 2.354E-04
3.9000E+02 2.134E-04
4.3000E+02 1.795E-04
4.7000E+02 1.600E-04
5.1000E+02 1.498E-04
