1.209E-03
1.407E-03
1.649E-03
1.660E-03
1.901E-03
1.990E-03
2.195E-03
2.244E-03
2.437E-03
2.682E-03
2.724E-03
2.955E-03
3.087E-03
3.276E-03
3.478E-03
3.654E-03
3.992E-03
4.099E-03
4.588E-03
4.619E-03
5.280E-03
5.371E-03
6.096E-03
6.382E-03
7.060E-03
7.666E-03
8.341E-03
8.510E-03
9.534E-03
9.980E-03
1.066E-02
1.105E-02
1.206E-02
1.233E-02
1.370E-02
1.371E-02
1.551E-02
1.592E-02
1.755E-02
1.851E-02
2.017E-02
2.205E-02
2.342E-02
2.630E-02
2.763E-02
3.274E-02
3.578E-02
4.038E-02
4.431E-02
4.523E-02
4.999E-02
5.147E-02
5.628E-02
5.827E-02
6.410E-02
6.523E-02
6.918E-02
7.316E-02
7.725E-02
7.915E-02
8.539E-02
9.132E-02
9.273E-02
1.085E-01
1.139E-01
1.254E-01
1.397E-01
1.422E-01
1.435E-01
1.492E-01
1.571E-01
1.576E-01
1.595E-01
1.602E-01
1.628E-01
1.892E-01
2.334E-01
2.708E-01
2.947E-01
3.221E-01
3.411E-01
3.442E-01
3.625E-01
3.661E-01
3.705E-01
3.829E-01
2.5600E+01 2.443E-03
2.6600E+01 5.294E-03
2.7600E+01 8.011E-03
2.8600E+01 1.122E-02
2.9600E+01 1.403E-02
3.0600E+01 1.752E-02
3.1600E+01 2.049E-02
3.2600E+01 2.360E-02
3.3600E+01 2.550E-02
3.4600E+01 2.729E-02
4.0000E+01 3.671E-02
4.5000E+01 4.121E-02
5.0000E+01 4.363E-02
5.5000E+01 4.466E-02
6.0000E+01 4.299E-02
6.5000E+01 4.333E-02
7.0000E+01 4.219E-02
7.5000E+01 3.991E-02
8.0000E+01 3.984E-02
8.5000E+01 3.641E-02
1.0000E+02 3.172E-02
1.1000E+02 3.033E-02
1.2000E+02 2.649E-02
1.3000E+02 2.517E-02
1.4000E+02 2.218E-02
1.5000E+02 2.023E-02
1.6000E+02 1.897E-02
1.7000E+02 1.746E-02
1.8000E+02 1.579E-02
1.9000E+02 1.434E-02
2.1000E+02 1.266E-02
2.3000E+02 1.103E-02
2.5000E+02 9.498E-03
2.7000E+02 8.728E-03
2.9000E+02 7.767E-03
3.1000E+02 6.928E-03
3.3000E+02 6.251E-03
3.5000E+02 5.715E-03
3.7000E+02 5.283E-03
3.9000E+02 4.916E-03
4.3000E+02 4.253E-03
4.7000E+02 3.663E-03
5.1000E+02 3.205E-03
