1.167E-03
1.360E-03
1.465E-03
1.609E-03
1.710E-03
1.930E-03
2.021E-03
2.150E-03
2.350E-03
2.420E-03
2.639E-03
2.659E-03
2.949E-03
2.971E-03
3.290E-03
3.364E-03
3.697E-03
3.846E-03
4.187E-03
4.447E-03
4.771E-03
5.202E-03
5.486E-03
6.147E-03
6.419E-03
7.438E-03
7.592E-03
8.211E-03
9.096E-03
9.201E-03
1.016E-02
1.023E-02
1.129E-02
1.162E-02
1.270E-02
1.312E-02
1.436E-02
1.520E-02
1.630E-02
1.775E-02
1.885E-02
2.107E-02
2.195E-02
2.538E-02
2.626E-02
3.154E-02
3.523E-02
3.959E-02
4.402E-02
4.540E-02
4.949E-02
5.114E-02
5.673E-02
5.714E-02
6.297E-02
6.473E-02
6.789E-02
7.169E-02
7.267E-02
7.500E-02
8.448E-02
9.007E-02
9.158E-02
1.076E-01
1.101E-01
1.109E-01
1.378E-01
1.391E-01
1.398E-01
1.442E-01
1.499E-01
1.519E-01
1.519E-01
1.519E-01
1.557E-01
1.881E-01
2.223E-01
2.772E-01
2.974E-01
3.202E-01
3.223E-01
3.376E-01
3.526E-01
3.751E-01
3.797E-01
3.907E-01
2.5600E+01 2.327E-03
2.6600E+01 4.960E-03
2.7600E+01 8.185E-03
2.8600E+01 1.154E-02
2.9600E+01 1.466E-02
3.0600E+01 1.712E-02
3.1600E+01 2.040E-02
3.2600E+01 2.353E-02
3.3600E+01 2.586E-02
3.4600E+01 2.841E-02
4.0000E+01 3.704E-02
4.5000E+01 4.180E-02
5.0000E+01 4.442E-02
5.5000E+01 4.364E-02
6.0000E+01 4.305E-02
6.5000E+01 4.220E-02
7.0000E+01 4.168E-02
7.5000E+01 4.157E-02
8.0000E+01 3.812E-02
8.5000E+01 3.727E-02
1.0000E+02 3.152E-02
1.1000E+02 2.956E-02
1.2000E+02 2.667E-02
1.3000E+02 2.468E-02
1.4000E+02 2.197E-02
1.5000E+02 2.095E-02
1.6000E+02 1.888E-02
1.7000E+02 1.685E-02
1.8000E+02 1.647E-02
1.9000E+02 1.502E-02
2.1000E+02 1.290E-02
2.3000E+02 1.157E-02
2.5000E+02 1.014E-02
2.7000E+02 8.959E-03
2.9000E+02 8.258E-03
3.1000E+02 7.610E-03
3.3000E+02 6.726E-03
3.5000E+02 5.872E-03
3.7000E+02 5.784E-03
3.9000E+02 5.331E-03
4.3000E+02 4.525E-03
4.7000E+02 3.883E-03
5.1000E+02 3.399E-03
