0.000E+00
0.000E+00
0.000E+00
0.000E+00
0.000E+00
0.000E+00
0.000E+00
0.000E+00
0.000E+00
0.000E+00
0.000E+00
0.000E+00
0.000E+00
0.000E+00
0.000E+00
0.000E+00
0.000E+00
0.000E+00
0.000E+00
0.000E+00
0.000E+00
0.000E+00
0.000E+00
0.000E+00
0.000E+00
0.000E+00
0.000E+00
0.000E+00
0.000E+00
0.000E+00
1.906E-05
2.511E-05
7.864E-04
8.961E-04
1.048E-03
1.193E-03
1.250E-03
1.323E-03
1.383E-03
1.513E-03
1.552E-03
1.636E-03
1.738E-03
1.774E-03
1.886E-03
1.974E-03
1.976E-03
2.069E-03
2.122E-03
2.200E-03
2.358E-03
2.361E-03
2.648E-03
2.725E-03
2.831E-03
3.012E-03
3.041E-03
3.168E-03
3.211E-03
3.427E-03
3.591E-03
3.600E-03
3.670E-03
3.789E-03
3.852E-03
4.036E-03
4.101E-03
4.258E-03
4.464E-03
4.525E-03
4.562E-03
4.770E-03
4.944E-03
4.978E-03
5.064E-03
5.244E-03
5.539E-03
5.761E-03
6.012E-03
6.198E-03
6.366E-03
7.008E-03
7.115E-03
7.132E-03
7.207E-03
7.350E-03
2.5600E+01 0.000E+00
2.6600E+01 0.000E+00
2.7600E+01 0.000E+00
2.8600E+01 0.000E+00
2.9600E+01 0.000E+00
3.0600E+01 0.000E+00
3.1600E+01 0.000E+00
3.2600E+01 0.000E+00
3.3600E+01 0.000E+00
3.4600E+01 0.000E+00
4.0000E+01 0.000E+00
4.5000E+01 0.000E+00
5.0000E+01 0.000E+00
5.5000E+01 0.000E+00
6.0000E+01 0.000E+00
6.5000E+01 7.454E-07
7.0000E+01 9.867E-06
7.5000E+01 4.475E-05
8.0000E+01 1.053E-04
8.5000E+01 1.705E-04
1.0000E+02 3.520E-04
1.1000E+02 4.108E-04
1.2000E+02 5.334E-04
1.3000E+02 6.046E-04
1.4000E+02 7.752E-04
1.5000E+02 8.391E-04
1.6000E+02 7.990E-04
1.7000E+02 9.893E-04
1.8000E+02 9.780E-04
1.9000E+02 9.154E-04
2.1000E+02 9.507E-04
2.3000E+02 9.521E-04
2.5000E+02 8.640E-04
2.7000E+02 7.597E-04
2.9000E+02 6.865E-04
3.1000E+02 6.536E-04
3.3000E+02 6.180E-04
3.5000E+02 5.725E-04
3.7000E+02 5.106E-04
3.9000E+02 4.806E-04
4.3000E+02 4.032E-04
4.7000E+02 3.474E-04
5.1000E+02 3.056E-04
