0.000E+00
0.000E+00
0.000E+00
0.000E+00
0.000E+00
0.000E+00
0.000E+00
0.000E+00
0.000E+00
0.000E+00
0.000E+00
0.000E+00
0.000E+00
0.000E+00
0.000E+00
0.000E+00
0.000E+00
0.000E+00
0.000E+00
0.000E+00
0.000E+00
0.000E+00
0.000E+00
0.000E+00
0.000E+00
0.000E+00
0.000E+00
0.000E+00
0.000E+00
0.000E+00
1.280E-05
1.901E-05
7.734E-04
9.048E-04
9.234E-04
1.155E-03
1.215E-03
1.268E-03
1.332E-03
1.374E-03
1.516E-03
1.546E-03
1.622E-03
1.635E-03
1.764E-03
1.764E-03
1.858E-03
2.012E-03
2.025E-03
2.129E-03
2.148E-03
2.259E-03
2.450E-03
2.537E-03
2.711E-03
2.917E-03
2.956E-03
3.129E-03
3.214E-03
3.244E-03
3.521E-03
3.620E-03
3.645E-03
3.745E-03
3.816E-03
3.856E-03
3.886E-03
4.128E-03
4.291E-03
4.430E-03
4.590E-03
4.784E-03
4.885E-03
4.948E-03
5.073E-03
5.084E-03
5.441E-03
5.648E-03
5.910E-03
6.162E-03
6.460E-03
6.653E-03
6.912E-03
7.107E-03
7.256E-03
7.380E-03
2.5600E+01 0.000E+00
2.6600E+01 0.000E+00
2.7600E+01 0.000E+00
2.8600E+01 0.000E+00
2.9600E+01 0.000E+00
3.0600E+01 0.000E+00
3.1600E+01 0.000E+00
3.2600E+01 0.000E+00
3.3600E+01 0.000E+00
3.4600E+01 0.000E+00
4.0000E+01 0.000E+00
4.5000E+01 0.000E+00
5.0000E+01 0.000E+00
5.5000E+01 0.000E+00
6.0000E+01 0.000E+00
6.5000E+01 9.081E-07
7.0000E+01 5.981E-05
7.5000E+01 9.497E-05
8.0000E+01 1.393E-04
8.5000E+01 1.966E-04
1.0000E+02 4.494E-04
1.1000E+02 6.582E-04
1.2000E+02 9.042E-04
1.3000E+02 1.083E-03
1.4000E+02 1.347E-03
1.5000E+02 1.493E-03
1.6000E+02 1.486E-03
1.7000E+02 1.597E-03
1.8000E+02 1.761E-03
1.9000E+02 1.637E-03
2.1000E+02 1.699E-03
2.3000E+02 1.457E-03
2.5000E+02 1.338E-03
2.7000E+02 1.226E-03
2.9000E+02 1.127E-03
3.1000E+02 1.039E-03
3.3000E+02 9.880E-04
3.5000E+02 9.721E-04
3.7000E+02 9.301E-04
3.9000E+02 8.271E-04
4.3000E+02 5.593E-04
4.7000E+02 6.213E-04
5.1000E+02 5.420E-04
