0.000E+00
0.000E+00
0.000E+00
0.000E+00
0.000E+00
0.000E+00
0.000E+00
0.000E+00
0.000E+00
0.000E+00
0.000E+00
0.000E+00
0.000E+00
0.000E+00
0.000E+00
0.000E+00
0.000E+00
0.000E+00
0.000E+00
0.000E+00
0.000E+00
0.000E+00
0.000E+00
0.000E+00
0.000E+00
0.000E+00
0.000E+00
0.000E+00
0.000E+00
0.000E+00
0.000E+00
0.000E+00
0.000E+00
0.000E+00
0.000E+00
0.000E+00
1.637E-06
1.762E-06
1.056E-05
1.337E-05
1.568E-05
1.854E-05
2.071E-05
2.255E-05
2.336E-05
2.729E-05
3.170E-05
3.536E-05
3.742E-05
3.962E-05
4.103E-05
4.509E-05
4.753E-05
5.509E-05
5.605E-05
6.030E-05
6.867E-05
7.074E-05
7.795E-05
8.201E-05
8.237E-05
9.143E-05
9.205E-05
9.387E-05
1.040E-04
1.049E-04
1.051E-04
1.107E-04
1.156E-04
1.163E-04
1.286E-04
1.289E-04
1.304E-04
1.363E-04
1.502E-04
1.780E-04
1.898E-04
1.991E-04
2.085E-04
2.156E-04
2.235E-04
2.425E-04
2.487E-04
2.498E-04
2.528E-04
2.731E-04
2.5600E+01 0.000E+00
2.6600E+01 0.000E+00
2.7600E+01 0.000E+00
2.8600E+01 0.000E+00
2.9600E+01 0.000E+00
3.0600E+01 0.000E+00
3.1600E+01 0.000E+00
3.2600E+01 0.000E+00
3.3600E+01 0.000E+00
3.4600E+01 0.000E+00
4.0000E+01 0.000E+00
4.5000E+01 0.000E+00
5.0000E+01 0.000E+00
5.5000E+01 0.000E+00
6.0000E+01 0.000E+00
6.5000E+01 0.000E+00
7.0000E+01 0.000E+00
7.5000E+01 0.000E+00
8.0000E+01 4.414E-07
8.5000E+01 4.773E-07
1.0000E+02 5.683E-06
1.1000E+02 1.742E-05
1.2000E+02 1.771E-05
1.3000E+02 1.544E-05
1.4000E+02 2.356E-05
1.5000E+02 3.148E-05
1.6000E+02 2.976E-05
1.7000E+02 2.830E-05
1.8000E+02 2.646E-05
1.9000E+02 2.540E-05
2.1000E+02 2.432E-05
2.3000E+02 2.243E-05
2.5000E+02 2.148E-05
2.7000E+02 2.232E-05
2.9000E+02 2.461E-05
3.1000E+02 2.483E-05
3.3000E+02 2.199E-05
3.5000E+02 1.785E-05
3.7000E+02 1.336E-05
3.9000E+02 9.573E-06
4.3000E+02 1.393E-05
4.7000E+02 1.227E-05
5.1000E+02 1.095E-05
