0.000E+00
0.000E+00
0.000E+00
0.000E+00
0.000E+00
0.000E+00
0.000E+00
0.000E+00
0.000E+00
0.000E+00
0.000E+00
0.000E+00
0.000E+00
0.000E+00
0.000E+00
0.000E+00
0.000E+00
0.000E+00
0.000E+00
0.000E+00
0.000E+00
0.000E+00
0.000E+00
0.000E+00
0.000E+00
0.000E+00
0.000E+00
0.000E+00
0.000E+00
0.000E+00
1.226E-05
1.404E-05
8.288E-04
9.689E-04
1.124E-03
1.279E-03
1.317E-03
1.341E-03
1.432E-03
1.528E-03
1.562E-03
1.741E-03
1.771E-03
1.820E-03
1.933E-03
1.987E-03
2.023E-03
2.159E-03
2.203E-03
2.319E-03
2.331E-03
2.513E-03
2.558E-03
2.642E-03
2.847E-03
3.106E-03
3.144E-03
3.155E-03
3.240E-03
3.328E-03
3.462E-03
3.572E-03
3.617E-03
3.620E-03
3.813E-03
3.821E-03
4.162E-03
4.214E-03
4.306E-03
4.427E-03
4.461E-03
4.510E-03
4.535E-03
4.749E-03
4.973E-03
5.200E-03
5.278E-03
5.507E-03
5.571E-03
5.892E-03
6.051E-03
6.158E-03
6.589E-03
6.592E-03
6.641E-03
6.784E-03
2.5600E+01 0.000E+00
2.6600E+01 0.000E+00
2.7600E+01 0.000E+00
2.8600E+01 0.000E+00
2.9600E+01 0.000E+00
3.0600E+01 0.000E+00
3.1600E+01 0.000E+00
3.2600E+01 0.000E+00
3.3600E+01 0.000E+00
3.4600E+01 0.000E+00
4.0000E+01 0.000E+00
4.5000E+01 0.000E+00
5.0000E+01 0.000E+00
5.5000E+01 0.000E+00
6.0000E+01 0.000E+00
6.5000E+01 1.350E-06
7.0000E+01 2.309E-05
7.5000E+01 4.373E-05
8.0000E+01 9.593E-05
8.5000E+01 1.198E-04
1.0000E+02 2.216E-04
1.1000E+02 3.683E-04
1.2000E+02 3.553E-04
1.3000E+02 3.650E-04
1.4000E+02 3.977E-04
1.5000E+02 4.738E-04
1.6000E+02 5.493E-04
1.7000E+02 5.152E-04
1.8000E+02 5.133E-04
1.9000E+02 5.587E-04
2.1000E+02 6.291E-04
2.3000E+02 5.509E-04
2.5000E+02 4.763E-04
2.7000E+02 5.166E-04
2.9000E+02 4.745E-04
3.1000E+02 4.269E-04
3.3000E+02 3.834E-04
3.5000E+02 3.468E-04
3.7000E+02 3.166E-04
3.9000E+02 2.945E-04
4.3000E+02 2.570E-04
4.7000E+02 2.270E-04
5.1000E+02 1.989E-04
