0.000E+00
0.000E+00
0.000E+00
0.000E+00
0.000E+00
0.000E+00
0.000E+00
0.000E+00
0.000E+00
0.000E+00
0.000E+00
0.000E+00
0.000E+00
0.000E+00
0.000E+00
0.000E+00
0.000E+00
0.000E+00
0.000E+00
0.000E+00
0.000E+00
0.000E+00
0.000E+00
0.000E+00
0.000E+00
0.000E+00
0.000E+00
0.000E+00
0.000E+00
0.000E+00
0.000E+00
0.000E+00
0.000E+00
0.000E+00
6.084E-05
1.091E-04
2.376E-04
2.657E-04
2.738E-04
3.181E-04
3.609E-04
3.830E-04
4.134E-04
4.578E-04
5.196E-04
5.540E-04
5.738E-04
5.935E-04
6.370E-04
6.391E-04
6.428E-04
6.796E-04
7.365E-04
7.556E-04
8.380E-04
8.459E-04
9.052E-04
9.639E-04
9.852E-04
1.008E-03
1.093E-03
1.160E-03
1.232E-03
1.234E-03
1.280E-03
1.336E-03
1.387E-03
1.520E-03
1.528E-03
1.538E-03
1.540E-03
1.560E-03
1.623E-03
1.657E-03
1.824E-03
2.034E-03
2.295E-03
2.335E-03
2.376E-03
2.634E-03
2.828E-03
2.836E-03
2.863E-03
2.919E-03
2.935E-03
3.069E-03
2.5600E+01 0.000E+00
2.6600E+01 0.000E+00
2.7600E+01 0.000E+00
2.8600E+01 0.000E+00
2.9600E+01 0.000E+00
3.0600E+01 0.000E+00
3.1600E+01 0.000E+00
3.2600E+01 0.000E+00
3.3600E+01 0.000E+00
3.4600E+01 0.000E+00
4.0000E+01 0.000E+00
4.5000E+01 0.000E+00
5.0000E+01 0.000E+00
5.5000E+01 0.000E+00
6.0000E+01 0.000E+00
6.5000E+01 0.000E+00
7.0000E+01 0.000E+00
7.5000E+01 1.893E-05
8.0000E+01 1.435E-05
8.5000E+01 3.741E-05
1.0000E+02 7.874E-05
1.1000E+02 2.225E-04
1.2000E+02 2.210E-04
1.3000E+02 2.581E-04
1.4000E+02 2.766E-04
1.5000E+02 3.551E-04
1.6000E+02 3.919E-04
1.7000E+02 4.191E-04
1.8000E+02 4.322E-04
1.9000E+02 4.770E-04
2.1000E+02 5.713E-04
2.3000E+02 5.124E-04
2.5000E+02 4.523E-04
2.7000E+02 4.803E-04
2.9000E+02 4.459E-04
3.1000E+02 4.021E-04
3.3000E+02 3.627E-04
3.5000E+02 3.274E-04
3.7000E+02 2.983E-04
3.9000E+02 2.749E-04
4.3000E+02 2.385E-04
4.7000E+02 2.087E-04
5.1000E+02 1.837E-04
