1.189E-03
1.390E-03
1.638E-03
1.642E-03
1.906E-03
1.968E-03
2.170E-03
2.244E-03
2.407E-03
2.685E-03
2.689E-03
2.950E-03
3.025E-03
3.271E-03
3.428E-03
3.647E-03
3.917E-03
4.090E-03
4.513E-03
4.612E-03
5.251E-03
5.296E-03
6.066E-03
6.292E-03
7.021E-03
7.557E-03
8.304E-03
8.384E-03
9.383E-03
9.917E-03
1.049E-02
1.097E-02
1.187E-02
1.222E-02
1.355E-02
1.358E-02
1.530E-02
1.569E-02
1.739E-02
1.821E-02
2.002E-02
2.165E-02
2.312E-02
2.587E-02
2.715E-02
3.239E-02
3.558E-02
4.024E-02
4.415E-02
4.516E-02
4.993E-02
5.131E-02
5.629E-02
5.810E-02
6.398E-02
6.497E-02
6.902E-02
7.308E-02
7.690E-02
7.813E-02
8.578E-02
9.129E-02
9.214E-02
1.084E-01
1.139E-01
1.252E-01
1.392E-01
1.414E-01
1.438E-01
1.487E-01
1.553E-01
1.587E-01
1.595E-01
1.609E-01
1.614E-01
1.908E-01
2.332E-01
2.727E-01
2.968E-01
3.219E-01
3.409E-01
3.482E-01
3.628E-01
3.751E-01
3.786E-01
3.940E-01
2.5600E+01 2.420E-03
2.6600E+01 5.361E-03
2.7600E+01 8.155E-03
2.8600E+01 1.164E-02
2.9600E+01 1.452E-02
3.0600E+01 1.768E-02
3.1600E+01 2.059E-02
3.2600E+01 2.363E-02
3.3600E+01 2.579E-02
3.4600E+01 2.755E-02
4.0000E+01 3.722E-02
4.5000E+01 4.113E-02
5.0000E+01 4.365E-02
5.5000E+01 4.451E-02
6.0000E+01 4.295E-02
6.5000E+01 4.330E-02
7.0000E+01 4.213E-02
7.5000E+01 4.021E-02
8.0000E+01 3.992E-02
8.5000E+01 3.638E-02
1.0000E+02 3.171E-02
1.1000E+02 2.987E-02
1.2000E+02 2.605E-02
1.3000E+02 2.528E-02
1.4000E+02 2.231E-02
1.5000E+02 2.039E-02
1.6000E+02 1.922E-02
1.7000E+02 1.774E-02
1.8000E+02 1.608E-02
1.9000E+02 1.466E-02
2.1000E+02 1.311E-02
2.3000E+02 1.144E-02
2.5000E+02 9.792E-03
2.7000E+02 9.125E-03
2.9000E+02 8.140E-03
3.1000E+02 7.264E-03
3.3000E+02 6.552E-03
3.5000E+02 5.994E-03
3.7000E+02 5.538E-03
3.9000E+02 5.158E-03
4.3000E+02 4.465E-03
4.7000E+02 3.832E-03
5.1000E+02 3.324E-03
