0.000E+00
0.000E+00
0.000E+00
0.000E+00
0.000E+00
0.000E+00
0.000E+00
0.000E+00
0.000E+00
0.000E+00
0.000E+00
0.000E+00
0.000E+00
0.000E+00
0.000E+00
0.000E+00
0.000E+00
0.000E+00
0.000E+00
0.000E+00
0.000E+00
0.000E+00
0.000E+00
0.000E+00
0.000E+00
0.000E+00
0.000E+00
0.000E+00
0.000E+00
0.000E+00
0.000E+00
0.000E+00
0.000E+00
0.000E+00
0.000E+00
0.000E+00
8.721E-06
1.174E-05
2.279E-05
2.446E-05
2.889E-05
3.537E-05
3.690E-05
4.047E-05
4.684E-05
5.108E-05
5.434E-05
6.065E-05
6.965E-05
8.749E-05
8.827E-05
8.957E-05
9.365E-05
9.728E-05
1.029E-04
1.152E-04
1.367E-04
1.380E-04
1.386E-04
1.476E-04
1.595E-04
1.602E-04
1.634E-04
1.757E-04
1.798E-04
1.885E-04
1.933E-04
2.011E-04
2.075E-04
2.091E-04
2.149E-04
2.264E-04
2.271E-04
2.540E-04
2.772E-04
2.846E-04
2.973E-04
3.463E-04
3.483E-04
3.496E-04
3.510E-04
3.544E-04
3.619E-04
3.628E-04
3.666E-04
3.704E-04
2.5600E+01 0.000E+00
2.6600E+01 0.000E+00
2.7600E+01 0.000E+00
2.8600E+01 0.000E+00
2.9600E+01 0.000E+00
3.0600E+01 0.000E+00
3.1600E+01 0.000E+00
3.2600E+01 0.000E+00
3.3600E+01 0.000E+00
3.4600E+01 0.000E+00
4.0000E+01 0.000E+00
4.5000E+01 0.000E+00
5.0000E+01 0.000E+00
5.5000E+01 0.000E+00
6.0000E+01 0.000E+00
6.5000E+01 0.000E+00
7.0000E+01 0.000E+00
7.5000E+01 0.000E+00
8.0000E+01 9.910E-06
8.5000E+01 2.713E-05
1.0000E+02 2.371E-05
1.1000E+02 3.070E-05
1.2000E+02 3.366E-05
1.3000E+02 5.911E-05
1.4000E+02 6.833E-05
1.5000E+02 6.674E-05
1.6000E+02 7.151E-05
1.7000E+02 7.931E-05
1.8000E+02 9.202E-05
1.9000E+02 9.252E-05
2.1000E+02 1.178E-04
2.3000E+02 1.137E-04
2.5000E+02 1.250E-04
2.7000E+02 1.482E-04
2.9000E+02 1.610E-04
3.1000E+02 1.593E-04
3.3000E+02 1.582E-04
3.5000E+02 1.650E-04
3.7000E+02 1.749E-04
3.9000E+02 1.742E-04
4.3000E+02 1.282E-04
4.7000E+02 1.421E-04
5.1000E+02 1.267E-04
