1.174E-03
1.368E-03
1.610E-03
1.619E-03
1.877E-03
1.946E-03
2.147E-03
2.219E-03
2.394E-03
2.659E-03
2.660E-03
2.918E-03
2.995E-03
3.233E-03
3.399E-03
3.608E-03
3.889E-03
4.049E-03
4.499E-03
4.578E-03
5.219E-03
5.287E-03
5.994E-03
6.299E-03
6.980E-03
7.583E-03
8.305E-03
8.436E-03
9.388E-03
9.983E-03
1.046E-02
1.110E-02
1.189E-02
1.231E-02
1.359E-02
1.375E-02
1.549E-02
1.565E-02
1.753E-02
1.827E-02
2.005E-02
2.147E-02
2.319E-02
2.597E-02
2.718E-02
3.247E-02
3.547E-02
3.993E-02
4.408E-02
4.483E-02
4.939E-02
5.086E-02
5.590E-02
5.748E-02
6.285E-02
6.441E-02
6.938E-02
7.252E-02
7.520E-02
7.615E-02
8.480E-02
9.094E-02
9.148E-02
1.070E-01
1.131E-01
1.180E-01
1.381E-01
1.392E-01
1.408E-01
1.458E-01
1.502E-01
1.523E-01
1.567E-01
1.567E-01
1.601E-01
1.891E-01
2.234E-01
2.706E-01
2.894E-01
3.083E-01
3.239E-01
3.356E-01
3.559E-01
3.589E-01
3.641E-01
3.686E-01
2.5600E+01 2.325E-03
2.6600E+01 4.997E-03
2.7600E+01 7.784E-03
2.8600E+01 1.086E-02
2.9600E+01 1.390E-02
3.0600E+01 1.735E-02
3.1600E+01 2.012E-02
3.2600E+01 2.234E-02
3.3600E+01 2.489E-02
3.4600E+01 2.728E-02
4.0000E+01 3.700E-02
4.5000E+01 4.080E-02
5.0000E+01 4.315E-02
5.5000E+01 4.388E-02
6.0000E+01 4.443E-02
6.5000E+01 4.308E-02
7.0000E+01 4.067E-02
7.5000E+01 3.966E-02
8.0000E+01 3.914E-02
8.5000E+01 3.659E-02
1.0000E+02 3.154E-02
1.1000E+02 2.892E-02
1.2000E+02 2.702E-02
1.3000E+02 2.406E-02
1.4000E+02 2.206E-02
1.5000E+02 2.062E-02
1.6000E+02 1.776E-02
1.7000E+02 1.733E-02
1.8000E+02 1.573E-02
1.9000E+02 1.424E-02
2.1000E+02 1.229E-02
2.3000E+02 1.081E-02
2.5000E+02 9.370E-03
2.7000E+02 8.335E-03
2.9000E+02 7.670E-03
3.1000E+02 6.872E-03
3.3000E+02 6.028E-03
3.5000E+02 5.711E-03
3.7000E+02 5.316E-03
3.9000E+02 4.876E-03
4.3000E+02 4.123E-03
4.7000E+02 3.565E-03
5.1000E+02 3.150E-03
