1.178E-03
1.372E-03
1.610E-03
1.629E-03
1.886E-03
1.925E-03
2.125E-03
2.216E-03
2.359E-03
2.639E-03
2.661E-03
2.939E-03
2.968E-03
3.262E-03
3.361E-03
3.637E-03
3.838E-03
4.079E-03
4.435E-03
4.605E-03
5.196E-03
5.250E-03
6.059E-03
6.170E-03
7.074E-03
7.505E-03
8.271E-03
8.333E-03
9.089E-03
1.012E-02
1.034E-02
1.109E-02
1.172E-02
1.219E-02
1.326E-02
1.383E-02
1.527E-02
1.554E-02
1.751E-02
1.798E-02
2.017E-02
2.119E-02
2.355E-02
2.553E-02
2.742E-02
3.288E-02
3.476E-02
3.936E-02
4.384E-02
4.472E-02
5.017E-02
5.036E-02
5.602E-02
5.618E-02
6.296E-02
6.437E-02
6.640E-02
6.749E-02
7.319E-02
7.400E-02
8.769E-02
9.038E-02
9.399E-02
1.028E-01
1.079E-01
1.094E-01
1.353E-01
1.356E-01
1.418E-01
1.430E-01
1.439E-01
1.442E-01
1.452E-01
1.474E-01
1.485E-01
1.897E-01
2.097E-01
2.752E-01
3.024E-01
3.049E-01
3.154E-01
3.312E-01
3.463E-01
3.667E-01
3.718E-01
3.737E-01
2.5600E+01 2.073E-03
2.6600E+01 4.457E-03
2.7600E+01 7.823E-03
2.8600E+01 1.050E-02
2.9600E+01 1.365E-02
3.0600E+01 1.641E-02
3.1600E+01 1.928E-02
3.2600E+01 2.225E-02
3.3600E+01 2.579E-02
3.4600E+01 2.742E-02
4.0000E+01 3.611E-02
4.5000E+01 4.313E-02
5.0000E+01 4.375E-02
5.5000E+01 4.488E-02
6.0000E+01 4.552E-02
6.5000E+01 4.246E-02
7.0000E+01 4.221E-02
7.5000E+01 3.932E-02
8.0000E+01 4.013E-02
8.5000E+01 3.563E-02
1.0000E+02 3.190E-02
1.1000E+02 2.962E-02
1.2000E+02 2.742E-02
1.3000E+02 2.409E-02
1.4000E+02 2.237E-02
1.5000E+02 2.152E-02
1.6000E+02 1.918E-02
1.7000E+02 1.613E-02
1.8000E+02 1.654E-02
1.9000E+02 1.550E-02
2.1000E+02 1.315E-02
2.3000E+02 1.121E-02
2.5000E+02 9.830E-03
2.7000E+02 8.811E-03
2.9000E+02 7.931E-03
3.1000E+02 7.114E-03
3.3000E+02 6.384E-03
3.5000E+02 5.769E-03
3.7000E+02 5.252E-03
3.9000E+02 4.843E-03
4.3000E+02 4.269E-03
4.7000E+02 3.845E-03
5.1000E+02 3.371E-03
