0.000E+00
0.000E+00
0.000E+00
0.000E+00
0.000E+00
0.000E+00
0.000E+00
0.000E+00
0.000E+00
0.000E+00
0.000E+00
0.000E+00
0.000E+00
0.000E+00
0.000E+00
0.000E+00
0.000E+00
0.000E+00
0.000E+00
0.000E+00
0.000E+00
0.000E+00
0.000E+00
0.000E+00
0.000E+00
0.000E+00
0.000E+00
0.000E+00
0.000E+00
0.000E+00
0.000E+00
0.000E+00
0.000E+00
0.000E+00
3.635E-05
1.005E-04
2.170E-04
2.841E-04
3.220E-04
3.442E-04
3.768E-04
3.961E-04
4.053E-04
4.447E-04
4.915E-04
4.926E-04
4.943E-04
5.458E-04
5.512E-04
5.922E-04
5.935E-04
6.263E-04
6.593E-04
6.679E-04
7.110E-04
7.452E-04
7.845E-04
8.293E-04
8.597E-04
8.765E-04
9.495E-04
1.036E-03
1.078E-03
1.113E-03
1.114E-03
1.140E-03
1.158E-03
1.215E-03
1.378E-03
1.436E-03
1.445E-03
1.589E-03
1.615E-03
1.706E-03
1.753E-03
1.769E-03
1.880E-03
1.881E-03
2.005E-03
2.011E-03
2.273E-03
2.303E-03
2.537E-03
2.621E-03
2.672E-03
2.677E-03
2.5600E+01 0.000E+00
2.6600E+01 0.000E+00
2.7600E+01 0.000E+00
2.8600E+01 0.000E+00
2.9600E+01 0.000E+00
3.0600E+01 0.000E+00
3.1600E+01 0.000E+00
3.2600E+01 0.000E+00
3.3600E+01 0.000E+00
3.4600E+01 0.000E+00
4.0000E+01 0.000E+00
4.5000E+01 0.000E+00
5.0000E+01 0.000E+00
5.5000E+01 0.000E+00
6.0000E+01 0.000E+00
6.5000E+01 0.000E+00
7.0000E+01 0.000E+00
7.5000E+01 6.613E-07
8.0000E+01 3.058E-06
8.5000E+01 7.343E-06
1.0000E+02 4.028E-05
1.1000E+02 8.821E-05
1.2000E+02 1.124E-04
1.3000E+02 1.396E-04
1.4000E+02 1.744E-04
1.5000E+02 1.815E-04
1.6000E+02 1.584E-04
1.7000E+02 1.793E-04
1.8000E+02 1.761E-04
1.9000E+02 1.812E-04
2.1000E+02 1.667E-04
2.3000E+02 1.726E-04
2.5000E+02 1.824E-04
2.7000E+02 1.907E-04
2.9000E+02 1.899E-04
3.1000E+02 1.796E-04
3.3000E+02 1.646E-04
3.5000E+02 1.485E-04
3.7000E+02 1.356E-04
3.9000E+02 1.235E-04
4.3000E+02 1.064E-04
4.7000E+02 9.751E-05
5.1000E+02 9.049E-05
