1.178E-03
1.373E-03
1.485E-03
1.618E-03
1.724E-03
1.941E-03
2.031E-03
2.144E-03
2.380E-03
2.440E-03
2.657E-03
2.747E-03
2.985E-03
2.997E-03
3.319E-03
3.348E-03
3.673E-03
3.845E-03
4.161E-03
4.450E-03
4.771E-03
5.179E-03
5.503E-03
6.123E-03
6.396E-03
7.448E-03
7.532E-03
8.251E-03
9.115E-03
9.150E-03
1.011E-02
1.031E-02
1.122E-02
1.165E-02
1.264E-02
1.333E-02
1.427E-02
1.523E-02
1.619E-02
1.768E-02
1.874E-02
2.090E-02
2.175E-02
2.520E-02
2.582E-02
3.118E-02
3.481E-02
3.943E-02
4.368E-02
4.454E-02
4.940E-02
5.057E-02
5.632E-02
5.681E-02
6.236E-02
6.411E-02
6.668E-02
6.842E-02
7.271E-02
7.375E-02
8.379E-02
8.851E-02
9.111E-02
1.056E-01
1.073E-01
1.087E-01
1.300E-01
1.364E-01
1.375E-01
1.403E-01
1.434E-01
1.435E-01
1.485E-01
1.496E-01
1.518E-01
1.865E-01
2.080E-01
2.728E-01
2.903E-01
3.078E-01
3.095E-01
3.347E-01
3.533E-01
3.536E-01
3.629E-01
3.688E-01
2.5600E+01 2.171E-03
2.6600E+01 4.814E-03
2.7600E+01 7.740E-03
2.8600E+01 1.090E-02
2.9600E+01 1.403E-02
3.0600E+01 1.744E-02
3.1600E+01 2.030E-02
3.2600E+01 2.250E-02
3.3600E+01 2.531E-02
3.4600E+01 2.799E-02
4.0000E+01 3.713E-02
4.5000E+01 4.144E-02
5.0000E+01 4.432E-02
5.5000E+01 4.435E-02
6.0000E+01 4.430E-02
6.5000E+01 4.345E-02
7.0000E+01 4.175E-02
7.5000E+01 3.928E-02
8.0000E+01 3.919E-02
8.5000E+01 3.636E-02
1.0000E+02 3.165E-02
1.1000E+02 2.882E-02
1.2000E+02 2.595E-02
1.3000E+02 2.391E-02
1.4000E+02 2.207E-02
1.5000E+02 1.991E-02
1.6000E+02 1.768E-02
1.7000E+02 1.612E-02
1.8000E+02 1.504E-02
1.9000E+02 1.402E-02
2.1000E+02 1.188E-02
2.3000E+02 1.053E-02
2.5000E+02 9.560E-03
2.7000E+02 8.212E-03
2.9000E+02 7.122E-03
3.1000E+02 7.055E-03
3.3000E+02 6.264E-03
3.5000E+02 5.651E-03
3.7000E+02 5.124E-03
3.9000E+02 4.707E-03
4.3000E+02 4.068E-03
4.7000E+02 3.575E-03
5.1000E+02 3.138E-03
