0.000E+00
0.000E+00
0.000E+00
0.000E+00
0.000E+00
0.000E+00
0.000E+00
0.000E+00
0.000E+00
0.000E+00
0.000E+00
0.000E+00
0.000E+00
0.000E+00
0.000E+00
0.000E+00
0.000E+00
0.000E+00
0.000E+00
0.000E+00
0.000E+00
0.000E+00
0.000E+00
0.000E+00
0.000E+00
0.000E+00
0.000E+00
0.000E+00
0.000E+00
0.000E+00
0.000E+00
0.000E+00
0.000E+00
0.000E+00
0.000E+00
0.000E+00
1.350E-06
1.508E-06
1.143E-05
1.307E-05
1.459E-05
1.504E-05
1.956E-05
2.052E-05
2.243E-05
2.576E-05
2.595E-05
3.004E-05
3.247E-05
3.378E-05
3.713E-05
3.722E-05
4.170E-05
4.252E-05
5.090E-05
5.260E-05
5.387E-05
5.398E-05
6.043E-05
6.849E-05
7.000E-05
7.009E-05
7.721E-05
7.769E-05
8.138E-05
8.296E-05
8.328E-05
8.680E-05
8.814E-05
9.362E-05
9.481E-05
9.542E-05
9.795E-05
1.018E-04
1.058E-04
1.207E-04
1.386E-04
1.416E-04
1.448E-04
1.495E-04
1.523E-04
1.523E-04
1.597E-04
1.602E-04
1.628E-04
1.646E-04
2.5600E+01 0.000E+00
2.6600E+01 0.000E+00
2.7600E+01 0.000E+00
2.8600E+01 0.000E+00
2.9600E+01 0.000E+00
3.0600E+01 0.000E+00
3.1600E+01 0.000E+00
3.2600E+01 0.000E+00
3.3600E+01 0.000E+00
3.4600E+01 0.000E+00
4.0000E+01 0.000E+00
4.5000E+01 0.000E+00
5.0000E+01 0.000E+00
5.5000E+01 0.000E+00
6.0000E+01 0.000E+00
6.5000E+01 0.000E+00
7.0000E+01 0.000E+00
7.5000E+01 0.000E+00
8.0000E+01 7.472E-07
8.5000E+01 1.235E-06
1.0000E+02 1.809E-05
1.1000E+02 2.828E-05
1.2000E+02 3.480E-05
1.3000E+02 4.121E-05
1.4000E+02 5.198E-05
1.5000E+02 6.279E-05
1.6000E+02 6.703E-05
1.7000E+02 8.711E-05
1.8000E+02 9.810E-05
1.9000E+02 1.023E-04
2.1000E+02 1.121E-04
2.3000E+02 1.138E-04
2.5000E+02 1.192E-04
2.7000E+02 1.245E-04
2.9000E+02 1.241E-04
3.1000E+02 1.179E-04
3.3000E+02 1.085E-04
3.5000E+02 9.859E-05
3.7000E+02 8.923E-05
3.9000E+02 8.891E-05
4.3000E+02 6.807E-05
4.7000E+02 6.061E-05
5.1000E+02 5.632E-05
