0.000E+00
0.000E+00
0.000E+00
0.000E+00
0.000E+00
0.000E+00
0.000E+00
0.000E+00
0.000E+00
0.000E+00
0.000E+00
0.000E+00
0.000E+00
0.000E+00
0.000E+00
0.000E+00
0.000E+00
0.000E+00
0.000E+00
0.000E+00
0.000E+00
0.000E+00
0.000E+00
0.000E+00
0.000E+00
0.000E+00
0.000E+00
0.000E+00
0.000E+00
0.000E+00
9.475E-06
1.386E-05
9.170E-04
1.033E-03
1.107E-03
1.263E-03
1.318E-03
1.358E-03
1.449E-03
1.529E-03
1.607E-03
1.666E-03
1.779E-03
1.837E-03
1.856E-03
1.926E-03
1.984E-03
2.032E-03
2.039E-03
2.200E-03
2.234E-03
2.479E-03
2.525E-03
2.673E-03
2.742E-03
2.957E-03
2.990E-03
3.216E-03
3.258E-03
3.270E-03
3.328E-03
3.445E-03
3.461E-03
3.516E-03
3.529E-03
3.657E-03
3.998E-03
4.001E-03
4.033E-03
4.263E-03
4.478E-03
4.494E-03
4.500E-03
4.529E-03
4.678E-03
4.724E-03
5.202E-03
5.233E-03
5.270E-03
5.535E-03
5.558E-03
5.661E-03
6.115E-03
6.254E-03
6.372E-03
6.402E-03
2.5600E+01 0.000E+00
2.6600E+01 0.000E+00
2.7600E+01 0.000E+00
2.8600E+01 0.000E+00
2.9600E+01 0.000E+00
3.0600E+01 0.000E+00
3.1600E+01 0.000E+00
3.2600E+01 0.000E+00
3.3600E+01 0.000E+00
3.4600E+01 0.000E+00
4.0000E+01 0.000E+00
4.5000E+01 0.000E+00
5.0000E+01 0.000E+00
5.5000E+01 0.000E+00
6.0000E+01 0.000E+00
6.5000E+01 8.024E-07
7.0000E+01 1.095E-05
7.5000E+01 2.891E-05
8.0000E+01 8.272E-05
8.5000E+01 1.078E-04
1.0000E+02 1.521E-04
1.1000E+02 2.147E-04
1.2000E+02 2.307E-04
1.3000E+02 2.499E-04
1.4000E+02 2.738E-04
1.5000E+02 2.556E-04
1.6000E+02 2.062E-04
1.7000E+02 2.411E-04
1.8000E+02 2.912E-04
1.9000E+02 2.788E-04
2.1000E+02 2.408E-04
2.3000E+02 2.489E-04
2.5000E+02 2.569E-04
2.7000E+02 2.609E-04
2.9000E+02 2.520E-04
3.1000E+02 2.320E-04
3.3000E+02 2.085E-04
3.5000E+02 1.868E-04
3.7000E+02 1.687E-04
3.9000E+02 1.685E-04
4.3000E+02 1.371E-04
4.7000E+02 1.296E-04
5.1000E+02 1.202E-04
