0.000E+00
0.000E+00
0.000E+00
0.000E+00
0.000E+00
0.000E+00
0.000E+00
0.000E+00
0.000E+00
0.000E+00
0.000E+00
0.000E+00
0.000E+00
0.000E+00
0.000E+00
0.000E+00
0.000E+00
0.000E+00
0.000E+00
0.000E+00
0.000E+00
0.000E+00
0.000E+00
0.000E+00
0.000E+00
0.000E+00
0.000E+00
0.000E+00
0.000E+00
0.000E+00
0.000E+00
0.000E+00
0.000E+00
0.000E+00
9.787E-09
6.663E-08
1.331E-05
2.817E-05
2.969E-05
3.192E-05
3.494E-05
4.334E-05
4.473E-05
5.077E-05
5.844E-05
5.952E-05
6.717E-05
7.480E-05
7.987E-05
8.681E-05
9.018E-05
1.022E-04
1.027E-04
1.126E-04
1.145E-04
1.286E-04
1.317E-04
1.328E-04
1.349E-04
1.364E-04
1.427E-04
1.463E-04
1.500E-04
1.535E-04
1.565E-04
1.596E-04
1.638E-04
1.702E-04
1.813E-04
1.850E-04
2.087E-04
2.300E-04
2.383E-04
2.437E-04
2.578E-04
2.806E-04
2.855E-04
2.933E-04
3.227E-04
3.274E-04
3.414E-04
3.552E-04
3.620E-04
3.632E-04
3.751E-04
3.996E-04
2.5600E+01 0.000E+00
2.6600E+01 0.000E+00
2.7600E+01 0.000E+00
2.8600E+01 0.000E+00
2.9600E+01 0.000E+00
3.0600E+01 0.000E+00
3.1600E+01 0.000E+00
3.2600E+01 0.000E+00
3.3600E+01 0.000E+00
3.4600E+01 0.000E+00
4.0000E+01 0.000E+00
4.5000E+01 0.000E+00
5.0000E+01 0.000E+00
5.5000E+01 0.000E+00
6.0000E+01 0.000E+00
6.5000E+01 0.000E+00
7.0000E+01 0.000E+00
7.5000E+01 5.294E-08
8.0000E+01 1.019E-06
8.5000E+01 2.014E-06
1.0000E+02 3.835E-05
1.1000E+02 5.736E-05
1.2000E+02 7.029E-05
1.3000E+02 9.841E-05
1.4000E+02 1.457E-04
1.5000E+02 1.738E-04
1.6000E+02 1.781E-04
1.7000E+02 2.212E-04
1.8000E+02 2.272E-04
1.9000E+02 2.468E-04
2.1000E+02 2.518E-04
2.3000E+02 2.656E-04
2.5000E+02 2.849E-04
2.7000E+02 3.019E-04
2.9000E+02 3.034E-04
3.1000E+02 2.889E-04
3.3000E+02 2.663E-04
3.5000E+02 2.421E-04
3.7000E+02 2.192E-04
3.9000E+02 1.998E-04
4.3000E+02 1.670E-04
4.7000E+02 1.488E-04
5.1000E+02 1.389E-04
