0.000E+00
0.000E+00
0.000E+00
0.000E+00
0.000E+00
0.000E+00
0.000E+00
0.000E+00
0.000E+00
0.000E+00
0.000E+00
0.000E+00
0.000E+00
0.000E+00
0.000E+00
0.000E+00
0.000E+00
0.000E+00
0.000E+00
0.000E+00
0.000E+00
0.000E+00
0.000E+00
0.000E+00
0.000E+00
0.000E+00
0.000E+00
0.000E+00
0.000E+00
0.000E+00
0.000E+00
0.000E+00
0.000E+00
0.000E+00
0.000E+00
0.000E+00
1.558E-06
2.003E-06
1.208E-05
1.403E-05
1.585E-05
1.751E-05
1.972E-05
2.352E-05
2.457E-05
2.715E-05
3.172E-05
3.711E-05
4.199E-05
4.518E-05
4.592E-05
5.038E-05
5.191E-05
5.671E-05
6.414E-05
6.736E-05
7.352E-05
7.432E-05
7.632E-05
7.665E-05
8.141E-05
8.371E-05
8.519E-05
9.412E-05
9.521E-05
9.897E-05
9.976E-05
1.008E-04
1.041E-04
1.053E-04
1.080E-04
1.126E-04
1.203E-04
1.289E-04
1.380E-04
1.521E-04
1.544E-04
1.568E-04
1.602E-04
1.693E-04
1.781E-04
1.790E-04
1.807E-04
1.826E-04
1.949E-04
1.951E-04
2.5600E+01 0.000E+00
2.6600E+01 0.000E+00
2.7600E+01 0.000E+00
2.8600E+01 0.000E+00
2.9600E+01 0.000E+00
3.0600E+01 0.000E+00
3.1600E+01 0.000E+00
3.2600E+01 0.000E+00
3.3600E+01 0.000E+00
3.4600E+01 0.000E+00
4.0000E+01 0.000E+00
4.5000E+01 0.000E+00
5.0000E+01 0.000E+00
5.5000E+01 0.000E+00
6.0000E+01 0.000E+00
6.5000E+01 0.000E+00
7.0000E+01 0.000E+00
7.5000E+01 0.000E+00
8.0000E+01 5.603E-07
8.5000E+01 1.168E-06
1.0000E+02 4.906E-05
1.1000E+02 6.668E-05
1.2000E+02 7.557E-05
1.3000E+02 9.991E-05
1.4000E+02 1.509E-04
1.5000E+02 1.934E-04
1.6000E+02 2.085E-04
1.7000E+02 2.646E-04
1.8000E+02 2.812E-04
1.9000E+02 3.075E-04
2.1000E+02 3.288E-04
2.3000E+02 3.437E-04
2.5000E+02 3.678E-04
2.7000E+02 3.894E-04
2.9000E+02 3.913E-04
3.1000E+02 3.726E-04
3.3000E+02 3.436E-04
3.5000E+02 3.123E-04
3.7000E+02 2.826E-04
3.9000E+02 2.623E-04
4.3000E+02 2.136E-04
4.7000E+02 1.890E-04
5.1000E+02 1.768E-04
