1.224E-03
1.426E-03
1.510E-03
1.700E-03
1.754E-03
2.020E-03
2.075E-03
2.230E-03
2.474E-03
2.478E-03
2.718E-03
2.763E-03
3.012E-03
3.119E-03
3.364E-03
3.539E-03
3.782E-03
4.027E-03
4.263E-03
4.627E-03
4.839E-03
5.377E-03
5.553E-03
6.336E-03
6.411E-03
7.523E-03
7.582E-03
8.302E-03
9.049E-03
9.200E-03
9.991E-03
1.027E-02
1.110E-02
1.164E-02
1.248E-02
1.322E-02
1.418E-02
1.522E-02
1.609E-02
1.771E-02
1.860E-02
2.099E-02
2.161E-02
2.525E-02
2.587E-02
3.116E-02
3.492E-02
3.929E-02
4.380E-02
4.472E-02
4.932E-02
5.074E-02
5.630E-02
5.665E-02
6.248E-02
6.413E-02
6.808E-02
7.065E-02
7.248E-02
7.309E-02
8.392E-02
8.783E-02
9.097E-02
1.043E-01
1.090E-01
1.127E-01
1.321E-01
1.346E-01
1.354E-01
1.401E-01
1.418E-01
1.453E-01
1.506E-01
1.508E-01
1.517E-01
1.878E-01
2.194E-01
2.687E-01
2.898E-01
3.123E-01
3.270E-01
3.384E-01
3.502E-01
3.592E-01
3.634E-01
3.711E-01
2.5600E+01 2.296E-03
2.6600E+01 5.073E-03
2.7600E+01 7.861E-03
2.8600E+01 1.077E-02
2.9600E+01 1.434E-02
3.0600E+01 1.720E-02
3.1600E+01 2.050E-02
3.2600E+01 2.292E-02
3.3600E+01 2.525E-02
3.4600E+01 2.739E-02
4.0000E+01 3.725E-02
4.5000E+01 4.073E-02
5.0000E+01 4.275E-02
5.5000E+01 4.465E-02
6.0000E+01 4.386E-02
6.5000E+01 4.275E-02
7.0000E+01 4.176E-02
7.5000E+01 4.009E-02
8.0000E+01 3.748E-02
8.5000E+01 3.760E-02
1.0000E+02 3.132E-02
1.1000E+02 2.906E-02
1.2000E+02 2.586E-02
1.3000E+02 2.310E-02
1.4000E+02 2.106E-02
1.5000E+02 1.934E-02
1.6000E+02 1.735E-02
1.7000E+02 1.622E-02
1.8000E+02 1.512E-02
1.9000E+02 1.375E-02
2.1000E+02 1.231E-02
2.3000E+02 1.061E-02
2.5000E+02 9.552E-03
2.7000E+02 8.679E-03
2.9000E+02 7.680E-03
3.1000E+02 6.812E-03
3.3000E+02 6.204E-03
3.5000E+02 5.778E-03
3.7000E+02 5.305E-03
3.9000E+02 4.797E-03
4.3000E+02 4.186E-03
4.7000E+02 3.600E-03
5.1000E+02 3.120E-03
