0.000E+00
0.000E+00
0.000E+00
0.000E+00
0.000E+00
0.000E+00
0.000E+00
0.000E+00
0.000E+00
0.000E+00
0.000E+00
0.000E+00
0.000E+00
0.000E+00
0.000E+00
0.000E+00
0.000E+00
0.000E+00
0.000E+00
0.000E+00
0.000E+00
0.000E+00
0.000E+00
0.000E+00
0.000E+00
0.000E+00
0.000E+00
0.000E+00
0.000E+00
0.000E+00
1.228E-05
1.463E-05
7.885E-04
8.157E-04
9.892E-04
1.161E-03
1.215E-03
1.302E-03
1.364E-03
1.449E-03
1.452E-03
1.592E-03
1.700E-03
1.734E-03
1.866E-03
1.891E-03
1.934E-03
2.050E-03
2.146E-03
2.162E-03
2.315E-03
2.326E-03
2.541E-03
2.577E-03
2.838E-03
3.022E-03
3.049E-03
3.105E-03
3.329E-03
3.348E-03
3.355E-03
3.447E-03
3.666E-03
3.828E-03
3.839E-03
4.008E-03
4.078E-03
4.170E-03
4.233E-03
4.594E-03
4.600E-03
4.829E-03
4.831E-03
4.953E-03
4.988E-03
5.153E-03
5.341E-03
5.700E-03
5.789E-03
5.908E-03
6.426E-03
6.696E-03
6.850E-03
7.133E-03
7.237E-03
7.237E-03
2.5600E+01 0.000E+00
2.6600E+01 0.000E+00
2.7600E+01 0.000E+00
2.8600E+01 0.000E+00
2.9600E+01 0.000E+00
3.0600E+01 0.000E+00
3.1600E+01 0.000E+00
3.2600E+01 0.000E+00
3.3600E+01 0.000E+00
3.4600E+01 0.000E+00
4.0000E+01 0.000E+00
4.5000E+01 0.000E+00
5.0000E+01 0.000E+00
5.5000E+01 0.000E+00
6.0000E+01 0.000E+00
6.5000E+01 6.906E-07
7.0000E+01 5.753E-05
7.5000E+01 1.109E-04
8.0000E+01 1.364E-04
8.5000E+01 1.870E-04
1.0000E+02 4.757E-04
1.1000E+02 6.133E-04
1.2000E+02 7.589E-04
1.3000E+02 1.003E-03
1.4000E+02 1.042E-03
1.5000E+02 1.246E-03
1.6000E+02 1.214E-03
1.7000E+02 1.210E-03
1.8000E+02 1.347E-03
1.9000E+02 1.376E-03
2.1000E+02 1.066E-03
2.3000E+02 1.138E-03
2.5000E+02 1.016E-03
2.7000E+02 8.803E-04
2.9000E+02 8.019E-04
3.1000E+02 7.406E-04
3.3000E+02 6.829E-04
3.5000E+02 6.429E-04
3.7000E+02 6.176E-04
3.9000E+02 5.844E-04
4.3000E+02 4.669E-04
4.7000E+02 4.359E-04
5.1000E+02 3.918E-04
