0.000E+00
0.000E+00
0.000E+00
0.000E+00
0.000E+00
0.000E+00
0.000E+00
0.000E+00
0.000E+00
0.000E+00
0.000E+00
0.000E+00
0.000E+00
0.000E+00
0.000E+00
0.000E+00
0.000E+00
0.000E+00
0.000E+00
0.000E+00
0.000E+00
0.000E+00
0.000E+00
0.000E+00
0.000E+00
0.000E+00
0.000E+00
0.000E+00
0.000E+00
0.000E+00
0.000E+00
0.000E+00
0.000E+00
0.000E+00
1.478E-06
3.615E-06
2.848E-05
3.603E-05
4.260E-05
4.422E-05
5.030E-05
5.907E-05
6.404E-05
7.065E-05
7.968E-05
9.662E-05
1.003E-04
1.060E-04
1.099E-04
1.318E-04
1.390E-04
1.453E-04
1.470E-04
1.527E-04
1.566E-04
1.653E-04
1.771E-04
1.791E-04
1.866E-04
1.902E-04
2.075E-04
2.198E-04
2.210E-04
2.305E-04
2.320E-04
2.398E-04
2.592E-04
2.617E-04
2.725E-04
2.965E-04
3.001E-04
3.296E-04
3.464E-04
3.588E-04
3.940E-04
4.108E-04
4.275E-04
4.291E-04
4.401E-04
4.448E-04
4.555E-04
4.663E-04
4.717E-04
4.784E-04
4.823E-04
4.864E-04
2.5600E+01 0.000E+00
2.6600E+01 0.000E+00
2.7600E+01 0.000E+00
2.8600E+01 0.000E+00
2.9600E+01 0.000E+00
3.0600E+01 0.000E+00
3.1600E+01 0.000E+00
3.2600E+01 0.000E+00
3.3600E+01 0.000E+00
3.4600E+01 0.000E+00
4.0000E+01 0.000E+00
4.5000E+01 0.000E+00
5.0000E+01 0.000E+00
5.5000E+01 0.000E+00
6.0000E+01 0.000E+00
6.5000E+01 0.000E+00
7.0000E+01 0.000E+00
7.5000E+01 1.057E-05
8.0000E+01 2.700E-05
8.5000E+01 1.826E-05
1.0000E+02 3.253E-05
1.1000E+02 7.043E-05
1.2000E+02 7.358E-05
1.3000E+02 1.469E-04
1.4000E+02 1.468E-04
1.5000E+02 1.889E-04
1.6000E+02 2.238E-04
1.7000E+02 2.341E-04
1.8000E+02 2.414E-04
1.9000E+02 2.809E-04
2.1000E+02 3.393E-04
2.3000E+02 3.087E-04
2.5000E+02 3.359E-04
2.7000E+02 2.875E-04
2.9000E+02 2.682E-04
3.1000E+02 2.423E-04
3.3000E+02 2.180E-04
3.5000E+02 1.983E-04
3.7000E+02 1.827E-04
3.9000E+02 1.698E-04
4.3000E+02 1.469E-04
4.7000E+02 1.260E-04
5.1000E+02 1.073E-04
