0.000E+00
0.000E+00
0.000E+00
0.000E+00
0.000E+00
0.000E+00
0.000E+00
0.000E+00
0.000E+00
0.000E+00
0.000E+00
0.000E+00
0.000E+00
0.000E+00
0.000E+00
0.000E+00
0.000E+00
0.000E+00
0.000E+00
0.000E+00
0.000E+00
0.000E+00
0.000E+00
0.000E+00
0.000E+00
0.000E+00
0.000E+00
0.000E+00
0.000E+00
0.000E+00
8.271E-06
1.195E-05
7.899E-04
9.234E-04
1.077E-03
1.214E-03
1.281E-03
1.304E-03
1.366E-03
1.489E-03
1.504E-03
1.658E-03
1.746E-03
1.786E-03
1.804E-03
1.840E-03
1.957E-03
1.990E-03
2.122E-03
2.184E-03
2.288E-03
2.399E-03
2.499E-03
2.506E-03
2.788E-03
2.969E-03
2.977E-03
3.060E-03
3.092E-03
3.176E-03
3.281E-03
3.346E-03
3.364E-03
3.630E-03
3.643E-03
3.748E-03
4.066E-03
4.115E-03
4.160E-03
4.233E-03
4.365E-03
4.373E-03
4.421E-03
4.464E-03
4.898E-03
5.060E-03
5.098E-03
5.279E-03
5.501E-03
5.633E-03
5.670E-03
5.890E-03
6.159E-03
6.347E-03
6.355E-03
6.407E-03
2.5600E+01 0.000E+00
2.6600E+01 0.000E+00
2.7600E+01 0.000E+00
2.8600E+01 0.000E+00
2.9600E+01 0.000E+00
3.0600E+01 0.000E+00
3.1600E+01 0.000E+00
3.2600E+01 0.000E+00
3.3600E+01 0.000E+00
3.4600E+01 0.000E+00
4.0000E+01 0.000E+00
4.5000E+01 0.000E+00
5.0000E+01 0.000E+00
5.5000E+01 0.000E+00
6.0000E+01 0.000E+00
6.5000E+01 7.880E-07
7.0000E+01 2.057E-05
7.5000E+01 9.331E-05
8.0000E+01 8.764E-05
8.5000E+01 1.149E-04
1.0000E+02 2.013E-04
1.1000E+02 2.714E-04
1.2000E+02 2.753E-04
1.3000E+02 3.532E-04
1.4000E+02 3.377E-04
1.5000E+02 3.974E-04
1.6000E+02 4.673E-04
1.7000E+02 4.366E-04
1.8000E+02 4.358E-04
1.9000E+02 4.702E-04
2.1000E+02 5.240E-04
2.3000E+02 4.615E-04
2.5000E+02 4.997E-04
2.7000E+02 4.269E-04
2.9000E+02 3.962E-04
3.1000E+02 3.560E-04
3.3000E+02 3.203E-04
3.5000E+02 2.909E-04
3.7000E+02 2.678E-04
3.9000E+02 2.494E-04
4.3000E+02 2.196E-04
4.7000E+02 1.926E-04
5.1000E+02 1.710E-04
