0.000E+00
0.000E+00
0.000E+00
0.000E+00
0.000E+00
0.000E+00
0.000E+00
0.000E+00
0.000E+00
0.000E+00
0.000E+00
0.000E+00
0.000E+00
0.000E+00
0.000E+00
0.000E+00
0.000E+00
0.000E+00
0.000E+00
0.000E+00
0.000E+00
0.000E+00
0.000E+00
0.000E+00
0.000E+00
0.000E+00
0.000E+00
0.000E+00
0.000E+00
0.000E+00
0.000E+00
0.000E+00
0.000E+00
0.000E+00
0.000E+00
0.000E+00
1.464E-05
1.827E-05
2.289E-05
2.362E-05
2.617E-05
3.103E-05
3.385E-05
3.745E-05
4.244E-05
4.809E-05
5.492E-05
5.845E-05
6.827E-05
8.029E-05
8.191E-05
8.870E-05
9.622E-05
9.743E-05
1.093E-04
1.136E-04
1.163E-04
1.189E-04
1.213E-04
1.266E-04
1.360E-04
1.372E-04
1.403E-04
1.409E-04
1.419E-04
1.503E-04
1.506E-04
1.572E-04
1.683E-04
1.773E-04
1.906E-04
2.186E-04
2.233E-04
2.544E-04
2.921E-04
3.022E-04
3.032E-04
3.158E-04
3.215E-04
3.272E-04
3.404E-04
3.509E-04
3.614E-04
3.741E-04
3.838E-04
3.856E-04
2.5600E+01 0.000E+00
2.6600E+01 0.000E+00
2.7600E+01 0.000E+00
2.8600E+01 0.000E+00
2.9600E+01 0.000E+00
3.0600E+01 0.000E+00
3.1600E+01 0.000E+00
3.2600E+01 0.000E+00
3.3600E+01 0.000E+00
3.4600E+01 0.000E+00
4.0000E+01 0.000E+00
4.5000E+01 0.000E+00
5.0000E+01 0.000E+00
5.5000E+01 0.000E+00
6.0000E+01 0.000E+00
6.5000E+01 0.000E+00
7.0000E+01 0.000E+00
7.5000E+01 0.000E+00
8.0000E+01 2.552E-05
8.5000E+01 2.687E-05
1.0000E+02 4.277E-05
1.1000E+02 8.309E-05
1.2000E+02 9.647E-05
1.3000E+02 1.663E-04
1.4000E+02 1.867E-04
1.5000E+02 2.456E-04
1.6000E+02 2.971E-04
1.7000E+02 3.110E-04
1.8000E+02 3.206E-04
1.9000E+02 3.659E-04
2.1000E+02 4.540E-04
2.3000E+02 4.110E-04
2.5000E+02 4.681E-04
2.7000E+02 3.786E-04
2.9000E+02 3.546E-04
3.1000E+02 3.185E-04
3.3000E+02 2.846E-04
3.5000E+02 2.566E-04
3.7000E+02 2.338E-04
3.9000E+02 2.152E-04
4.3000E+02 1.848E-04
4.7000E+02 1.584E-04
5.1000E+02 1.378E-04
