0.000E+00
0.000E+00
0.000E+00
0.000E+00
0.000E+00
0.000E+00
0.000E+00
0.000E+00
0.000E+00
0.000E+00
0.000E+00
0.000E+00
0.000E+00
0.000E+00
0.000E+00
0.000E+00
0.000E+00
0.000E+00
0.000E+00
0.000E+00
0.000E+00
0.000E+00
0.000E+00
0.000E+00
0.000E+00
0.000E+00
0.000E+00
0.000E+00
0.000E+00
0.000E+00
2.212E-05
2.540E-05
7.752E-04
8.737E-04
1.018E-03
1.207E-03
1.223E-03
1.298E-03
1.325E-03
1.502E-03
1.517E-03
1.660E-03
1.719E-03
1.755E-03
1.908E-03
1.932E-03
1.996E-03
2.085E-03
2.140E-03
2.185E-03
2.281E-03
2.343E-03
2.625E-03
2.645E-03
2.819E-03
2.893E-03
3.052E-03
3.195E-03
3.206E-03
3.383E-03
3.489E-03
3.512E-03
3.662E-03
3.751E-03
3.829E-03
4.047E-03
4.115E-03
4.296E-03
4.499E-03
4.543E-03
4.694E-03
4.805E-03
4.848E-03
4.990E-03
5.017E-03
5.202E-03
5.652E-03
5.714E-03
5.931E-03
6.228E-03
6.396E-03
7.003E-03
7.214E-03
7.304E-03
7.388E-03
7.494E-03
2.5600E+01 0.000E+00
2.6600E+01 0.000E+00
2.7600E+01 0.000E+00
2.8600E+01 0.000E+00
2.9600E+01 0.000E+00
3.0600E+01 0.000E+00
3.1600E+01 0.000E+00
3.2600E+01 0.000E+00
3.3600E+01 0.000E+00
3.4600E+01 0.000E+00
4.0000E+01 0.000E+00
4.5000E+01 0.000E+00
5.0000E+01 0.000E+00
5.5000E+01 0.000E+00
6.0000E+01 0.000E+00
6.5000E+01 7.931E-07
7.0000E+01 2.219E-05
7.5000E+01 7.497E-05
8.0000E+01 1.140E-04
8.5000E+01 1.632E-04
1.0000E+02 4.195E-04
1.1000E+02 4.805E-04
1.2000E+02 5.992E-04
1.3000E+02 6.743E-04
1.4000E+02 8.804E-04
1.5000E+02 8.736E-04
1.6000E+02 9.154E-04
1.7000E+02 1.037E-03
1.8000E+02 1.012E-03
1.9000E+02 9.513E-04
2.1000E+02 1.028E-03
2.3000E+02 9.793E-04
2.5000E+02 8.725E-04
2.7000E+02 7.645E-04
2.9000E+02 7.057E-04
3.1000E+02 6.811E-04
3.3000E+02 6.395E-04
3.5000E+02 5.889E-04
3.7000E+02 5.181E-04
3.9000E+02 4.730E-04
4.3000E+02 4.033E-04
4.7000E+02 3.511E-04
5.1000E+02 3.123E-04
