0.000E+00
0.000E+00
0.000E+00
0.000E+00
0.000E+00
0.000E+00
0.000E+00
0.000E+00
0.000E+00
0.000E+00
0.000E+00
0.000E+00
0.000E+00
0.000E+00
0.000E+00
0.000E+00
0.000E+00
0.000E+00
0.000E+00
0.000E+00
0.000E+00
0.000E+00
0.000E+00
0.000E+00
0.000E+00
0.000E+00
0.000E+00
0.000E+00
0.000E+00
0.000E+00
0.000E+00
0.000E+00
0.000E+00
0.000E+00
1.911E-07
3.977E-06
2.016E-05
3.275E-05
3.515E-05
3.821E-05
4.632E-05
5.782E-05
5.997E-05
6.033E-05
6.478E-05
7.407E-05
8.720E-05
8.957E-05
9.513E-05
9.801E-05
1.162E-04
1.182E-04
1.298E-04
1.355E-04
1.556E-04
1.601E-04
1.670E-04
1.749E-04
1.942E-04
1.979E-04
2.023E-04
2.079E-04
2.079E-04
2.092E-04
2.114E-04
2.133E-04
2.185E-04
2.252E-04
2.277E-04
2.489E-04
2.800E-04
2.882E-04
2.935E-04
3.194E-04
3.615E-04
3.859E-04
3.877E-04
3.946E-04
3.995E-04
4.244E-04
4.283E-04
4.361E-04
4.516E-04
4.630E-04
4.704E-04
4.734E-04
2.5600E+01 0.000E+00
2.6600E+01 0.000E+00
2.7600E+01 0.000E+00
2.8600E+01 0.000E+00
2.9600E+01 0.000E+00
3.0600E+01 0.000E+00
3.1600E+01 0.000E+00
3.2600E+01 0.000E+00
3.3600E+01 0.000E+00
3.4600E+01 0.000E+00
4.0000E+01 0.000E+00
4.5000E+01 0.000E+00
5.0000E+01 0.000E+00
5.5000E+01 0.000E+00
6.0000E+01 0.000E+00
6.5000E+01 0.000E+00
7.0000E+01 0.000E+00
7.5000E+01 5.985E-06
8.0000E+01 3.148E-05
8.5000E+01 3.354E-05
1.0000E+02 7.139E-05
1.1000E+02 1.037E-04
1.2000E+02 1.743E-04
1.3000E+02 2.324E-04
1.4000E+02 3.442E-04
1.5000E+02 3.747E-04
1.6000E+02 4.164E-04
1.7000E+02 4.970E-04
1.8000E+02 4.984E-04
1.9000E+02 4.972E-04
2.1000E+02 5.573E-04
2.3000E+02 5.491E-04
2.5000E+02 4.767E-04
2.7000E+02 4.236E-04
2.9000E+02 4.010E-04
3.1000E+02 3.899E-04
3.3000E+02 3.637E-04
3.5000E+02 3.165E-04
3.7000E+02 2.848E-04
3.9000E+02 2.663E-04
4.3000E+02 2.311E-04
4.7000E+02 2.014E-04
5.1000E+02 1.780E-04
