0.000E+00
0.000E+00
0.000E+00
0.000E+00
0.000E+00
0.000E+00
0.000E+00
0.000E+00
0.000E+00
0.000E+00
0.000E+00
0.000E+00
0.000E+00
0.000E+00
0.000E+00
0.000E+00
0.000E+00
0.000E+00
0.000E+00
0.000E+00
0.000E+00
0.000E+00
0.000E+00
0.000E+00
0.000E+00
0.000E+00
0.000E+00
0.000E+00
0.000E+00
0.000E+00
0.000E+00
0.000E+00
0.000E+00
0.000E+00
4.288E-05
1.019E-04
2.129E-04
2.267E-04
2.367E-04
2.723E-04
3.241E-04
3.384E-04
3.476E-04
3.876E-04
4.138E-04
4.386E-04
4.627E-04
4.655E-04
4.956E-04
5.064E-04
5.383E-04
5.838E-04
6.113E-04
6.362E-04
6.464E-04
6.775E-04
7.087E-04
7.383E-04
8.041E-04
8.104E-04
8.907E-04
9.157E-04
9.339E-04
9.550E-04
1.036E-03
1.057E-03
1.071E-03
1.106E-03
1.140E-03
1.228E-03
1.237E-03
1.267E-03
1.272E-03
1.303E-03
1.372E-03
1.563E-03
1.725E-03
1.857E-03
1.870E-03
1.893E-03
2.075E-03
2.143E-03
2.171E-03
2.271E-03
2.292E-03
2.317E-03
2.5600E+01 0.000E+00
2.6600E+01 0.000E+00
2.7600E+01 0.000E+00
2.8600E+01 0.000E+00
2.9600E+01 0.000E+00
3.0600E+01 0.000E+00
3.1600E+01 0.000E+00
3.2600E+01 0.000E+00
3.3600E+01 0.000E+00
3.4600E+01 0.000E+00
4.0000E+01 0.000E+00
4.5000E+01 0.000E+00
5.0000E+01 0.000E+00
5.5000E+01 0.000E+00
6.0000E+01 0.000E+00
6.5000E+01 0.000E+00
7.0000E+01 0.000E+00
7.5000E+01 7.514E-06
8.0000E+01 2.253E-05
8.5000E+01 2.983E-05
1.0000E+02 7.640E-05
1.1000E+02 2.005E-04
1.2000E+02 2.669E-04
1.3000E+02 3.097E-04
1.4000E+02 4.033E-04
1.5000E+02 4.160E-04
1.6000E+02 4.835E-04
1.7000E+02 5.398E-04
1.8000E+02 5.249E-04
1.9000E+02 5.553E-04
2.1000E+02 6.335E-04
2.3000E+02 6.084E-04
2.5000E+02 5.330E-04
2.7000E+02 5.071E-04
2.9000E+02 4.980E-04
3.1000E+02 4.215E-04
3.3000E+02 3.158E-04
3.5000E+02 3.028E-04
3.7000E+02 2.898E-04
3.9000E+02 2.603E-04
4.3000E+02 2.075E-04
4.7000E+02 1.677E-04
5.1000E+02 1.397E-04
