1.171E-03
1.378E-03
1.610E-03
1.617E-03
1.880E-03
1.933E-03
2.138E-03
2.231E-03
2.379E-03
2.655E-03
2.664E-03
2.926E-03
2.998E-03
3.249E-03
3.395E-03
3.632E-03
3.882E-03
4.074E-03
4.482E-03
4.592E-03
5.223E-03
5.269E-03
6.003E-03
6.196E-03
6.978E-03
7.544E-03
8.186E-03
8.335E-03
9.277E-03
9.805E-03
1.043E-02
1.077E-02
1.175E-02
1.200E-02
1.337E-02
1.342E-02
1.503E-02
1.550E-02
1.713E-02
1.801E-02
1.973E-02
2.121E-02
2.278E-02
2.555E-02
2.670E-02
3.205E-02
3.508E-02
3.937E-02
4.359E-02
4.473E-02
4.883E-02
5.042E-02
5.547E-02
5.694E-02
6.260E-02
6.387E-02
7.207E-02
7.317E-02
7.481E-02
7.501E-02
8.474E-02
9.034E-02
1.032E-01
1.057E-01
1.108E-01
1.141E-01
1.373E-01
1.389E-01
1.401E-01
1.454E-01
1.498E-01
1.505E-01
1.524E-01
1.555E-01
1.589E-01
1.859E-01
2.180E-01
2.693E-01
2.927E-01
3.130E-01
3.182E-01
3.295E-01
3.541E-01
3.671E-01
3.682E-01
3.738E-01
2.5600E+01 2.257E-03
2.6600E+01 4.887E-03
2.7600E+01 8.020E-03
2.8600E+01 1.103E-02
2.9600E+01 1.415E-02
3.0600E+01 1.736E-02
3.1600E+01 1.994E-02
3.2600E+01 2.293E-02
3.3600E+01 2.561E-02
3.4600E+01 2.752E-02
4.0000E+01 3.659E-02
4.5000E+01 4.083E-02
5.0000E+01 4.293E-02
5.5000E+01 4.440E-02
6.0000E+01 4.353E-02
6.5000E+01 4.247E-02
7.0000E+01 4.076E-02
7.5000E+01 4.064E-02
8.0000E+01 3.832E-02
8.5000E+01 3.641E-02
1.0000E+02 3.250E-02
1.1000E+02 2.904E-02
1.2000E+02 2.690E-02
1.3000E+02 2.532E-02
1.4000E+02 2.214E-02
1.5000E+02 2.058E-02
1.6000E+02 1.907E-02
1.7000E+02 1.727E-02
1.8000E+02 1.610E-02
1.9000E+02 1.523E-02
2.1000E+02 1.289E-02
2.3000E+02 1.154E-02
2.5000E+02 9.989E-03
2.7000E+02 8.996E-03
2.9000E+02 8.170E-03
3.1000E+02 7.305E-03
3.3000E+02 6.530E-03
3.5000E+02 5.942E-03
3.7000E+02 5.506E-03
3.9000E+02 5.109E-03
4.3000E+02 4.254E-03
4.7000E+02 3.793E-03
5.1000E+02 3.281E-03
