0.000E+00
0.000E+00
0.000E+00
0.000E+00
0.000E+00
0.000E+00
0.000E+00
0.000E+00
0.000E+00
0.000E+00
0.000E+00
0.000E+00
0.000E+00
0.000E+00
0.000E+00
0.000E+00
0.000E+00
0.000E+00
0.000E+00
0.000E+00
0.000E+00
0.000E+00
0.000E+00
0.000E+00
0.000E+00
0.000E+00
0.000E+00
0.000E+00
0.000E+00
0.000E+00
1.444E-05
2.292E-05
7.113E-04
8.196E-04
9.858E-04
1.084E-03
1.172E-03
1.297E-03
1.302E-03
1.421E-03
1.490E-03
1.517E-03
1.652E-03
1.781E-03
1.802E-03
1.852E-03
1.889E-03
1.940E-03
1.993E-03
2.157E-03
2.307E-03
2.377E-03
2.483E-03
2.605E-03
2.784E-03
2.793E-03
2.968E-03
3.046E-03
3.153E-03
3.420E-03
3.453E-03
3.466E-03
3.596E-03
3.597E-03
3.657E-03
3.922E-03
4.178E-03
4.260E-03
4.316E-03
4.385E-03
4.532E-03
4.798E-03
4.830E-03
4.953E-03
4.966E-03
5.079E-03
5.344E-03
5.589E-03
5.910E-03
6.071E-03
6.233E-03
6.673E-03
6.992E-03
7.143E-03
7.166E-03
7.454E-03
2.5600E+01 0.000E+00
2.6600E+01 0.000E+00
2.7600E+01 0.000E+00
2.8600E+01 0.000E+00
2.9600E+01 0.000E+00
3.0600E+01 0.000E+00
3.1600E+01 0.000E+00
3.2600E+01 0.000E+00
3.3600E+01 0.000E+00
3.4600E+01 0.000E+00
4.0000E+01 0.000E+00
4.5000E+01 0.000E+00
5.0000E+01 0.000E+00
5.5000E+01 0.000E+00
6.0000E+01 0.000E+00
6.5000E+01 5.148E-07
7.0000E+01 1.473E-05
7.5000E+01 5.963E-05
8.0000E+01 1.032E-04
8.5000E+01 1.646E-04
1.0000E+02 3.685E-04
1.1000E+02 4.774E-04
1.2000E+02 6.110E-04
1.3000E+02 6.895E-04
1.4000E+02 7.401E-04
1.5000E+02 8.509E-04
1.6000E+02 1.032E-03
1.7000E+02 1.066E-03
1.8000E+02 1.093E-03
1.9000E+02 1.232E-03
2.1000E+02 1.236E-03
2.3000E+02 1.212E-03
2.5000E+02 1.187E-03
2.7000E+02 1.095E-03
2.9000E+02 1.017E-03
3.1000E+02 9.632E-04
3.3000E+02 8.951E-04
3.5000E+02 8.149E-04
3.7000E+02 7.399E-04
3.9000E+02 6.825E-04
4.3000E+02 6.106E-04
4.7000E+02 5.354E-04
5.1000E+02 4.675E-04
