1.190E-03
1.373E-03
1.526E-03
1.627E-03
1.788E-03
1.951E-03
2.105E-03
2.155E-03
2.394E-03
2.512E-03
2.674E-03
2.769E-03
3.006E-03
3.070E-03
3.401E-03
3.418E-03
3.824E-03
3.881E-03
4.314E-03
4.506E-03
4.907E-03
5.240E-03
5.677E-03
6.258E-03
6.574E-03
7.554E-03
7.827E-03
8.393E-03
9.349E-03
9.358E-03
1.038E-02
1.048E-02
1.148E-02
1.178E-02
1.287E-02
1.344E-02
1.450E-02
1.532E-02
1.653E-02
1.797E-02
1.897E-02
2.127E-02
2.218E-02
2.561E-02
2.637E-02
3.180E-02
3.560E-02
3.996E-02
4.441E-02
4.542E-02
5.020E-02
5.168E-02
5.712E-02
5.779E-02
6.370E-02
6.558E-02
7.015E-02
7.410E-02
7.563E-02
7.931E-02
8.506E-02
9.109E-02
9.268E-02
1.084E-01
1.111E-01
1.131E-01
1.391E-01
1.410E-01
1.429E-01
1.456E-01
1.498E-01
1.521E-01
1.564E-01
1.566E-01
1.588E-01
1.893E-01
2.455E-01
2.755E-01
2.989E-01
3.192E-01
3.249E-01
3.368E-01
3.690E-01
3.791E-01
3.862E-01
4.000E-01
2.5600E+01 2.567E-03
2.6600E+01 5.047E-03
2.7600E+01 8.449E-03
2.8600E+01 1.185E-02
2.9600E+01 1.457E-02
3.0600E+01 1.795E-02
3.1600E+01 2.011E-02
3.2600E+01 2.319E-02
3.3600E+01 2.590E-02
3.4600E+01 2.786E-02
4.0000E+01 3.694E-02
4.5000E+01 4.169E-02
5.0000E+01 4.391E-02
5.5000E+01 4.401E-02
6.0000E+01 4.483E-02
6.5000E+01 4.361E-02
7.0000E+01 4.244E-02
7.5000E+01 4.028E-02
8.0000E+01 3.814E-02
8.5000E+01 3.756E-02
1.0000E+02 3.166E-02
1.1000E+02 2.938E-02
1.2000E+02 2.703E-02
1.3000E+02 2.391E-02
1.4000E+02 2.299E-02
1.5000E+02 2.023E-02
1.6000E+02 1.885E-02
1.7000E+02 1.745E-02
1.8000E+02 1.578E-02
1.9000E+02 1.467E-02
2.1000E+02 1.280E-02
2.3000E+02 1.120E-02
2.5000E+02 9.867E-03
2.7000E+02 8.678E-03
2.9000E+02 7.891E-03
3.1000E+02 7.208E-03
3.3000E+02 6.498E-03
3.5000E+02 5.868E-03
3.7000E+02 5.390E-03
3.9000E+02 5.043E-03
4.3000E+02 4.356E-03
4.7000E+02 3.608E-03
5.1000E+02 3.325E-03
