0.000E+00
0.000E+00
0.000E+00
0.000E+00
0.000E+00
0.000E+00
0.000E+00
0.000E+00
0.000E+00
0.000E+00
0.000E+00
0.000E+00
0.000E+00
0.000E+00
0.000E+00
0.000E+00
0.000E+00
0.000E+00
0.000E+00
0.000E+00
0.000E+00
0.000E+00
0.000E+00
0.000E+00
0.000E+00
0.000E+00
0.000E+00
0.000E+00
0.000E+00
0.000E+00
0.000E+00
0.000E+00
0.000E+00
0.000E+00
7.277E-05
1.200E-04
1.982E-04
2.293E-04
2.293E-04
2.573E-04
3.011E-04
3.322E-04
3.464E-04
3.861E-04
4.236E-04
4.331E-04
4.719E-04
4.878E-04
5.001E-04
5.244E-04
5.496E-04
5.690E-04
6.151E-04
6.731E-04
7.070E-04
7.477E-04
7.812E-04
7.859E-04
8.820E-04
9.236E-04
9.397E-04
9.574E-04
9.625E-04
9.874E-04
1.065E-03
1.110E-03
1.117E-03
1.138E-03
1.158E-03
1.183E-03
1.185E-03
1.186E-03
1.223E-03
1.355E-03
1.579E-03
1.738E-03
1.857E-03
1.978E-03
2.019E-03
2.179E-03
2.228E-03
2.273E-03
2.307E-03
2.323E-03
2.339E-03
2.434E-03
2.5600E+01 0.000E+00
2.6600E+01 0.000E+00
2.7600E+01 0.000E+00
2.8600E+01 0.000E+00
2.9600E+01 0.000E+00
3.0600E+01 0.000E+00
3.1600E+01 0.000E+00
3.2600E+01 0.000E+00
3.3600E+01 0.000E+00
3.4600E+01 0.000E+00
4.0000E+01 0.000E+00
4.5000E+01 0.000E+00
5.0000E+01 0.000E+00
5.5000E+01 0.000E+00
6.0000E+01 0.000E+00
6.5000E+01 0.000E+00
7.0000E+01 0.000E+00
7.5000E+01 5.399E-05
8.0000E+01 4.575E-05
8.5000E+01 5.235E-05
1.0000E+02 8.419E-05
1.1000E+02 1.123E-04
1.2000E+02 1.269E-04
1.3000E+02 1.651E-04
1.4000E+02 1.830E-04
1.5000E+02 2.370E-04
1.6000E+02 2.667E-04
1.7000E+02 3.435E-04
1.8000E+02 3.385E-04
1.9000E+02 3.481E-04
2.1000E+02 3.577E-04
2.3000E+02 3.702E-04
2.5000E+02 3.593E-04
2.7000E+02 3.188E-04
2.9000E+02 3.116E-04
3.1000E+02 2.921E-04
3.3000E+02 2.653E-04
3.5000E+02 2.544E-04
3.7000E+02 2.336E-04
3.9000E+02 2.143E-04
4.3000E+02 1.828E-04
4.7000E+02 1.602E-04
5.1000E+02 1.410E-04
