0.000E+00
0.000E+00
0.000E+00
0.000E+00
0.000E+00
0.000E+00
0.000E+00
0.000E+00
0.000E+00
0.000E+00
0.000E+00
0.000E+00
0.000E+00
0.000E+00
0.000E+00
0.000E+00
0.000E+00
0.000E+00
0.000E+00
0.000E+00
0.000E+00
0.000E+00
0.000E+00
0.000E+00
0.000E+00
0.000E+00
0.000E+00
0.000E+00
0.000E+00
0.000E+00
3.047E-05
4.203E-05
8.289E-04
9.502E-04
1.045E-03
1.199E-03
1.278E-03
1.328E-03
1.384E-03
1.473E-03
1.497E-03
1.647E-03
1.655E-03
1.755E-03
1.876E-03
1.896E-03
1.963E-03
2.006E-03
2.089E-03
2.094E-03
2.197E-03
2.413E-03
2.448E-03
2.623E-03
2.638E-03
2.823E-03
2.868E-03
2.986E-03
3.159E-03
3.191E-03
3.358E-03
3.405E-03
3.498E-03
3.653E-03
3.692E-03
3.899E-03
3.964E-03
4.188E-03
4.195E-03
4.241E-03
4.424E-03
4.480E-03
4.509E-03
4.543E-03
4.611E-03
4.794E-03
4.826E-03
5.072E-03
5.363E-03
5.375E-03
5.676E-03
6.033E-03
6.110E-03
6.271E-03
6.444E-03
6.516E-03
2.5600E+01 0.000E+00
2.6600E+01 0.000E+00
2.7600E+01 0.000E+00
2.8600E+01 0.000E+00
2.9600E+01 0.000E+00
3.0600E+01 0.000E+00
3.1600E+01 0.000E+00
3.2600E+01 0.000E+00
3.3600E+01 0.000E+00
3.4600E+01 0.000E+00
4.0000E+01 0.000E+00
4.5000E+01 0.000E+00
5.0000E+01 0.000E+00
5.5000E+01 0.000E+00
6.0000E+01 0.000E+00
6.5000E+01 4.178E-05
7.0000E+01 8.397E-05
7.5000E+01 1.758E-04
8.0000E+01 1.362E-04
8.5000E+01 1.797E-04
1.0000E+02 3.657E-04
1.1000E+02 5.495E-04
1.2000E+02 8.126E-04
1.3000E+02 9.421E-04
1.4000E+02 1.212E-03
1.5000E+02 1.390E-03
1.6000E+02 1.298E-03
1.7000E+02 1.341E-03
1.8000E+02 1.357E-03
1.9000E+02 1.222E-03
2.1000E+02 1.133E-03
2.3000E+02 9.605E-04
2.5000E+02 9.146E-04
2.7000E+02 9.041E-04
2.9000E+02 8.872E-04
3.1000E+02 7.995E-04
3.3000E+02 7.794E-04
3.5000E+02 7.851E-04
3.7000E+02 7.129E-04
3.9000E+02 6.644E-04
4.3000E+02 5.862E-04
4.7000E+02 5.259E-04
5.1000E+02 4.643E-04
