0.000E+00
0.000E+00
0.000E+00
0.000E+00
0.000E+00
0.000E+00
0.000E+00
0.000E+00
0.000E+00
0.000E+00
0.000E+00
0.000E+00
0.000E+00
0.000E+00
0.000E+00
0.000E+00
0.000E+00
0.000E+00
0.000E+00
0.000E+00
0.000E+00
0.000E+00
0.000E+00
0.000E+00
0.000E+00
0.000E+00
0.000E+00
0.000E+00
0.000E+00
0.000E+00
3.045E-05
4.560E-05
7.999E-04
8.474E-04
9.855E-04
1.157E-03
1.213E-03
1.305E-03
1.380E-03
1.446E-03
1.505E-03
1.587E-03
1.682E-03
1.743E-03
1.865E-03
1.911E-03
2.059E-03
2.147E-03
2.150E-03
2.169E-03
2.298E-03
2.340E-03
2.561E-03
2.588E-03
2.847E-03
3.032E-03
3.045E-03
3.092E-03
3.362E-03
3.372E-03
3.449E-03
3.497E-03
3.709E-03
3.774E-03
3.851E-03
4.033E-03
4.071E-03
4.212E-03
4.281E-03
4.593E-03
4.597E-03
4.690E-03
4.795E-03
5.002E-03
5.009E-03
5.207E-03
5.357E-03
5.756E-03
5.844E-03
5.957E-03
6.403E-03
6.801E-03
6.990E-03
7.107E-03
7.130E-03
7.284E-03
2.5600E+01 0.000E+00
2.6600E+01 0.000E+00
2.7600E+01 0.000E+00
2.8600E+01 0.000E+00
2.9600E+01 0.000E+00
3.0600E+01 0.000E+00
3.1600E+01 0.000E+00
3.2600E+01 0.000E+00
3.3600E+01 0.000E+00
3.4600E+01 0.000E+00
4.0000E+01 0.000E+00
4.5000E+01 0.000E+00
5.0000E+01 0.000E+00
5.5000E+01 0.000E+00
6.0000E+01 0.000E+00
6.5000E+01 5.816E-05
7.0000E+01 2.668E-04
7.5000E+01 1.576E-04
8.0000E+01 1.686E-04
8.5000E+01 2.263E-04
1.0000E+02 4.768E-04
1.1000E+02 5.321E-04
1.2000E+02 6.733E-04
1.3000E+02 8.371E-04
1.4000E+02 9.493E-04
1.5000E+02 1.110E-03
1.6000E+02 1.257E-03
1.7000E+02 1.117E-03
1.8000E+02 1.217E-03
1.9000E+02 1.289E-03
2.1000E+02 1.135E-03
2.3000E+02 1.107E-03
2.5000E+02 9.982E-04
2.7000E+02 8.713E-04
2.9000E+02 7.923E-04
3.1000E+02 7.354E-04
3.3000E+02 6.788E-04
3.5000E+02 6.392E-04
3.7000E+02 6.152E-04
3.9000E+02 5.816E-04
4.3000E+02 4.981E-04
4.7000E+02 4.513E-04
5.1000E+02 3.908E-04
