0.000E+00
0.000E+00
0.000E+00
0.000E+00
0.000E+00
0.000E+00
0.000E+00
0.000E+00
0.000E+00
0.000E+00
0.000E+00
0.000E+00
0.000E+00
0.000E+00
0.000E+00
0.000E+00
0.000E+00
0.000E+00
0.000E+00
0.000E+00
0.000E+00
0.000E+00
0.000E+00
0.000E+00
0.000E+00
0.000E+00
0.000E+00
0.000E+00
0.000E+00
0.000E+00
3.175E-05
3.275E-05
8.009E-04
8.649E-04
9.660E-04
1.174E-03
1.213E-03
1.281E-03
1.352E-03
1.408E-03
1.489E-03
1.552E-03
1.642E-03
1.698E-03
1.765E-03
1.961E-03
2.017E-03
2.022E-03
2.103E-03
2.124E-03
2.141E-03
2.281E-03
2.360E-03
2.517E-03
2.724E-03
2.774E-03
2.785E-03
2.961E-03
2.967E-03
3.068E-03
3.209E-03
3.328E-03
3.456E-03
3.588E-03
3.652E-03
3.692E-03
3.875E-03
3.956E-03
4.122E-03
4.291E-03
4.325E-03
4.563E-03
4.564E-03
4.756E-03
4.851E-03
4.891E-03
4.970E-03
5.175E-03
5.295E-03
5.529E-03
5.654E-03
5.943E-03
6.319E-03
6.613E-03
6.672E-03
6.699E-03
2.5600E+01 0.000E+00
2.6600E+01 0.000E+00
2.7600E+01 0.000E+00
2.8600E+01 0.000E+00
2.9600E+01 0.000E+00
3.0600E+01 0.000E+00
3.1600E+01 0.000E+00
3.2600E+01 0.000E+00
3.3600E+01 0.000E+00
3.4600E+01 0.000E+00
4.0000E+01 0.000E+00
4.5000E+01 0.000E+00
5.0000E+01 0.000E+00
5.5000E+01 0.000E+00
6.0000E+01 0.000E+00
6.5000E+01 5.478E-05
7.0000E+01 9.576E-05
7.5000E+01 6.714E-05
8.0000E+01 1.059E-04
8.5000E+01 1.495E-04
1.0000E+02 3.035E-04
1.1000E+02 3.545E-04
1.2000E+02 4.383E-04
1.3000E+02 5.623E-04
1.4000E+02 5.720E-04
1.5000E+02 7.005E-04
1.6000E+02 7.259E-04
1.7000E+02 6.986E-04
1.8000E+02 7.858E-04
1.9000E+02 8.113E-04
2.1000E+02 7.962E-04
2.3000E+02 7.099E-04
2.5000E+02 6.431E-04
2.7000E+02 5.659E-04
2.9000E+02 5.201E-04
3.1000E+02 4.772E-04
3.3000E+02 4.368E-04
3.5000E+02 4.081E-04
3.7000E+02 3.918E-04
3.9000E+02 3.738E-04
4.3000E+02 2.978E-04
4.7000E+02 2.738E-04
5.1000E+02 2.473E-04
