0.000E+00
0.000E+00
0.000E+00
0.000E+00
0.000E+00
0.000E+00
0.000E+00
0.000E+00
0.000E+00
0.000E+00
0.000E+00
0.000E+00
0.000E+00
0.000E+00
0.000E+00
0.000E+00
0.000E+00
0.000E+00
0.000E+00
0.000E+00
0.000E+00
0.000E+00
0.000E+00
0.000E+00
0.000E+00
0.000E+00
0.000E+00
0.000E+00
0.000E+00
0.000E+00
0.000E+00
0.000E+00
0.000E+00
0.000E+00
1.587E-06
3.186E-06
3.198E-05
5.546E-05
9.118E-05
9.712E-05
1.012E-04
1.105E-04
1.360E-04
1.436E-04
1.564E-04
1.730E-04
1.749E-04
1.808E-04
1.901E-04
1.973E-04
2.227E-04
2.351E-04
2.531E-04
2.711E-04
2.731E-04
2.880E-04
3.099E-04
3.160E-04
3.201E-04
3.441E-04
3.513E-04
3.766E-04
3.824E-04
4.108E-04
4.120E-04
4.451E-04
4.478E-04
4.519E-04
5.078E-04
5.085E-04
5.473E-04
5.766E-04
5.927E-04
5.993E-04
5.998E-04
6.189E-04
6.738E-04
6.767E-04
6.783E-04
6.788E-04
7.087E-04
7.547E-04
7.715E-04
7.864E-04
7.996E-04
8.093E-04
2.5600E+01 0.000E+00
2.6600E+01 0.000E+00
2.7600E+01 0.000E+00
2.8600E+01 0.000E+00
2.9600E+01 0.000E+00
3.0600E+01 0.000E+00
3.1600E+01 0.000E+00
3.2600E+01 0.000E+00
3.3600E+01 0.000E+00
3.4600E+01 0.000E+00
4.0000E+01 0.000E+00
4.5000E+01 0.000E+00
5.0000E+01 0.000E+00
5.5000E+01 0.000E+00
6.0000E+01 0.000E+00
6.5000E+01 0.000E+00
7.0000E+01 0.000E+00
7.5000E+01 8.973E-07
8.0000E+01 9.980E-06
8.5000E+01 7.095E-05
1.0000E+02 2.481E-05
1.1000E+02 3.548E-05
1.2000E+02 5.417E-05
1.3000E+02 1.012E-04
1.4000E+02 9.657E-05
1.5000E+02 9.853E-05
1.6000E+02 1.137E-04
1.7000E+02 9.955E-05
1.8000E+02 1.135E-04
1.9000E+02 1.161E-04
2.1000E+02 1.198E-04
2.3000E+02 1.425E-04
2.5000E+02 1.617E-04
2.7000E+02 1.931E-04
2.9000E+02 2.079E-04
3.1000E+02 2.089E-04
3.3000E+02 2.117E-04
3.5000E+02 2.268E-04
3.7000E+02 2.460E-04
3.9000E+02 2.464E-04
4.3000E+02 1.741E-04
4.7000E+02 2.001E-04
5.1000E+02 1.817E-04
