0.000E+00
0.000E+00
0.000E+00
0.000E+00
0.000E+00
0.000E+00
0.000E+00
0.000E+00
0.000E+00
0.000E+00
0.000E+00
0.000E+00
0.000E+00
0.000E+00
0.000E+00
0.000E+00
0.000E+00
0.000E+00
0.000E+00
0.000E+00
0.000E+00
0.000E+00
0.000E+00
0.000E+00
0.000E+00
0.000E+00
0.000E+00
0.000E+00
0.000E+00
0.000E+00
9.770E-06
1.452E-05
9.264E-04
1.047E-03
1.127E-03
1.247E-03
1.347E-03
1.348E-03
1.484E-03
1.513E-03
1.647E-03
1.657E-03
1.823E-03
1.868E-03
1.869E-03
1.976E-03
2.013E-03
2.028E-03
2.094E-03
2.234E-03
2.261E-03
2.478E-03
2.590E-03
2.738E-03
2.743E-03
2.994E-03
3.018E-03
3.226E-03
3.336E-03
3.340E-03
3.400E-03
3.492E-03
3.516E-03
3.533E-03
3.608E-03
3.703E-03
4.025E-03
4.038E-03
4.071E-03
4.351E-03
4.517E-03
4.541E-03
4.566E-03
4.584E-03
4.714E-03
4.832E-03
5.268E-03
5.302E-03
5.327E-03
5.619E-03
5.642E-03
5.761E-03
6.212E-03
6.369E-03
6.487E-03
6.538E-03
2.5600E+01 0.000E+00
2.6600E+01 0.000E+00
2.7600E+01 0.000E+00
2.8600E+01 0.000E+00
2.9600E+01 0.000E+00
3.0600E+01 0.000E+00
3.1600E+01 0.000E+00
3.2600E+01 0.000E+00
3.3600E+01 0.000E+00
3.4600E+01 0.000E+00
4.0000E+01 0.000E+00
4.5000E+01 0.000E+00
5.0000E+01 0.000E+00
5.5000E+01 0.000E+00
6.0000E+01 0.000E+00
6.5000E+01 8.566E-07
7.0000E+01 1.139E-05
7.5000E+01 2.934E-05
8.0000E+01 8.390E-05
8.5000E+01 1.110E-04
1.0000E+02 1.683E-04
1.1000E+02 2.452E-04
1.2000E+02 2.664E-04
1.3000E+02 2.974E-04
1.4000E+02 3.324E-04
1.5000E+02 3.197E-04
1.6000E+02 2.694E-04
1.7000E+02 3.179E-04
1.8000E+02 3.700E-04
1.9000E+02 3.652E-04
2.1000E+02 3.302E-04
2.3000E+02 3.394E-04
2.5000E+02 3.524E-04
2.7000E+02 3.612E-04
2.9000E+02 3.524E-04
3.1000E+02 3.274E-04
3.3000E+02 2.965E-04
3.5000E+02 2.669E-04
3.7000E+02 2.412E-04
3.9000E+02 2.206E-04
4.3000E+02 1.928E-04
4.7000E+02 1.794E-04
5.1000E+02 1.668E-04
