1.172E-03
1.365E-03
1.481E-03
1.613E-03
1.727E-03
1.938E-03
2.043E-03
2.152E-03
2.377E-03
2.448E-03
2.635E-03
2.674E-03
2.972E-03
2.976E-03
3.320E-03
3.373E-03
3.728E-03
3.849E-03
4.220E-03
4.445E-03
4.810E-03
5.204E-03
5.528E-03
6.170E-03
6.451E-03
7.424E-03
7.657E-03
8.225E-03
9.163E-03
9.238E-03
1.019E-02
1.023E-02
1.138E-02
1.161E-02
1.273E-02
1.322E-02
1.442E-02
1.521E-02
1.641E-02
1.782E-02
1.894E-02
2.096E-02
2.208E-02
2.537E-02
2.612E-02
3.152E-02
3.514E-02
3.982E-02
4.396E-02
4.495E-02
4.984E-02
5.106E-02
5.693E-02
5.727E-02
6.344E-02
6.430E-02
6.947E-02
7.325E-02
7.460E-02
7.515E-02
8.498E-02
8.956E-02
9.233E-02
1.068E-01
1.110E-01
1.173E-01
1.371E-01
1.377E-01
1.380E-01
1.425E-01
1.479E-01
1.493E-01
1.536E-01
1.538E-01
1.569E-01
1.909E-01
2.329E-01
2.745E-01
2.935E-01
3.160E-01
3.388E-01
3.430E-01
3.654E-01
3.714E-01
3.750E-01
3.826E-01
2.5600E+01 2.437E-03
2.6600E+01 5.259E-03
2.7600E+01 8.119E-03
2.8600E+01 1.129E-02
2.9600E+01 1.441E-02
3.0600E+01 1.789E-02
3.1600E+01 2.063E-02
3.2600E+01 2.302E-02
3.3600E+01 2.531E-02
3.4600E+01 2.772E-02
4.0000E+01 3.740E-02
4.5000E+01 4.085E-02
5.0000E+01 4.320E-02
5.5000E+01 4.460E-02
6.0000E+01 4.453E-02
6.5000E+01 4.299E-02
7.0000E+01 4.057E-02
7.5000E+01 3.956E-02
8.0000E+01 3.904E-02
8.5000E+01 3.648E-02
1.0000E+02 3.141E-02
1.1000E+02 2.898E-02
1.2000E+02 2.706E-02
1.3000E+02 2.417E-02
1.4000E+02 2.227E-02
1.5000E+02 2.092E-02
1.6000E+02 1.815E-02
1.7000E+02 1.779E-02
1.8000E+02 1.622E-02
1.9000E+02 1.479E-02
2.1000E+02 1.298E-02
2.3000E+02 1.148E-02
2.5000E+02 1.001E-02
2.7000E+02 9.019E-03
2.9000E+02 8.389E-03
3.1000E+02 7.498E-03
3.3000E+02 6.482E-03
3.5000E+02 6.138E-03
3.7000E+02 5.790E-03
3.9000E+02 5.319E-03
4.3000E+02 4.494E-03
4.7000E+02 3.870E-03
5.1000E+02 3.405E-03
