0.000E+00
0.000E+00
0.000E+00
0.000E+00
0.000E+00
0.000E+00
0.000E+00
0.000E+00
0.000E+00
0.000E+00
0.000E+00
0.000E+00
0.000E+00
0.000E+00
0.000E+00
0.000E+00
0.000E+00
0.000E+00
0.000E+00
0.000E+00
0.000E+00
0.000E+00
0.000E+00
0.000E+00
0.000E+00
0.000E+00
0.000E+00
0.000E+00
0.000E+00
0.000E+00
1.463E-05
3.789E-05
8.498E-04
8.919E-04
1.042E-03
1.253E-03
1.299E-03
1.377E-03
1.386E-03
1.515E-03
1.543E-03
1.668E-03
1.764E-03
1.771E-03
1.912E-03
1.971E-03
2.089E-03
2.169E-03
2.197E-03
2.204E-03
2.301E-03
2.361E-03
2.537E-03
2.605E-03
2.870E-03
2.942E-03
3.027E-03
3.087E-03
3.153E-03
3.378E-03
3.382E-03
3.483E-03
3.704E-03
3.736E-03
3.849E-03
3.978E-03
4.076E-03
4.148E-03
4.223E-03
4.555E-03
4.572E-03
4.574E-03
4.717E-03
4.844E-03
4.951E-03
5.081E-03
5.241E-03
5.458E-03
5.531E-03
5.727E-03
6.190E-03
6.531E-03
6.765E-03
6.769E-03
6.837E-03
6.960E-03
2.5600E+01 0.000E+00
2.6600E+01 0.000E+00
2.7600E+01 0.000E+00
2.8600E+01 0.000E+00
2.9600E+01 0.000E+00
3.0600E+01 0.000E+00
3.1600E+01 0.000E+00
3.2600E+01 0.000E+00
3.3600E+01 0.000E+00
3.4600E+01 0.000E+00
4.0000E+01 0.000E+00
4.5000E+01 0.000E+00
5.0000E+01 0.000E+00
5.5000E+01 0.000E+00
6.0000E+01 0.000E+00
6.5000E+01 3.114E-05
7.0000E+01 1.248E-04
7.5000E+01 7.024E-05
8.0000E+01 1.303E-04
8.5000E+01 1.904E-04
1.0000E+02 3.189E-04
1.1000E+02 3.714E-04
1.2000E+02 4.724E-04
1.3000E+02 5.880E-04
1.4000E+02 6.145E-04
1.5000E+02 7.342E-04
1.6000E+02 7.594E-04
1.7000E+02 7.205E-04
1.8000E+02 8.151E-04
1.9000E+02 8.487E-04
2.1000E+02 7.702E-04
2.3000E+02 7.382E-04
2.5000E+02 6.873E-04
2.7000E+02 6.061E-04
2.9000E+02 5.562E-04
3.1000E+02 5.108E-04
3.3000E+02 4.678E-04
3.5000E+02 4.377E-04
3.7000E+02 4.208E-04
3.9000E+02 3.997E-04
4.3000E+02 3.321E-04
4.7000E+02 2.932E-04
5.1000E+02 2.666E-04
