0.000E+00
0.000E+00
0.000E+00
0.000E+00
0.000E+00
0.000E+00
0.000E+00
0.000E+00
0.000E+00
0.000E+00
0.000E+00
0.000E+00
0.000E+00
0.000E+00
0.000E+00
0.000E+00
0.000E+00
0.000E+00
0.000E+00
0.000E+00
0.000E+00
0.000E+00
0.000E+00
0.000E+00
0.000E+00
0.000E+00
0.000E+00
0.000E+00
0.000E+00
0.000E+00
0.000E+00
0.000E+00
0.000E+00
0.000E+00
5.979E-05
1.196E-04
2.429E-04
2.639E-04
2.953E-04
3.028E-04
3.497E-04
3.656E-04
3.930E-04
4.384E-04
4.879E-04
5.216E-04
5.756E-04
6.020E-04
6.364E-04
6.531E-04
6.685E-04
6.736E-04
7.287E-04
7.675E-04
8.383E-04
9.077E-04
9.621E-04
1.000E-03
1.032E-03
1.041E-03
1.157E-03
1.206E-03
1.208E-03
1.219E-03
1.280E-03
1.282E-03
1.283E-03
1.294E-03
1.307E-03
1.307E-03
1.357E-03
1.391E-03
1.544E-03
1.788E-03
1.940E-03
2.189E-03
2.278E-03
2.504E-03
2.578E-03
2.667E-03
2.825E-03
2.914E-03
2.943E-03
2.948E-03
2.960E-03
2.989E-03
2.5600E+01 0.000E+00
2.6600E+01 0.000E+00
2.7600E+01 0.000E+00
2.8600E+01 0.000E+00
2.9600E+01 0.000E+00
3.0600E+01 0.000E+00
3.1600E+01 0.000E+00
3.2600E+01 0.000E+00
3.3600E+01 0.000E+00
3.4600E+01 0.000E+00
4.0000E+01 0.000E+00
4.5000E+01 0.000E+00
5.0000E+01 0.000E+00
5.5000E+01 0.000E+00
6.0000E+01 0.000E+00
6.5000E+01 0.000E+00
7.0000E+01 0.000E+00
7.5000E+01 1.812E-05
8.0000E+01 6.935E-05
8.5000E+01 8.958E-05
1.0000E+02 7.339E-05
1.1000E+02 6.795E-05
1.2000E+02 8.822E-05
1.3000E+02 1.209E-04
1.4000E+02 1.677E-04
1.5000E+02 1.770E-04
1.6000E+02 1.972E-04
1.7000E+02 1.869E-04
1.8000E+02 2.133E-04
1.9000E+02 2.183E-04
2.1000E+02 2.432E-04
2.3000E+02 2.364E-04
2.5000E+02 2.387E-04
2.7000E+02 2.707E-04
2.9000E+02 2.876E-04
3.1000E+02 2.868E-04
3.3000E+02 2.849E-04
3.5000E+02 2.966E-04
3.7000E+02 3.143E-04
3.9000E+02 3.092E-04
4.3000E+02 2.543E-04
4.7000E+02 2.548E-04
5.1000E+02 2.282E-04
