1.178E-03
1.376E-03
1.477E-03
1.626E-03
1.723E-03
1.974E-03
2.034E-03
2.144E-03
2.386E-03
2.434E-03
2.668E-03
2.686E-03
2.976E-03
3.001E-03
3.312E-03
3.400E-03
3.723E-03
3.895E-03
4.219E-03
4.502E-03
4.805E-03
5.254E-03
5.530E-03
6.194E-03
6.452E-03
7.489E-03
7.577E-03
8.265E-03
9.147E-03
9.192E-03
1.014E-02
1.030E-02
1.131E-02
1.160E-02
1.269E-02
1.321E-02
1.431E-02
1.526E-02
1.636E-02
1.773E-02
1.882E-02
2.120E-02
2.192E-02
2.546E-02
2.618E-02
3.156E-02
3.507E-02
3.950E-02
4.378E-02
4.471E-02
4.971E-02
5.103E-02
5.648E-02
5.714E-02
6.315E-02
6.480E-02
6.873E-02
7.307E-02
7.390E-02
7.477E-02
8.475E-02
8.956E-02
9.188E-02
1.052E-01
1.093E-01
1.162E-01
1.348E-01
1.363E-01
1.384E-01
1.410E-01
1.460E-01
1.469E-01
1.510E-01
1.521E-01
1.559E-01
1.873E-01
2.318E-01
2.709E-01
2.900E-01
3.134E-01
3.365E-01
3.371E-01
3.635E-01
3.658E-01
3.709E-01
3.751E-01
2.5600E+01 2.426E-03
2.6600E+01 5.221E-03
2.7600E+01 7.997E-03
2.8600E+01 1.114E-02
2.9600E+01 1.426E-02
3.0600E+01 1.781E-02
3.1600E+01 2.031E-02
3.2600E+01 2.273E-02
3.3600E+01 2.517E-02
3.4600E+01 2.748E-02
4.0000E+01 3.661E-02
4.5000E+01 4.173E-02
5.0000E+01 4.306E-02
5.5000E+01 4.482E-02
6.0000E+01 4.367E-02
6.5000E+01 4.305E-02
7.0000E+01 4.229E-02
7.5000E+01 3.944E-02
8.0000E+01 3.785E-02
8.5000E+01 3.732E-02
1.0000E+02 3.270E-02
1.1000E+02 3.065E-02
1.2000E+02 2.642E-02
1.3000E+02 2.490E-02
1.4000E+02 2.230E-02
1.5000E+02 2.062E-02
1.6000E+02 1.951E-02
1.7000E+02 1.723E-02
1.8000E+02 1.656E-02
1.9000E+02 1.543E-02
2.1000E+02 1.310E-02
2.3000E+02 1.166E-02
2.5000E+02 1.037E-02
2.7000E+02 9.075E-03
2.9000E+02 8.174E-03
3.1000E+02 7.588E-03
3.3000E+02 6.911E-03
3.5000E+02 6.109E-03
3.7000E+02 5.442E-03
3.9000E+02 5.337E-03
4.3000E+02 4.552E-03
4.7000E+02 3.901E-03
5.1000E+02 3.400E-03
