0.000E+00
0.000E+00
0.000E+00
0.000E+00
0.000E+00
0.000E+00
0.000E+00
0.000E+00
0.000E+00
0.000E+00
0.000E+00
0.000E+00
0.000E+00
0.000E+00
0.000E+00
0.000E+00
0.000E+00
0.000E+00
0.000E+00
0.000E+00
0.000E+00
0.000E+00
0.000E+00
0.000E+00
0.000E+00
0.000E+00
0.000E+00
0.000E+00
0.000E+00
0.000E+00
1.778E-05
2.545E-05
7.742E-04
8.910E-04
1.043E-03
1.072E-03
1.218E-03
1.310E-03
1.399E-03
1.509E-03
1.513E-03
1.568E-03
1.720E-03
1.771E-03
1.885E-03
1.910E-03
1.951E-03
2.007E-03
2.111E-03
2.115E-03
2.334E-03
2.397E-03
2.606E-03
2.674E-03
2.749E-03
3.007E-03
3.025E-03
3.040E-03
3.323E-03
3.400E-03
3.460E-03
3.497E-03
3.674E-03
3.684E-03
3.741E-03
3.864E-03
4.079E-03
4.139E-03
4.414E-03
4.427E-03
4.640E-03
4.771E-03
4.890E-03
4.913E-03
5.073E-03
5.258E-03
5.354E-03
5.780E-03
6.055E-03
6.079E-03
6.461E-03
6.579E-03
6.905E-03
6.998E-03
7.136E-03
7.399E-03
2.5600E+01 0.000E+00
2.6600E+01 0.000E+00
2.7600E+01 0.000E+00
2.8600E+01 0.000E+00
2.9600E+01 0.000E+00
3.0600E+01 0.000E+00
3.1600E+01 0.000E+00
3.2600E+01 0.000E+00
3.3600E+01 0.000E+00
3.4600E+01 0.000E+00
4.0000E+01 0.000E+00
4.5000E+01 0.000E+00
5.0000E+01 0.000E+00
5.5000E+01 0.000E+00
6.0000E+01 0.000E+00
6.5000E+01 7.532E-07
7.0000E+01 1.185E-05
7.5000E+01 4.229E-05
8.0000E+01 9.278E-05
8.5000E+01 1.606E-04
1.0000E+02 2.761E-04
1.1000E+02 4.406E-04
1.2000E+02 4.669E-04
1.3000E+02 5.309E-04
1.4000E+02 5.551E-04
1.5000E+02 6.756E-04
1.6000E+02 6.713E-04
1.7000E+02 6.492E-04
1.8000E+02 8.241E-04
1.9000E+02 7.366E-04
2.1000E+02 7.003E-04
2.3000E+02 7.615E-04
2.5000E+02 7.410E-04
2.7000E+02 6.812E-04
2.9000E+02 6.343E-04
3.1000E+02 6.115E-04
3.3000E+02 5.804E-04
3.5000E+02 5.237E-04
3.7000E+02 4.702E-04
3.9000E+02 4.692E-04
4.3000E+02 4.037E-04
4.7000E+02 3.464E-04
5.1000E+02 3.011E-04
